Gain: 21  Zoff: 289 333 199 195
;LTK 0m_05092017
09MAY2017  15:00:03  Gain: 21  Zoff: 289 333 199 195
No   Time    G  PAR    F1   F2   F3   F4   Fm1  Fm2  Fm3  Fm4    Y1   Y2   Y3   Y4
 1 15:09:26 21   64    76   94   71   87   173  205  145  178  0.56 0.54 0.51 0.51

09MAY2017  15:09:32  Gain: 21  Zoff: 289 333 199 195
No   Time    G  PAR    F1   F2   F3   F4   Fm1  Fm2  Fm3  Fm4    Y1   Y2   Y3   Y4
 1 15:09:32 21   64    78   94   73   89   177  206  135  191  0.56 0.54 0.46 0.53
 2 15:09:54 21   16    72   85   69   85   192  188  151  193  0.63 0.55 0.54 0.56
 3 15:10:14 21   64    75   94   72   88   172  206  150  188  0.56 0.54 0.52 0.53
 4 15:10:35 21  128   131  167   21   83   161  205  138  184  0.19 0.19 0.85 0.55
 5 15:10:55 21  192    86  101   79   97   171  202  143  183  0.50 0.50 0.45 0.47
 6 15:11:15 21  256    81   99   78   96   144  196  130  174  0.44 0.49 0.40 0.45
 7 15:11:35 21  320    79   98   78   96   152  188  128  163  0.48 0.48 0.39 0.41
 8 15:11:56 21  384    79   98   79   97   134  188  120  165  0.41 0.48 0.34 0.41
 9 15:12:16 21  448    76   97   81   99   131  174  128  166  0.42 0.44 0.37 0.40
10 15:12:36 21  512    78   97   84  101   133  176  122  165  0.41 0.45 0.31 0.39
11 15:12:57 21  576    81   99   86  103   133  179  129  165  0.39 0.45 0.33 0.38
12 15:13:17 21  640    83  100   87  105   126  174  124  163  0.34 0.43 0.30 0.36
13 15:13:37 21  704    81   99   87  105   119  170  130  153  0.32 0.42 0.33 0.31
14 15:13:57 21  832    84  100   91  109   126  162  127  160  0.33 0.38 0.28 0.32
;            Ch1    Ch2    Ch3    Ch4      blue   green  brown
;  alpha:   1.036  0.879  1.149  1.330     1.254 -0.000  1.086
; ETRmax:  1084.6  442.0 1154.3 1205.5     550.9    0.0  664.0
;     Ik:  1046.8  502.7 1004.8  906.5     439.2    0.0  611.5
;References: BL_US PMDA0174.REF2 GR_US PMDA0174.REF2 BR_US PMDA0174.REF2

;LTK 10m_05092017

09MAY2017  15:15:56  Gain: 21  Zoff: 289 333 199 195
No   Time    G  PAR    F1   F2   F3   F4   Fm1  Fm2  Fm3  Fm4    Y1   Y2   Y3   Y4
 1 15:16:32 21   64    82   55   76   94   291  240  201  259  0.72 0.77 0.62 0.64

09MAY2017  15:16:39  Gain: 21  Zoff: 289 333 199 195
No   Time    G  PAR    F1   F2   F3   F4   Fm1  Fm2  Fm3  Fm4    Y1   Y2   Y3   Y4
 1 15:16:40 21   64   121   81   89  112   339  248  200  270  0.64 0.67 0.56 0.59
 2 15:17:01 21   16    65   40   66   81   196  143  157  198  0.67 0.72 0.58 0.59
 3 15:17:21 21   64    57   41   62   77   166  153  136  179  0.66 0.73 0.54 0.57
 4 15:17:42 21  128    69   57   56   75   180  159  147  190  0.62 0.64 0.62 0.61
 5 15:18:02 21  192    67   49   71   87   159  144  142  186  0.58 0.66 0.50 0.53
 6 15:18:22 21  256    62   45   69   85   147  136  128  166  0.58 0.67 0.46 0.49
 7 15:18:43 21  320    69   49   76   93   159  143  135  179  0.57 0.66 0.44 0.48
 8 15:19:03 21  384    85   58   89  107   156  142  146  183  0.46 0.59 0.39 0.42
 9 15:19:23 21  448    73   51   80   98   138  125  127  174  0.47 0.59 0.37 0.44
10 15:19:43 21  512    71   49   81   99   135  136  130  171  0.47 0.64 0.38 0.42
11 15:20:04 21  576    71   51   82  101   137  125  131  168  0.48 0.59 0.37 0.40
12 15:20:24 21  640    75   53   84  103   123  122  127  165  0.39 0.57 0.34 0.38
13 15:20:44 21  704    73   49   86  105   124  122  131  163  0.41 0.60 0.34 0.36
14 15:21:05 21  832    73   48   89  107   119  113  132  167  0.39 0.58 0.33 0.36
;            Ch1    Ch2    Ch3    Ch4      blue   green  brown
;  alpha:   1.571  1.530  1.310  1.386     2.111  1.649  1.538
; ETRmax:  1144.4 3457.6 1234.6 1433.6     243.8 2371.2 2762658.
;     Ik:   728.5 2259.4  942.6 1034.4     115.5 1438.3 1796132.
;References: BL_US PMDA0174.REF2 GR_US PMDA0174.REF2 BR_US PMDA0174.REF2

;LTK 20m_05092017

09MAY2017  15:24:04  Gain: 21  Zoff: 289 333 199 195
No   Time    G  PAR    F1   F2   F3   F4   Fm1  Fm2  Fm3  Fm4    Y1   Y2   Y3   Y4
 1 15:24:39 21   64    54   51   60   76   192  178  157  206  0.72 0.71 0.62 0.63

09MAY2017  15:24:46  Gain: 21  Zoff: 289 333 199 195
No   Time    G  PAR    F1   F2   F3   F4   Fm1  Fm2  Fm3  Fm4    Y1   Y2   Y3   Y4
 1 15:24:46 21   64    53   50   62   78   195  183  166  210  0.73 0.73 0.63 0.63
 2 15:25:08 21   16    43   40   53   66   177  149  137  177  0.76 0.73 0.61 0.63
 3 15:25:28 21   64    44   44   53   67   176  177  152  197  0.75 0.75 0.65 0.66
 4 15:25:48 21  128    44   50   55   70   173  178  142  186  0.75 0.72 0.61 0.62
 5 15:26:09 21  192    60   59   68   85   184  197  165  200  0.67 0.70 0.59 0.57
 6 15:26:29 21  256    61   59   70   87   150  169  130  176  0.59 0.65 0.46 0.51
 7 15:26:49 21  320    52   54   65   81   150  168  135  174  0.65 0.68 0.52 0.53
 8 15:27:10 21  384    64   59   75   92   153  168  146  184  0.58 0.65 0.49 0.50
 9 15:27:30 21  448    64   60   78   97   151  158  136  174  0.58 0.62 0.43 0.44
10 15:27:50 21  512    66   62   82  101   152  162  145  177  0.57 0.62 0.43 0.43
11 15:28:10 21  576    79   68   92  111   154  168  142  181  0.49 0.60 0.35 0.39
12 15:28:31 21  640    83   69   95  113   164  161  145  191  0.49 0.57 0.34 0.41
13 15:28:51 21  704    77   67   90  108   135  150  139  164  0.43 0.55 0.35 0.34
14 15:29:11 21  832    73   65   88  106   128  146  132  167  0.43 0.55 0.33 0.37
;            Ch1    Ch2    Ch3    Ch4      blue   green  brown
;  alpha:   1.780  1.713  1.657  1.629     1.422 -0.000  1.758
; ETRmax:   895.1 3503.7 1048.9 1211.5     644.9    0.0 1481.8
;     Ik:   502.8 2045.3  633.1  743.7     453.5    0.0  843.1
;References: BL_US PMDA0174.REF2 GR_US PMDA0174.REF2 BR_US PMDA0174.REF2

;LTK 30m_05092017

09MAY2017  15:35:25  Gain: 21  Zoff: 289 333 199 195
No   Time    G  PAR    F1   F2   F3   F4   Fm1  Fm2  Fm3  Fm4    Y1   Y2   Y3   Y4
 1 15:35:37 21   64    35  105   51   65   150  297  134  180  0.77 0.65 0.62 0.64

09MAY2017  15:35:45  Gain: 21  Zoff: 289 333 199 195
No   Time    G  PAR    F1   F2   F3   F4   Fm1  Fm2  Fm3  Fm4    Y1   Y2   Y3   Y4
 1 15:35:45 21   64    35  104   53   67   161  289  138  182  0.78 0.64 0.62 0.63
 2 15:36:07 21   16    33   96   49   62   192  274  141  192  0.83 0.65 0.65 0.68
 3 15:36:27 21   64    36  105   50   64   168  295  146  185  0.79 0.64 0.66 0.65
 4 15:36:47 21  128    35  107   52   67   159  309  138  185  0.78 0.65 0.62 0.64
 5 15:37:07 21  192    53  126   43  125   161  303  136  177  0.67 0.58 0.68 0.29
 6 15:37:28 21  256    50  119   62   80   155  289  134  175  0.68 0.59 0.54 0.54
 7 15:37:48 21  320    44  118   60   77   136  288  129  175  0.68 0.59 0.53 0.56
 8 15:38:08 21  384    54  124   67   85   138  287  135  183  0.61 0.57 0.50 0.54
 9 15:38:29 21  448    56  126   69   87   137  280  133  179  0.59 0.55 0.48 0.51
10 15:38:49 21  512    56  127   71   89   139  275  138  175  0.60 0.54 0.49 0.49
11 15:39:09 21  576    58  130   74   93   135  277  131  172  0.57 0.53 0.44 0.46
12 15:39:29 21  640    61  134   76   95   133  275  122  164  0.54 0.51 0.38 0.42
13 15:39:50 21  704    57  133   76   94   115  266  128  162  0.50 0.50 0.41 0.42
14 15:40:10 21  832    60  137   79   99   125  252  136  162  0.52 0.46 0.42 0.39
;            Ch1    Ch2    Ch3    Ch4      blue   green  brown
;  alpha:   1.852  1.319  1.688  1.385     1.114 -0.000  1.625
; ETRmax:  2284.1  868.8 1400.6 2190.0     738.4    0.0 1741.5
;     Ik:  1233.2  658.9  829.9 1581.0     662.9    0.0 1071.4
;References: BL_US PMDA0174.REF2 GR_US PMDA0174.REF2 BR_US PMDA0174.REF2

;LTK 40m_05092017

09MAY2017  15:42:48  Gain: 21  Zoff: 289 333 199 195
No   Time    G  PAR    F1   F2   F3   F4   Fm1  Fm2  Fm3  Fm4    Y1   Y2   Y3   Y4
 1 15:43:02 21   64    72  191   71   92   225  411  173  221  0.68 0.54 0.59 0.58

09MAY2017  15:43:09  Gain: 21  Zoff: 289 333 199 195
No   Time    G  PAR    F1   F2   F3   F4   Fm1  Fm2  Fm3  Fm4    Y1   Y2   Y3   Y4
 1 15:43:09 21   64    77  193   75   97   225  412  173  222  0.66 0.53 0.57 0.56
 2 15:43:30 21   16    57  173   63   82   223  385  164  217  0.74 0.55 0.62 0.62
 3 15:43:51 21   64    66  186   68   89   212  417  160  216  0.69 0.55 0.57 0.59
 4 15:44:11 21  128    71  190   72   95   209  406  161  225  0.66 0.53 0.55 0.58
 5 15:44:31 21  192    78  195   76  100   196  408  161  220  0.60 0.52 0.53 0.55
 6 15:44:51 21  256    83  201   80  105   197  399  167  215  0.58 0.50 0.52 0.51
 7 15:45:12 21  320   117  246   57  111   192  394  161  203  0.39 0.38 0.65 0.45
 8 15:45:32 21  384    90  208   87  112   186  386  157  210  0.52 0.46 0.45 0.47
 9 15:45:52 21  448    90  210   88  115   183  392  159  200  0.51 0.46 0.45 0.42
10 15:46:13 21  512    95  215   92  119   183  382  164  203  0.48 0.44 0.44 0.41
11 15:46:33 21  576    99  221   95  122   178  385  157  208  0.44 0.43 0.39 0.41
12 15:46:53 21  640   105  228  100  128   186  387  153  200  0.44 0.41 0.35 0.36
13 15:47:13 21  704   107  232  102  130   173  379  162  203  0.38 0.39 0.37 0.36
14 15:47:34 21  832   107  236  105  133   175  377  161  204  0.39 0.37 0.35 0.35
;            Ch1    Ch2    Ch3    Ch4      blue   green  brown
;  alpha:   1.645  1.259  1.284  1.444     1.126 -0.000  1.475
; ETRmax:  1402.2 2092.0  561.5  999.3     853.1    0.0 1456.9
;     Ik:   852.4 1662.1  437.5  691.9     757.5    0.0  988.1
;References: BL_US PMDA0174.REF2 GR_US PMDA0174.REF2 BR_US PMDA0174.REF2

;LTK 50m_05092017

09MAY2017  15:49:23  Gain: 21  Zoff: 289 333 199 195
No   Time    G  PAR    F1   F2   F3   F4   Fm1  Fm2  Fm3  Fm4    Y1   Y2   Y3   Y4
 1 15:49:34 21   64    38   66   51   66   161  204  144  174  0.76 0.68 0.65 0.62

09MAY2017  15:49:41  Gain: 21  Zoff: 289 333 199 195
No   Time    G  PAR    F1   F2   F3   F4   Fm1  Fm2  Fm3  Fm4    Y1   Y2   Y3   Y4
 1 15:49:41 21   64    40   67   54   69   161  213  139  178  0.75 0.69 0.61 0.61
 2 15:50:03 21   16    34   57   49   64   181  187  141  176  0.81 0.70 0.65 0.64
 3 15:50:23 21   64    50   74   55   71   178  224  143  194  0.72 0.67 0.62 0.63
 4 15:50:43 21  128    48   75   57   73   166  230  149  186  0.71 0.67 0.62 0.61
 5 15:51:03 21  192    53   80   64   82   166  235  143  194  0.68 0.66 0.55 0.58
 6 15:51:24 21  256    64   86   72   90   167  231  152  199  0.62 0.63 0.53 0.55
 7 15:51:44 21  320    73   91   77   95   172  228  147  187  0.58 0.60 0.48 0.49
 8 15:52:04 21  384    71   89   78   96   150  210  139  179  0.53 0.58 0.44 0.46
 9 15:52:24 21  448    61   85   73   92   138  199  126  164  0.56 0.57 0.42 0.44
10 15:52:45 21  512    56   82   71   89   121  196  122  160  0.54 0.58 0.42 0.44
11 15:53:05 21  576    52   81   72   89   114  190  120  155  0.54 0.57 0.40 0.43
12 15:53:25 21  640    50   80   73   90   113  187  121  163  0.56 0.57 0.40 0.45
13 15:53:46 21  704    50   81   74   92   109  172  116  157  0.54 0.53 0.36 0.41
14 15:54:06 21  832    55   84   79   97   109  179  129  153  0.50 0.53 0.39 0.37
;            Ch1    Ch2    Ch3    Ch4      blue   green  brown
;  alpha:   1.656  1.565  1.536  1.565     1.370 -0.000  1.654
; ETRmax:  2600.7 3859.7 1271.2 1372.3     662.9    0.0 4194.0
;     Ik:  1570.4 2466.2  827.3  876.9     483.9    0.0 2536.3
;References: BL_US PMDA0174.REF2 GR_US PMDA0174.REF2 BR_US PMDA0174.REF2

;LTK 60m_05092017

09MAY2017  15:56:24  Gain: 21  Zoff: 289 333 199 195
No   Time    G  PAR    F1   F2   F3   F4   Fm1  Fm2  Fm3  Fm4    Y1   Y2   Y3   Y4
 1 15:56:39 21   64    52   74   45   62   166  188  116  165  0.69 0.61 0.61 0.62

09MAY2017  15:56:43  Gain: 21  Zoff: 289 333 199 195
No   Time    G  PAR    F1   F2   F3   F4   Fm1  Fm2  Fm3  Fm4    Y1   Y2   Y3   Y4
 1 15:56:44 21   64    53   73   47   64   155  177  120  159  0.66 0.59 0.61 0.60
 2 15:57:05 21   16    35   60   37   50   168  185  129  178  0.79 0.68 0.71 0.72
 3 15:57:26 21   64    48   70   43   59   160  191  124  170  0.70 0.63 0.65 0.65
 4 15:57:46 21  128    52   73   46   63   147  189  116  160  0.65 0.61 0.60 0.61
 5 15:58:06 21  192    59   77   51   69   157  189  117  160  0.62 0.59 0.56 0.57
 6 15:58:26 21  256    68   83   58   77   157  178  119  163  0.57 0.53 0.51 0.53
 7 15:58:47 21  320    69   82   60   79   151  175  121  153  0.54 0.53 0.50 0.48
 8 15:59:07 21  384    75   87   64   84   145  176  115  160  0.48 0.51 0.44 0.47
 9 15:59:27 21  448    73   85   64   84   133  167  111  149  0.45 0.49 0.42 0.44
10 15:59:48 21  512    74   85   65   85   131  161  117  149  0.44 0.47 0.44 0.43
11 16:00:08 21  576    74   87   67   87   119  155  111  146  0.38 0.44 0.40 0.40
12 16:00:28 21  640    75   88   69   89   129  156  101  146  0.42 0.44 0.32 0.39
13 16:00:48 21  704    79   90   74   94   138  154  108  147  0.43 0.42 0.31 0.36
14 16:01:09 21  832    86   94   80  101   133  155  123  148  0.35 0.39 0.35 0.32
;            Ch1    Ch2    Ch3    Ch4      blue   green  brown
;  alpha:   1.729  1.519  1.626  1.582     1.440 -0.000  1.663
; ETRmax:  1214.9 1402.7 1010.7  775.3     532.8    0.0 1627.5
;     Ik:   702.8  923.4  621.8  490.2     370.0    0.0  978.8
;References: BL_US PMDA0174.REF2 GR_US PMDA0174.REF2 BR_US PMDA0174.REF2

;LTK 70m_05092017

09MAY2017  16:03:25  Gain: 21  Zoff: 289 333 199 195
No   Time    G  PAR    F1   F2   F3   F4   Fm1  Fm2  Fm3  Fm4    Y1   Y2   Y3   Y4
 1 16:03:41 21   64    74   36   63   81   187  113  135  171  0.60 0.68 0.53 0.53

09MAY2017  16:03:45  Gain: 21  Zoff: 289 333 199 195
No   Time    G  PAR    F1   F2   F3   F4   Fm1  Fm2  Fm3  Fm4    Y1   Y2   Y3   Y4
 1 16:03:46 21   64    77   36   66   84   183  123  142  178  0.58 0.71 0.54 0.53
 2 16:04:07 21   16    54   23   52   67   202  132  150  184  0.73 0.83 0.65 0.64
 3 16:04:28 21   64    73   35   63   81   189  120  140  176  0.61 0.71 0.55 0.54
 4 16:04:48 21  128    88   43   73   92   181  118  135  172  0.51 0.64 0.46 0.47
 5 16:05:08 21  192    94   45   78   98   171  111  132  174  0.45 0.59 0.41 0.44
 6 16:05:29 21  256   100   47   83  103   167  100  134  168  0.40 0.53 0.38 0.39
 7 16:05:49 21  320   104   49   86  107   161  102  128  172  0.35 0.52 0.33 0.38
 8 16:06:09 21  384   103   47   88  109   164   98  129  166  0.37 0.52 0.32 0.34
 9 16:06:29 21  448   110   51   93  115   156   94  126  170  0.29 0.46 0.26 0.32
10 16:06:50 21  512   109   50   93  115   155   90  126  159  0.30 0.44 0.26 0.28
11 16:07:10 21  576   106   46   93  113   136   81  121  161  0.22 0.43 0.23 0.30
12 16:07:30 21  640   102   44   91  112   146   91  120  161  0.30 0.52 0.24 0.30
13 16:07:51 21  704   106   47   95  116   146   88  129  160  0.27 0.47 0.26 0.28
14 16:08:11 21  832   108   47  100  122   145   86  127  173  0.26 0.45 0.21 0.29
;            Ch1    Ch2    Ch3    Ch4      blue   green  brown
;  alpha:   1.554  1.563  1.404  1.275     0.657  1.559 -0.000
; ETRmax:   600.8 1842.8  541.0  819.4     401.5  970.7    0.0
;     Ik:   386.6 1178.8  385.3  642.6     611.4  622.5    0.0
;References: BL_US PMDA0174.REF2 GR_US PMDA0174.REF2 BR_US PMDA0174.REF2

;LTK 80m_05092017

09MAY2017  16:10:19  Gain: 21  Zoff: 289 333 199 195
No   Time    G  PAR    F1   F2   F3   F4   Fm1  Fm2  Fm3  Fm4    Y1   Y2   Y3   Y4
 1 16:10:36 21   64    31   -8   41   57    98   51   85  126  0.68 ---- 0.52 0.55

09MAY2017  16:10:39  Gain: 21  Zoff: 289 333 199 195
No   Time    G  PAR    F1   F2   F3   F4   Fm1  Fm2  Fm3  Fm4    Y1   Y2   Y3   Y4
 1 16:10:40 21   64    32   -9   43   59    96   39  101  124  0.67 ---- 0.57 0.52
 2 16:10:44 21   16    29  -12   43   59   104   49   96  129  0.72 ---- 0.55 0.54
 4 16:11:22 21   64    27  -11   39   55   103   47   81  120  0.74 ---- 0.52 0.54
 5 16:11:42 21  128    31  -10   43   59    88   42   89  121  0.65 ---- 0.52 0.51
 6 16:12:02 21  192    37   -9   47   64    92   39   86  126  0.60 ---- 0.45 0.49
 7 16:12:23 21  256    42   -6   51   69    85   38   87  109  0.51 ---- 0.41 0.37
 8 16:12:43 21  320    37  -11   50   67    72   31   87  105  0.49 ---- 0.43 0.36
 9 16:13:03 21  384    39  -11   52   69    80   30   78  123  0.51 ---- 0.33 0.44
10 16:13:23 21  448    44   -8   56   74    81   28   85  125  0.46 ---- 0.34 0.41
11 16:13:44 21  512    46   -8   58   76    83   28   86  128  0.45 ---- 0.33 0.41
12 16:14:04 21  576    47   -9   60   78    78   24   93  127  0.40 ---- 0.35 0.39
13 16:14:24 21  640    53   -7   64   82    92   22   90  121  0.42 ---- 0.29 0.32
14 16:14:45 21  704    52   -8   64   83    82   27   99  123  0.37 ---- 0.35 0.33
No   Time    G  PAR    F1   F2   F3   F4   Fm1  Fm2  Fm3  Fm4    Y1   Y2   Y3   Y4
15 16:15:05 21  832    52  -11   67   85    84   26  102  122  0.38 ---- 0.34 0.30
;            Ch1    Ch2    Ch3    Ch4      blue   green  brown
;  alpha:   1.635 -0.000  1.239  1.258     0.840  1.836 -0.000
; ETRmax:  1281.8    0.0 1132.8 1272.4     948.7 1455.9    0.0
;     Ik:   784.1    0.0  914.6 1011.6    1129.2  793.0    0.0
;References: BL_US PMDA0174.REF2 GR_US PMDA0174.REF2 BR_US PMDA0174.REF2

;LTK 90m_05092017

09MAY2017  16:18:00  Gain: 21  Zoff: 289 333 199 195
No   Time    G  PAR    F1   F2   F3   F4   Fm1  Fm2  Fm3  Fm4    Y1   Y2   Y3   Y4
 1 16:18:13 21   64     7  -23   26   40    71   30   72  106  ---- ---- 0.64 0.62

09MAY2017  16:18:16  Gain: 21  Zoff: 289 333 199 195
No   Time    G  PAR    F1   F2   F3   F4   Fm1  Fm2  Fm3  Fm4    Y1   Y2   Y3   Y4
 1 16:18:16 21   64     9  -24   28   42    71   28   78  106  ---- ---- 0.64 0.60
 2 16:18:38 21   16   -10  -36   17   29    83   30   75  102  ---- ---- ---- 0.72
 3 16:18:58 21   64     1  -31   22   35    60   18   59   97  ---- ---- 0.63 0.64
 4 16:19:19 21  128     3  -30   25   38    49   11   55   99  ---- ---- 0.55 0.62
 5 16:19:39 21  192     5  -28   22   60    57    6   69   99  ---- ---- 0.68 0.39
 6 16:19:59 21  256    11  -27   33   47    52    6   69   94  ---- ---- 0.52 0.50
 7 16:20:19 21  320    15  -24   35   52    48    5   66   97  ---- ---- 0.47 0.46
 8 16:20:40 21  384    15  -25   37   52    52    7   61   93  ---- ---- 0.39 0.44
 9 16:21:00 21  448    13  -30   38   53    49    7   61   96  ---- ---- 0.38 0.45
10 16:21:20 21  512    17  -29   40   54    52   -2   79   96  ---- ---- 0.49 0.44
11 16:21:41 21  576    19  -29   42   57    53    2   71  101  ---- ---- 0.41 0.44
12 16:22:01 21  640    18  -31   43   58    54   -2   70   97  ---- ---- 0.39 0.40
13 16:22:21 21  704    20  -31   45   60    50   -5   75  103  ---- ---- 0.40 0.42
14 16:22:41 21  832    22  -32   49   64    54   -1   74  100  0.59 ---- 0.34 0.36
;            Ch1    Ch2    Ch3    Ch4      blue   green  brown
;  alpha:   3.646 -0.000  1.543  1.390    -0.000 -0.000 -0.000
; ETRmax:  1128.3    0.0 1274.5 1603.6       0.0    0.0    0.0
;     Ik:   309.5    0.0  826.0 1153.5       0.0    0.0    0.0
;References: BL_US PMDA0174.REF2 GR_US PMDA0174.REF2 BR_US PMDA0174.REF2

;LTK 100m_05092017

09MAY2017  16:25:19  Gain: 21  Zoff: 289 333 199 195
No   Time    G  PAR    F1   F2   F3   F4   Fm1  Fm2  Fm3  Fm4    Y1   Y2   Y3   Y4
 1 16:25:31 21   64   -16  -25   17   28    39   23   54   88  ---- ---- ---- 0.68

09MAY2017  16:25:35  Gain: 21  Zoff: 289 333 199 195
No   Time    G  PAR    F1   F2   F3   F4   Fm1  Fm2  Fm3  Fm4    Y1   Y2   Y3   Y4
 1 16:25:36 21   64   -15  -26   19   30    33   18   62   90  ---- ---- ---- 0.67
 2 16:25:58 21   16   -24  -30   13   23    45   21   57   86  ---- ---- ---- 0.73
 3 16:26:18 21   64   -15  -25   18   29    41   35   53   97  ---- ---- ---- 0.70
 4 16:26:38 21  128   -11  -24   21   33    37   19   57   90  ---- ---- 0.63 0.63
 5 16:26:59 21  192   -12  -25   22   34    31   19   55   78  ---- ---- 0.60 0.56
 6 16:27:19 21  256   -10  -25   25   36    34   22   54   85  ---- ---- 0.54 0.58
 7 16:27:39 21  320    -9  -25   27   39    29   13   58   87  ---- ---- 0.53 0.55
 8 16:27:59 21  384    -9  -26   28   41    37   19   55   87  ---- ---- 0.49 0.53
 9 16:28:20 21  448    -6  -25   32   44    31   19   64   93  ---- ---- 0.50 0.53
10 16:28:40 21  512    -2  -22   36   49    34   10   61   97  ---- ---- 0.41 0.49
11 16:29:00 21  576    -1  -24   37   50    31   11   65   86  ---- ---- 0.43 0.42
12 16:29:20 21  640    -2  -25   37   50    28   14   62   93  ---- ---- 0.40 0.46
13 16:29:41 21  704    -3  -28   38   50    28    0   61   91  ---- ---- 0.38 0.45
14 16:30:01 21  832    -1  -30   41   53    32    9   74   91  ---- ---- 0.45 0.42
;            Ch1    Ch2    Ch3    Ch4      blue   green  brown
;  alpha:  -0.000 -0.000  1.591  1.599    -0.000 -0.000 -0.000
; ETRmax:     0.0    0.0 1482.1 1775.8       0.0    0.0    0.0
;     Ik:     0.0    0.0  931.5 1110.9       0.0    0.0    0.0
;References: BL_US PMDA0174.REF2 GR_US PMDA0174.REF2 BR_US PMDA0174.REF2

;LTK 110m_05092017

09MAY2017  16:32:28  Gain: 21  Zoff: 289 333 199 195
No   Time    G  PAR    F1   F2   F3   F4   Fm1  Fm2  Fm3  Fm4    Y1   Y2   Y3   Y4
 1 16:32:40 21   64   -11   -4   20   32    52   62   71   89  ---- ---- ---- 0.64

09MAY2017  16:32:46  Gain: 21  Zoff: 289 333 199 195
No   Time    G  PAR    F1   F2   F3   F4   Fm1  Fm2  Fm3  Fm4    Y1   Y2   Y3   Y4
 1 16:32:47 21   64   -10   -4   22   35    51   57   64   93  ---- ---- 0.66 0.62
 2 16:33:08 21   16   -15  -10   17   28    45   54   64   94  ---- ---- ---- 0.70
 3 16:33:29 21   64   -14   -7   18   29    44   53   65   90  ---- ---- ---- 0.68
 4 16:33:49 21  128   -11   -5   20   32    55   51   59   87  ---- ---- ---- 0.63
 5 16:34:09 21  192   -10   -5   21   33    31   51   56   88  ---- ---- 0.63 0.63
 6 16:34:30 21  256   -12   -7   23   34    37   43   61   84  ---- ---- 0.62 0.60
 7 16:34:50 21  320    -9   -5   25   37    33   48   63   93  ---- ---- 0.60 0.60
 8 16:35:10 21  384    -5   -4   29   41    40   55   70   90  ---- ---- 0.59 0.54
 9 16:35:30 21  448    -4   -4   30   42    27   43   67   91  ---- ---- 0.55 0.54
10 16:35:51 21  512    -5   -5   31   43    31   46   65   92  ---- ---- 0.52 0.53
11 16:36:11 21  576    -4   -6   32   44    37   41   63   91  ---- ---- 0.49 0.52
12 16:36:31 21  640    -4   -6   33   46    28   37   66   91  ---- ---- 0.50 0.49
13 16:36:52 21  704    -3   -7   34   47    30   29   63   89  ---- ---- 0.46 0.47
14 16:37:12 21  832    -1   -8   38   51    36   40   76   94  ---- ---- 0.50 0.46
;            Ch1    Ch2    Ch3    Ch4      blue   green  brown
;  alpha:  -0.000 -0.000  1.558  1.568     1.771 -0.000 -0.000
; ETRmax:     0.0    0.0 1444.0 1640.4    2905.6    0.0    0.0
;     Ik:     0.0    0.0  927.1 1046.2    1640.2    0.0    0.0
;References: BL_US PMDA0174.REF2 GR_US PMDA0174.REF2 BR_US PMDA0174.REF2



09MAY2017  16:39:41  Gain: 21  Zoff: 289 333 199 195
No   Time    G  PAR    F1   F2   F3   F4   Fm1  Fm2  Fm3  Fm4    Y1   Y2   Y3   Y4
 1 16:39:57 21   64   -16  -11   11   24    53   49   52   80  ---- ---- ---- 0.70

09MAY2017  16:40:10  Gain: 21  Zoff: 289 333 199 195
No   Time    G  PAR    F1   F2   F3   F4   Fm1  Fm2  Fm3  Fm4    Y1   Y2   Y3   Y4
 1 16:40:11 21   64   -13  -10   14   26    53   54   57   89  ---- ---- ---- 0.71
 2 16:40:32 21   16   -18  -13   12   23    42   52   58   92  ---- ---- ---- 0.75
 3 16:40:53 21   64   -15  -10   13   26    41   56   63   89  ---- ---- ---- 0.71
 4 16:41:13 21  128   -13   -8   16   29    42   46   54   97  ---- ---- ---- 0.70
 5 16:41:33 21  192   -11   -8   18   31    32   43   58   94  ---- ---- ---- 0.67
 6 16:41:54 21  256    -9   -8   20   33    41   45   63   85  ---- ---- ---- 0.61
 7 16:42:14 21  320    -9   -8   22   35    38   42   55   86  ---- ---- 0.60 0.59
 8 16:42:34 21  384    -9   -9   23   36    26   38   63   78  ---- ---- 0.63 0.54
 9 16:42:54 21  448    -9   -9   25   38    34   37   58   85  ---- ---- 0.57 0.55
10 16:43:15 21  512    -8   -9   26   40    28   31   59   88  ---- ---- 0.56 0.55
11 16:43:35 21  576    -6   -9   29   42    27   34   59   82  ---- ---- 0.51 0.49
12 16:43:55 21  640    -3   -8   31   45    32   36   63   91  ---- ---- 0.51 0.51
13 16:44:16 21  704    -1   -8   34   48    31   30   55   93  ---- ---- 0.38 0.48
14 16:44:36 21  832     1   -8   38   52    42   29   66   97  ---- ---- 0.42 0.46
;            Ch1    Ch2    Ch3    Ch4      blue   green  brown
;  alpha:  -0.000 -0.000  1.390  1.696     1.914 -0.000 -0.000
; ETRmax:     0.0    0.0  580.3 2071.7    1262.7    0.0    0.0
;     Ik:     0.0    0.0  417.4 1221.8     659.9    0.0    0.0
;References: BL_US PMDA0174.REF2 GR_US PMDA0174.REF2 BR_US PMDA0174.REF2

;LTK 130m_05092017

09MAY2017  16:47:27  Gain: 21  Zoff: 289 333 199 195
No   Time    G  PAR    F1   F2   F3   F4   Fm1  Fm2  Fm3  Fm4    Y1   Y2   Y3   Y4
 1 16:47:27 21   64   -18  -22    7   19    36   33   50   80  ---- ---- ---- ----

09MAY2017  16:47:33  Gain: 21  Zoff: 289 333 199 195
No   Time    G  PAR    F1   F2   F3   F4   Fm1  Fm2  Fm3  Fm4    Y1   Y2   Y3   Y4
 1 16:47:33 21   64   -17  -23    9   21    35   24   52   80  ---- ---- ---- 0.74
 2 16:47:55 21   16   -26  -27    3   14    30   23   43   72  ---- ---- ---- ----
 3 16:48:15 21   64   -23  -24    5   16    23   31   47   73  ---- ---- ---- ----
 4 16:48:36 21  128   -21  -24    7   18    23   22   45   75  ---- ---- ---- ----
 5 16:48:56 21  192   -21  -24    9   21    30   21   42   74  ---- ---- ---- 0.72
 6 16:49:16 21  256   -18  -24   12   23    23   21   47   79  ---- ---- ---- 0.71
 7 16:49:36 21  320   -18  -24   14   26    26   20   52   74  ---- ---- ---- 0.65
 8 16:49:57 21  384   -17  -24   15   28    18   15   46   67  ---- ---- ---- 0.58
 9 16:50:17 21  448   -16  -24   17   29    21   16   51   75  ---- ---- ---- 0.61
10 16:50:37 21  512   -15  -25   19   32    22    7   50   76  ---- ---- ---- 0.58
11 16:50:58 21  576   -14  -24   21   34    28   20   51   77  ---- ---- 0.59 0.56
12 16:51:18 21  640   -12  -24   23   36    23   12   61   80  ---- ---- 0.62 0.55
13 16:51:38 21  704   -11  -25   24   37    20   15   45   77  ---- ---- 0.47 0.52
14 16:51:58 21  832   -10  -26   27   40    25    8   57   81  ---- ---- 0.53 0.51
;            Ch1    Ch2    Ch3    Ch4      blue   green  brown
;  alpha:  -0.000 -0.000  1.748  1.769    -0.000 -0.000 -0.000
; ETRmax:     0.0    0.0 1055.2 1465.9       0.0    0.0    0.0
;     Ik:     0.0    0.0  603.6  828.5       0.0    0.0    0.0
;References: BL_US PMDA0174.REF2 GR_US PMDA0174.REF2 BR_US PMDA0174.REF2

;LTK 140m_05092017

09MAY2017  16:55:15  Gain: 21  Zoff: 289 333 199 195
No   Time    G  PAR    F1   F2   F3   F4   Fm1  Fm2  Fm3  Fm4    Y1   Y2   Y3   Y4
 1 16:55:28 21   64   -36  -41    2   12    -3  -11   26   52  ---- ---- ---- ----

09MAY2017  16:55:33  Gain: 21  Zoff: 289 333 199 195
No   Time    G  PAR    F1   F2   F3   F4   Fm1  Fm2  Fm3  Fm4    Y1   Y2   Y3   Y4
 1 16:55:34 21   64   -35  -42    4   14    -1   -7   28   61  ---- ---- ---- ----
 2 16:55:55 21   16   -40  -43    0   10     1   -8   37   65  ---- ---- ---- ----
 3 16:56:16 21   64   -38  -42    1   11    -7   -2   32   59  ---- ---- ---- ----
 4 16:56:36 21  128   -37  -42    2   12    -3   -7   27   51  ---- ---- ---- ----
 5 16:56:56 21  192   -35  -42    5   15     3   -8   31   58  ---- ---- ---- ----
 6 16:57:16 21  256   -34  -43    7   18    -3  -11   37   59  ---- ---- ---- ----
 7 16:57:37 21  320   -34  -44    9   19     0  -16   40   59  ---- ---- ---- ----
 8 16:57:57 21  384   -33  -45   11   21    -4  -13   38   57  ---- ---- ---- 0.63
 9 16:58:17 21  448   -32  -46   12   23    -1   -7   37   56  ---- ---- ---- 0.59
10 16:58:38 21  512   -30  -46   15   26     0  -13   45   65  ---- ---- ---- 0.60
11 16:58:58 21  576   -29  -47   16   27    -5  -16   41   65  ---- ---- ---- 0.58
12 16:59:18 21  640   -28  -47   18   29    -8  -22   43   65  ---- ---- ---- 0.55
13 16:59:38 21  704   -27  -48   20   31    -5  -16   43   67  ---- ---- ---- 0.54
14 16:59:59 21  832   -25  -49   23   35     7  -23   46   69  ---- ---- 0.50 0.49
;            Ch1    Ch2    Ch3    Ch4      blue   green  brown
;  alpha:  -0.000 -0.000  2.572  1.675    -0.000 -0.000 -0.000
; ETRmax:     0.0    0.0  936.0 1249.1       0.0    0.0    0.0
;     Ik:     0.0    0.0  363.9  745.9       0.0    0.0    0.0
;References: BL_US PMDA0174.REF2 GR_US PMDA0174.REF2 BR_US PMDA0174.REF2