;LTK 0m_05232016

24MAY2016  12:39:09  Gain: 21  Zoff: 207 230 173 169
No   Time    G  PAR    F1   F2   F3   F4   Fm1  Fm2  Fm3  Fm4    Y1   Y2   Y3   Y4
 1 12:41:01 21   64    61  166   60   68   156  298  140  162  0.61 0.44 0.57 0.58

24MAY2016  12:42:02  Gain: 21  Zoff: 207 230 173 169
No   Time    G  PAR    F1   F2   F3   F4   Fm1  Fm2  Fm3  Fm4    Y1   Y2   Y3   Y4
 1 12:42:02 21   64    76  192   75   84   154  298  137  181  0.51 0.36 0.45 0.54
 2 12:42:24 21   16    72  174   73   81   172  274  139  178  0.58 0.36 0.47 0.54
 3 12:42:44 21   64    73  188   75   82   144  305  132  175  0.49 0.38 0.43 0.53
 4 12:43:05 21  128    71  190   75   82   143  303  126  163  0.50 0.37 0.40 0.50
 5 12:43:25 21  192    74  194   78   85   142  302  134  163  0.48 0.36 0.42 0.48
 6 12:43:45 21  256    76  197   82   89   134  296  131  166  0.43 0.33 0.37 0.46
 7 12:44:05 21  320    78  200   84   92   134  299  140  161  0.42 0.33 0.40 0.43
 8 12:44:26 21  384    80  202   88   96   132  298  131  159  0.39 0.32 0.33 0.40
 9 12:44:46 21  448    81  202   89   97   127  294  132  159  0.36 0.31 0.33 0.39
10 12:45:06 21  512    79  202   89   97   133  287  130  167  0.41 0.30 0.32 0.42
11 12:45:27 21  576    80  203   90   98   117  284  131  160  0.32 0.29 0.31 0.39
12 12:45:47 21  640    81  204   92  100   123  278  129  157  0.34 0.27 0.29 0.36
13 12:46:07 21  704    82  206   94  102   124  279  136  156  0.34 0.26 0.31 0.35
14 12:46:27 21  832    84  207   97  105   125  289  135  157  0.33 0.28 0.28 0.33
;            Ch1    Ch2    Ch3    Ch4      blue   green  brown
;  alpha:   1.250  0.899  1.269  1.241     1.053 -0.000  1.091
; ETRmax:  1273.2 1353.7  638.4 1532.9    1061.6    0.0 1429.5
;     Ik:  1018.4 1505.6  503.2 1235.6    1008.0    0.0 1310.2
;References: BL_US PMDA0174.REF2 GR_US PMDA0174.REF2 BR_US PMDA0174.REF2

;LTK 20m_05232016

24MAY2016  12:51:37  Gain: 21  Zoff: 207 230 173 169
No   Time    G  PAR    F1   F2   F3   F4   Fm1  Fm2  Fm3  Fm4    Y1   Y2   Y3   Y4
 1 12:51:37 21   64    58  177   69   80   112  233  121  143  0.48 0.24 0.43 0.44

24MAY2016  12:51:57  Gain: 21  Zoff: 207 230 173 169
No   Time    G  PAR    F1   F2   F3   F4   Fm1  Fm2  Fm3  Fm4    Y1   Y2   Y3   Y4
 1 12:51:57 21   64    58  179   71   82   119  246  115  139  0.51 0.27 0.38 0.41
 2 12:52:19 21   16    55  167   69   78   120  231  113  148  0.54 0.28 0.39 0.47
 3 12:52:39 21   64    57  175   69   80   115  243  119  152  0.50 0.28 0.42 0.47
 4 12:53:00 21  128    60  182   73   85   106  241  120  144  0.43 0.24 0.39 0.41
 5 12:53:20 21  192    59  185   74   86   104  242  120  140  0.43 0.24 0.38 0.39
 6 12:53:40 21  256    62  187   78   89   106  238  112  142  0.42 0.21 0.30 0.37
 7 12:54:01 21  320    62  188   79   89    91  246  112  143  0.32 0.24 0.29 0.38
 8 12:54:21 21  384    59  188   80   90    94  246  116  135  0.37 0.24 0.31 0.33
 9 12:54:41 21  448    60  189   82   92    99  237  117  144  0.39 0.20 0.30 0.36
10 12:55:01 21  512    62  190   85   94    98  241  120  139  0.37 0.21 0.29 0.32
11 12:55:22 21  576    60  191   85   95    94  242  117  136  0.36 0.21 0.27 0.30
12 12:55:42 21  640    61  191   87   97    91  234  121  137  0.33 0.18 0.28 0.29
13 12:56:02 21  704    62  191   89   99    96  240  122  136  0.35 0.20 0.27 0.27
14 12:56:22 21  832    67  192   95  105    99  240  124  145  0.32 0.20 0.23 0.28
;            Ch1    Ch2    Ch3    Ch4      blue   green  brown
;  alpha:   1.087  0.507  0.943  0.948     1.036 -0.000  0.811
; ETRmax:  1653.1  333.8 1041.1  535.1     778.7    0.0 1462.9
;     Ik:  1520.7  658.6 1103.8  564.5     751.4    0.0 1803.8
;References: BL_US PMDA0174.REF2 GR_US PMDA0174.REF2 BR_US PMDA0174.REF2

;LTK 40m_05232016

24MAY2016  13:00:14  Gain: 21  Zoff: 207 230 173 169
No   Time    G  PAR    F1   F2   F3   F4   Fm1  Fm2  Fm3  Fm4    Y1   Y2   Y3   Y4
 1 13:00:17 21   64    61  191   74   82   114  263  119  144  0.46 0.27 0.38 0.43
 2 13:00:28 21   64    60  190   75   83   121  259  116  144  0.50 0.27 0.35 0.42

24MAY2016  13:00:42  Gain: 21  Zoff: 207 230 173 169
No   Time    G  PAR    F1   F2   F3   F4   Fm1  Fm2  Fm3  Fm4    Y1   Y2   Y3   Y4
 1 13:00:42 21   64    65  195   79   87   120  267  119  153  0.46 0.27 0.34 0.43
 2 13:01:04 21   16    58  180   72   81   122  245  122  151  0.52 0.27 0.41 0.46
 3 13:01:24 21   64    59  190   74   82   109  247  116  141  0.46 0.23 0.36 0.42
 4 13:01:44 21  128    56  194   74   81   109  268  121  153  0.49 0.28 0.39 0.47
 5 13:02:05 21  192    61  203   80   88   107  259  118  137  0.43 0.22 0.32 0.36
 6 13:02:25 21  256    58  202   78   86   105  265  118  139  0.45 0.24 0.34 0.38
 7 13:02:45 21  320    64  206   83   91    98  266  119  146  0.35 0.23 0.30 0.38
 8 13:03:05 21  384    60  205   82   90    89  263  114  142  0.33 0.22 0.28 0.37
 9 13:03:26 21  448    57  205   82   89    97  252  110  138  0.41 0.19 0.25 0.36
10 13:03:46 21  512    57  206   83   90    94  256  110  127  0.39 0.20 0.25 0.29
11 13:04:06 21  576    58  206   84   91    92  255  116  130  0.37 0.19 0.28 0.30
12 13:04:26 21  640    64  212   92   99   103  266  121  148  0.38 0.20 0.24 0.33
13 13:04:47 21  704    65  212   92   99    99  262  120  137  0.34 0.19 0.23 0.28
14 13:05:07 21  832    65  212   93  101    96  255  120  145  0.32 0.17 0.23 0.30
;            Ch1    Ch2    Ch3    Ch4      blue   green  brown
;  alpha:   1.093  0.552  0.955  0.931     0.886 -0.000  0.828
; ETRmax:  1850.6  459.9  792.6  798.6     533.3    0.0 1305.6
;     Ik:  1693.7  833.4  830.0  857.3     601.9    0.0 1576.9
;References: BL_US PMDA0174.REF2 GR_US PMDA0174.REF2 BR_US PMDA0174.REF2

;LTK 60m_05232016

24MAY2016  13:10:45  Gain: 21  Zoff: 207 230 173 169
No   Time    G  PAR    F1   F2   F3   F4   Fm1  Fm2  Fm3  Fm4    Y1   Y2   Y3   Y4
 1 13:11:00 21   64    47   61   39   47   106  109   81  102  0.56 0.44 0.52 0.54

24MAY2016  13:11:11  Gain: 21  Zoff: 207 230 173 169
No   Time    G  PAR    F1   F2   F3   F4   Fm1  Fm2  Fm3  Fm4    Y1   Y2   Y3   Y4
 1 13:11:12 21   64    43   58   38   45    97  103   78  115  0.56 0.44 0.51 0.61
 2 13:11:33 21   16    35   55   33   41   125  120   98  124  0.72 0.54 0.66 0.67
 3 13:11:54 21   64    42   58   37   45   103  106   69  102  0.59 0.45 0.46 0.56
 4 13:12:14 21  128    42   59   38   46    94  105   78  103  0.55 0.44 0.51 0.55
 5 13:12:34 21  192    50   63   44   52    88  102   86  109  0.43 0.38 0.49 0.52
 6 13:12:54 21  256    48   59   44   52    91   95   77  105  0.47 0.38 0.43 0.50
 7 13:13:15 21  320    50   59   46   55    92  101   81  101  0.46 0.42 0.43 0.46
 8 13:13:35 21  384    50   58   47   56    81  100   80  100  0.38 0.42 0.41 0.44
 9 13:13:55 21  448    47   56   46   55    85   94   74  111  0.45 0.40 0.38 0.50
10 13:14:16 21  512    49   56   49   58    82   86   83  101  0.40 0.35 0.41 0.43
11 13:14:36 21  576    50   56   50   59    82  102   84  102  0.39 0.45 0.40 0.42
12 13:14:56 21  640    54   58   55   63    90   87   73  103  0.40 0.33 0.25 0.39
13 13:15:16 21  704    55   58   56   64    74   85   80  101  0.26 0.32 0.30 0.37
14 13:15:37 21  832    55   56   58   68    78   87   87  100  0.29 0.36 0.33 0.32
;            Ch1    Ch2    Ch3    Ch4      blue   green  brown
;  alpha:   1.379  1.006  1.167  1.282     1.334 -0.000  1.252
; ETRmax:   763.3 1620.1  546.7  666.4     664.1    0.0 1637.5
;     Ik:   553.4 1610.2  468.3  519.8     497.7    0.0 1307.9
;References: BL_US PMDA0174.REF2 GR_US PMDA0174.REF2 BR_US PMDA0174.REF2

;LTK 80m_05232016

24MAY2016  13:19:21  Gain: 21  Zoff: 207 230 173 169
No   Time    G  PAR    F1   F2   F3   F4   Fm1  Fm2  Fm3  Fm4    Y1   Y2   Y3   Y4
 1 13:19:36 21   64    46   29   41   49    99   69   86  117  0.54 0.58 0.52 0.58

24MAY2016  13:19:47  Gain: 21  Zoff: 207 230 173 169
No   Time    G  PAR    F1   F2   F3   F4   Fm1  Fm2  Fm3  Fm4    Y1   Y2   Y3   Y4
 1 13:19:47 21   64    43   26   40   48   106   71   81  110  0.59 0.63 0.51 0.56
 2 13:20:09 21   16    30   21   32   39   116   77   94  123  0.74 0.73 0.66 0.68
 3 13:20:29 21   64    41   26   38   45   104   67   88  107  0.61 0.61 0.57 0.58
 4 13:20:49 21  128    50   30   45   53   100   67   84  101  0.50 0.55 0.46 0.48
 5 13:21:09 21  192    48   28   45   53    84   62   79  101  0.43 0.55 0.43 0.48
 6 13:21:30 21  256    50   28   47   56    91   65   81  103  0.45 0.57 0.42 0.46
 7 13:21:50 21  320    50   29   47   57    81   63   76  103  0.38 0.54 0.38 0.45
 8 13:22:10 21  384    56   29   52   62    93   64   86  107  0.40 0.55 0.40 0.42
 9 13:22:30 21  448    52   25   51   60    81   55   72   96  0.36 0.55 0.29 0.38
10 13:22:51 21  512    52   25   53   63    82   54   81  106  0.37 0.54 0.35 0.41
11 13:23:11 21  576    55   25   56   66    90   61   79  111  0.39 0.59 0.29 0.41
12 13:23:31 21  640    54   23   56   65    79   53   79   96  0.32 0.57 0.29 0.32
13 13:23:52 21  704    52   21   55   65    85   55   80   97  0.39 0.62 0.31 0.33
14 13:24:12 21  832    54   19   59   68    80   42   81  107  0.33 ---- 0.27 0.36
;            Ch1    Ch2    Ch3    Ch4      blue   green  brown
;  alpha:   1.303  1.253  1.320  1.281     0.649  1.230 12.666
; ETRmax:  1186.2 6387506.  843.5 1082.3     181.4 3251.5  144.2
;     Ik:   910.1 5096274.  639.2  845.2     279.4 2643.4   11.4
;References: BL_US PMDA0174.REF2 GR_US PMDA0174.REF2 BR_US PMDA0174.REF2

;LTK 100m_05232016

24MAY2016  13:27:44  Gain: 21  Zoff: 207 230 173 169
No   Time    G  PAR    F1   F2   F3   F4   Fm1  Fm2  Fm3  Fm4    Y1   Y2   Y3   Y4
 1 13:27:58 21   64     5    6   16   25    49   35   42   76  ---- ---- ---- 0.67

24MAY2016  13:28:17  Gain: 21  Zoff: 207 230 173 169
No   Time    G  PAR    F1   F2   F3   F4   Fm1  Fm2  Fm3  Fm4    Y1   Y2   Y3   Y4
 1 13:28:17 21   64     3    5   15   24    45   38   46   81  ---- ---- ---- 0.70
 2 13:28:39 21   16    -3    3   12   19    44   47   51   67  ---- ---- ---- ----
 3 13:28:59 21   64     2    6   15   23    36   37   54   75  ---- ---- ---- 0.69
 4 13:29:19 21  128     6    7   18   28    42   38   49   70  ---- ---- ---- 0.60
 5 13:29:40 21  192     8    7   21   30    39   38   49   68  ---- ---- 0.57 0.56
 6 13:30:00 21  256     8    5   22   31    40   37   48   74  ---- ---- 0.54 0.58
 7 13:30:20 21  320    10    5   24   33    31   32   44   78  ---- ---- 0.45 0.58
 8 13:30:41 21  384     9    2   24   34    42   31   49   70  ---- ---- 0.51 0.51
 9 13:31:01 21  448     8    0   24   34    34   30   49   77  ---- ---- 0.51 0.56
10 13:31:21 21  512    11    0   27   37    46   31   52   79  ---- ---- 0.48 0.53
11 13:31:41 21  576    14    1   31   41    49   26   57   74  ---- ---- 0.46 0.45
12 13:32:02 21  640    15    1   33   44    40   24   64   74  ---- ---- 0.48 0.41
13 13:32:22 21  704    14   -2   33   43    41   23   56   81  ---- ---- 0.41 0.47
14 13:32:42 21  832    15   -4   35   46    44   27   63   85  ---- ---- 0.44 0.46
;            Ch1    Ch2    Ch3    Ch4      blue   green  brown
;  alpha:  -0.000 -0.000  1.345  1.582     1.865  2.103  2.132
; ETRmax:     0.0    0.0 2745.0 1966.3     552.0 6970.1 2186.6
;     Ik:     0.0    0.0 2041.0 1242.7     296.0 3313.7 1025.4
;References: BL_US PMDA0174.REF2 GR_US PMDA0174.REF2 BR_US PMDA0174.REF2

;LTK 110m_05232016

24MAY2016  13:38:34  Gain: 21  Zoff: 207 230 173 169
No   Time    G  PAR    F1   F2   F3   F4   Fm1  Fm2  Fm3  Fm4    Y1   Y2   Y3   Y4
 1 13:39:07 21   64    49  162   59   69   113  236  115  141  0.57 0.31 0.49 0.51

24MAY2016  13:39:24  Gain: 21  Zoff: 207 230 173 169
No   Time    G  PAR    F1   F2   F3   F4   Fm1  Fm2  Fm3  Fm4    Y1   Y2   Y3   Y4
 1 13:39:24 21   64    54  165   63   74   114  234  109  140  0.53 0.29 0.42 0.47
 2 13:39:46 21   16    42  148   54   64   113  212  112  144  0.63 0.30 0.52 0.56
 3 13:40:06 21   64    50  161   60   69   112  225  113  137  0.55 0.28 0.47 0.50
 4 13:40:26 21  128    46  163   58   68   105  234   97  123  0.56 0.30 0.40 0.45
 5 13:40:47 21  192    52  168   64   73   101  233  109  138  0.49 0.28 0.41 0.47
 6 13:41:07 21  256    57  174   70   81   103  227  117  141  0.45 0.23 0.40 0.43
 7 13:41:27 21  320    59  176   73   84   100  224  110  136  0.41 0.21 0.34 0.38
 8 13:41:47 21  384    59  176   75   85    93  226  109  136  0.37 0.22 0.31 0.38
 9 13:42:08 21  448    56  173   75   84    94  230  102  135  0.40 0.25 0.26 0.38
10 13:42:28 21  512    56  173   76   86    97  221  114  135  0.42 0.22 0.33 0.36
11 13:42:48 21  576    62  177   81   92   102  232  116  143  0.39 0.24 0.30 0.36
12 13:43:09 21  640    64  179   83   94   101  226  114  137  0.37 0.21 0.27 0.31
13 13:43:29 21  704    60  176   80   91    88  218  112  131  0.32 0.19 0.29 0.31
14 13:43:49 21  832    61  176   84   93    96  223  115  141  0.36 0.21 0.27 0.34
;            Ch1    Ch2    Ch3    Ch4      blue   green  brown
;  alpha:   1.297  0.617  1.092  1.155     1.211 -0.000  0.944
; ETRmax:  1379.8 1355.8  953.5 1382.3     681.3    0.0 1213.8
;     Ik:  1064.0 2196.4  873.4 1196.6     562.8    0.0 1285.2
;References: BL_US PMDA0174.REF2 GR_US PMDA0174.REF2 BR_US PMDA0174.REF2

;LTK 120m_05232016

24MAY2016  13:49:01  Gain: 21  Zoff: 207 230 173 169
No   Time    G  PAR    F1   F2   F3   F4   Fm1  Fm2  Fm3  Fm4    Y1   Y2   Y3   Y4
 1 13:49:16 21   64    12   28    2    7    33   54   27   46  ---- 0.48 ---- ----

24MAY2016  13:49:32  Gain: 21  Zoff: 207 230 173 169
No   Time    G  PAR    F1   F2   F3   F4   Fm1  Fm2  Fm3  Fm4    Y1   Y2   Y3   Y4
 1 13:49:32 21   64    11   27    3    7    42   60   24   45  ---- 0.55 ---- ----
 2 13:49:54 21   16     9   27    2    5    40   52   25   40  ---- 0.48 ---- ----
 3 13:50:14 21   64    10   27    4    7    42   56   25   42  ---- 0.52 ---- ----
 4 13:50:34 21  128    10   25    4    8    37   49   27   46  ---- 0.49 ---- ----
 5 13:50:55 21  192     8   21    3    7    28   52   31   53  ---- 0.60 ---- ----
 6 13:51:15 21  256     8   20    5    9    31   49   32   45  ---- ---- ---- ----
 7 13:51:35 21  320     7   17    6   10    33   44   25   50  ---- ---- ---- ----
 8 13:51:55 21  384     8   15    8   11    34   39   35   43  ---- ---- ---- ----
 9 13:52:16 21  448     7   13    9   13    34   37   31   45  ---- ---- ---- ----
10 13:52:36 21  512     6   12   10   14    33   38   37   55  ---- ---- ---- ----
11 13:52:56 21  576     8   11   12   17    34   31   45   53  ---- ---- ---- ----
12 13:53:17 21  640     9   10   14   18    34   42   31   52  ---- ---- ---- ----
13 13:53:37 21  704     8    8   15   20    32   33   38   64  ---- ---- ---- ----
14 13:53:57 21  832    10    6   18   23    38   19   44   57  ---- ---- ---- 0.60
;            Ch1    Ch2    Ch3    Ch4      blue   green  brown
;  alpha:  -0.000  1.117 -0.000  3.689     2.884  7.958  1.535
; ETRmax:     0.0 880243.0    0.0 1136.7    1221.3 1679.4 1247797.
;     Ik:     0.0 788383.4    0.0  308.1     423.5  211.0 812774.9
;References: BL_US PMDA0174.REF2 GR_US PMDA0174.REF2 BR_US PMDA0174.REF2

;LTK 130m_05232016

24MAY2016  13:58:46  Gain: 21  Zoff: 207 230 173 169
No   Time    G  PAR    F1   F2   F3   F4   Fm1  Fm2  Fm3  Fm4    Y1   Y2   Y3   Y4
 1 13:59:33 21   64   274  300   74   77   291  330  100  116  0.06 0.09 0.26 0.34

24MAY2016  13:59:42  Gain: 21  Zoff: 207 230 173 169
No   Time    G  PAR    F1   F2   F3   F4   Fm1  Fm2  Fm3  Fm4    Y1   Y2   Y3   Y4
 1 13:59:42 21   64   272  297   75   78   298  329  103  114  0.09 0.10 0.27 0.32
 2 14:00:04 21   16   272  299   75   77   292  331   97  117  0.07 0.10 0.23 0.34
 3 14:00:24 21   64   268  294   73   76   297  316   99  120  0.10 0.07 0.26 0.37
 4 14:00:44 21  128   266  291   74   76   286  319  101  115  0.07 0.09 0.27 0.34
 5 14:01:05 21  192   264  288   75   78   289  312  104  114  0.09 0.08 0.28 0.32
 6 14:01:25 21  256   263  284   76   79   282  315  102  121  0.07 0.10 0.25 0.35
 7 14:01:45 21  320   259  280   76   79   285  304  101  116  0.09 0.08 0.25 0.32
 8 14:02:05 21  384   256  274   78   80   273  296   99  114  0.06 0.07 0.21 0.30
 9 14:02:26 21  448   254  270   78   81   267  296  102  118  0.05 0.09 0.24 0.31
10 14:02:46 21  512   251  266   79   82   275  284  106  118  0.09 0.06 0.25 0.31
11 14:03:06 21  576   248  261   79   82   269  284  103  117  0.08 0.08 0.23 0.30
12 14:03:27 21  640   243  255   79   82   266  271  103  118  0.09 0.06 0.23 0.31
13 14:03:47 21  704   240  251   79   82   257  270  107  121  0.07 0.07 0.26 0.32
14 14:04:07 21  832   240  246   82   85   260  273  103  118  0.08 0.10 0.20 0.28
;            Ch1    Ch2    Ch3    Ch4      blue   green  brown
;  alpha:   0.183  0.209  0.621  0.771    -0.000 -0.000  0.270
; ETRmax:   844.7  601.8 2027.4 3527.4       0.0    0.0  805.4
;     Ik:  4610.7 2879.6 3263.1 4575.6       0.0    0.0 2978.8
;References: BL_US PMDA0174.REF2 GR_US PMDA0174.REF2 BR_US PMDA0174.REF2

;LTK 140m_05232016

24MAY2016  14:07:31  Gain: 21  Zoff: 207 230 173 169
No   Time    G  PAR    F1   F2   F3   F4   Fm1  Fm2  Fm3  Fm4    Y1   Y2   Y3   Y4
 1 14:07:52 21   64    36   60    8    8    60   90   31   45  0.40 0.33 ---- ----

24MAY2016  14:08:18  Gain: 21  Zoff: 207 230 173 169
No   Time    G  PAR    F1   F2   F3   F4   Fm1  Fm2  Fm3  Fm4    Y1   Y2   Y3   Y4
 1 14:08:19 21   64    38   60    9   10    65   82   35   48  0.42 0.27 ---- ----
 2 14:08:40 21   16    36   60    9   10    58   82   40   47  0.38 0.27 ---- ----
 3 14:09:01 21   64    37   60    9   10    63   88   30   47  0.41 0.32 ---- ----
 4 14:09:21 21  128    36   57   10   11    60   86   33   49  0.40 0.34 ---- ----
 5 14:09:41 21  192    36   56   11   12    59   81   39   53  0.39 0.31 ---- ----
 6 14:10:02 21  256    36   55   13   14    57   82   33   56  0.37 0.33 ---- ----
 7 14:10:22 21  320    37   52   15   16    59   78   40   56  0.37 0.33 ---- ----
 8 14:10:42 21  384    36   50   16   17    63   75   40   69  0.43 0.33 ---- ----
 9 14:11:02 21  448    35   48   18   19    55   78   34   55  0.36 0.38 ---- ----
10 14:11:23 21  512    35   46   19   20    58   78   46   54  0.40 0.41 ---- ----
11 14:11:43 21  576    36   45   21   22    63   73   49   61  0.43 0.38 0.57 0.64
12 14:12:03 21  640    37   44   23   24    57   70   47   60  0.35 0.37 0.51 0.60
13 14:12:24 21  704    37   43   25   26    61   66   57   64  0.39 0.35 0.56 0.59
14 14:12:44 21  832    38   40   28   29    61   72   57   64  0.38 0.44 0.51 0.55
;            Ch1    Ch2    Ch3    Ch4      blue   green  brown
;  alpha:   0.908  0.650  1.466  1.868     2.502 -0.000  1.113
; ETRmax:  2494.2  799.0 1575.0 1245.2    2401.9    0.0 2765.3
;     Ik:  2748.4 1229.2 1074.3  666.6     960.0    0.0 2485.5
;References: BL_US PMDA0174.REF2 GR_US PMDA0174.REF2 BR_US PMDA0174.REF2

;LTK 150m_05232016

24MAY2016  14:15:13  Gain: 21  Zoff: 207 230 173 169
No   Time    G  PAR    F1   F2   F3   F4   Fm1  Fm2  Fm3  Fm4    Y1   Y2   Y3   Y4
 1 14:15:26 21   64   102  132   25   25   136  162   49   68  0.25 0.19 0.49 0.63

24MAY2016  14:15:32  Gain: 21  Zoff: 207 230 173 169
No   Time    G  PAR    F1   F2   F3   F4   Fm1  Fm2  Fm3  Fm4    Y1   Y2   Y3   Y4
 1 14:15:32 21   64   102  130   27   27   128  158   52   61  0.20 0.18 0.48 0.56
 2 14:15:54 21   16    98  127   25   24   122  161   54   64  0.20 0.21 0.54 0.63
 3 14:16:14 21   64    99  129   25   26   128  160   54   79  0.23 0.19 0.54 0.67
 4 14:16:34 21  128    97  126   26   26   125  149   50   68  0.22 0.15 0.48 0.62
 5 14:16:55 21  192    96  123   26   27   124  147   53   66  0.23 0.16 0.51 0.59
 6 14:17:15 21  256    96  121   29   30   116  144   56   65  0.17 0.16 0.48 0.54
 7 14:17:35 21  320    98  120   32   33   119  149   53   66  0.18 0.19 0.40 0.50
 8 14:17:55 21  384    94  116   32   32   122  135   54   67  0.23 0.14 0.41 0.52
 9 14:18:16 21  448    93  113   33   35   113  146   59   63  0.18 0.23 0.44 0.44
10 14:18:36 21  512    94  111   35   36   121  134   57   68  0.22 0.17 0.39 0.47
11 14:18:56 21  576    89  106   35   35   109  124   56   70  0.18 0.15 0.38 0.50
12 14:19:17 21  640    88  103   37   37   115  134   53   70  0.23 0.23 0.30 0.47
13 14:19:37 21  704    88  101   38   40   113  124   61   73  0.22 0.19 0.38 0.45
14 14:19:57 21  832    87   97   41   42   114  115   60   76  0.24 0.16 0.32 0.45
;            Ch1    Ch2    Ch3    Ch4      blue   green  brown
;  alpha:   0.435  0.386  1.263  1.431     1.823 -0.000  0.547
; ETRmax:  315136.7 2445.7  862.8 2382.4    1279.7    0.0  325.9
;     Ik:  724877.0 6329.5  683.3 1665.4     701.9    0.0  595.4
;References: BL_US PMDA0174.REF2 GR_US PMDA0174.REF2 BR_US PMDA0174.REF2

;LTK 160m_05232016

24MAY2016  14:23:15  Gain: 21  Zoff: 207 230 173 169
No   Time    G  PAR    F1   F2   F3   F4   Fm1  Fm2  Fm3  Fm4    Y1   Y2   Y3   Y4
 1 14:23:30 21   64   305  331   88   90   335  355  120  133  0.09 0.07 0.27 0.32

24MAY2016  14:23:35  Gain: 21  Zoff: 207 230 173 169
No   Time    G  PAR    F1   F2   F3   F4   Fm1  Fm2  Fm3  Fm4    Y1   Y2   Y3   Y4
 1 14:23:36 21   64   305  329   90   92   328  352  114  134  0.07 0.07 0.21 0.31
 2 14:23:57 21   16   302  328   89   89   333  355  117  133  0.09 0.08 0.24 0.33
 3 14:24:18 21   64   299  325   88   89   320  352  109  128  0.07 0.08 0.19 0.30
 4 14:24:38 21  128   293  318   87   89   325  349  114  133  0.10 0.09 0.24 0.33
 5 14:24:58 21  192   292  316   89   90   317  337  112  125  0.08 0.06 0.21 0.28
 6 14:25:18 21  256   288  309   88   90   312  336  112  127  0.08 0.08 0.21 0.29
 7 14:25:39 21  320   286  306   90   93   308  327  107  127  0.07 0.06 0.16 0.27
 8 14:25:59 21  384   281  298   90   92   299  313  113  124  0.06 0.05 0.20 0.26
 9 14:26:19 21  448   278  294   90   92   300  317  112  125  0.07 0.07 0.20 0.26
10 14:26:39 21  512   275  289   91   93   292  305  107  126  0.06 0.05 0.15 0.26
11 14:27:00 21  576   271  283   92   94   289  300  117  126  0.06 0.06 0.21 0.25
12 14:27:20 21  640   267  278   91   94   289  304  117  127  0.08 0.09 0.22 0.26
13 14:27:40 21  704   264  273   92   96   285  299  113  125  0.07 0.09 0.19 0.23
14 14:28:01 21  832   262  268   95   98   280  289  117  131  0.06 0.07 0.19 0.25
;            Ch1    Ch2    Ch3    Ch4      blue   green  brown
;  alpha:   0.173  0.130  0.484  0.722    -0.000 -0.000  0.211
; ETRmax:   769.2  661.0 2457.7 1612.5       0.0    0.0  282.6
;     Ik:  4445.0 5072.6 5080.1 2234.7       0.0    0.0 1342.4
;References: BL_US PMDA0174.REF2 GR_US PMDA0174.REF2 BR_US PMDA0174.REF2

;LTK 170m_05232016

24MAY2016  14:30:57  Gain: 21  Zoff: 207 230 173 169
No   Time    G  PAR    F1   F2   F3   F4   Fm1  Fm2  Fm3  Fm4    Y1   Y2   Y3   Y4
 1 14:31:11 21   64    49   89   19   21    75  120   49   65  0.35 0.26 ---- 0.68

24MAY2016  14:31:17  Gain: 21  Zoff: 207 230 173 169
No   Time    G  PAR    F1   F2   F3   F4   Fm1  Fm2  Fm3  Fm4    Y1   Y2   Y3   Y4
 1 14:31:17 21   64    49   87   21   22    77  118   42   65  0.36 0.26 0.50 0.66
 2 14:31:39 21   16    45   86   18   19    81  124   54   66  0.44 0.31 ---- ----
 3 14:31:59 21   64    46   88   19   19    82  126   47   60  0.44 0.30 ---- ----
 4 14:32:19 21  128    45   86   19   20    76  115   49   64  0.41 0.25 ---- ----
 5 14:32:40 21  192    48   86   22   23    81  122   49   69  0.41 0.30 0.55 0.67
 6 14:33:00 21  256    48   85   24   26    72  119   49   68  0.33 0.29 0.51 0.62
 7 14:33:20 21  320    49   84   26   28    80  114   44   66  0.39 0.26 0.41 0.58
 8 14:33:40 21  384    50   84   29   30    83  117   57   75  0.40 0.28 0.49 0.60
 9 14:34:01 21  448    51   83   30   32    75  119   52   74  0.32 0.30 0.42 0.57
10 14:34:21 21  512    51   82   31   33    77  107   53   76  0.34 0.23 0.42 0.57
11 14:34:41 21  576    52   81   33   35    79  114   59   73  0.34 0.29 0.44 0.52
12 14:35:02 21  640    52   80   35   37    77  108   54   70  0.32 0.26 0.35 0.47
13 14:35:22 21  704    52   78   36   38    78  103   62   75  0.33 0.24 0.42 0.49
14 14:35:42 21  832    54   77   40   42    83  102   61   78  0.35 0.25 0.34 0.46
;            Ch1    Ch2    Ch3    Ch4      blue   green  brown
;  alpha:   0.948  0.647  1.194  1.540     2.850 -0.000  1.003
; ETRmax:   850.4  715.8  733.3  979.6    1026.4    0.0  768.3
;     Ik:   897.0 1106.9  614.2  636.0     360.2    0.0  765.8
;References: BL_US PMDA0174.REF2 GR_US PMDA0174.REF2 BR_US PMDA0174.REF2

LTK 180m_05232016

24MAY2016  14:39:23  Gain: 21  Zoff: 207 230 173 169
No   Time    G  PAR    F1   F2   F3   F4   Fm1  Fm2  Fm3  Fm4    Y1   Y2   Y3   Y4
 1 14:39:35 21   64    42   80   13   12    82  109   45   58  0.49 0.27 ---- ----

24MAY2016  14:39:40  Gain: 21  Zoff: 207 230 173 169
No   Time    G  PAR    F1   F2   F3   F4   Fm1  Fm2  Fm3  Fm4    Y1   Y2   Y3   Y4
 1 14:39:40 21   64    44   79   15   15    82  112   50   61  0.46 0.29 ---- ----
 2 14:40:02 21   16    41   79   13   12    81  110   41   60  0.49 0.28 ---- ----
 3 14:40:22 21   64    43   78   14   13    75  113   46   56  0.43 0.31 ---- ----
 4 14:40:43 21  128    42   77   15   15    74  110   36   58  0.43 0.30 ---- ----
 5 14:41:03 21  192    42   77   17   16    72  109   46   60  0.42 0.29 ---- ----
 6 14:41:23 21  256    44   75   19   19    72  109   42   60  0.39 0.31 ---- ----
 7 14:41:43 21  320    45   75   20   20    72  106   44   71  0.38 0.29 ---- ----
 8 14:42:04 21  384    44   74   22   22    70  107   46   58  0.37 0.31 0.52 0.62
 9 14:42:24 21  448    45   73   23   24    71  107   53   61  0.37 0.32 0.57 0.61
10 14:42:44 21  512    46   72   24   25    78  101   41   60  0.41 0.29 0.41 0.58
11 14:43:05 21  576    48   71   27   28    78  103   48   66  0.38 0.31 0.44 0.58
12 14:43:25 21  640    47   70   29   29    68   98   45   64  0.31 0.29 0.36 0.55
13 14:43:45 21  704    49   69   30   31    68  100   49   69  0.28 0.31 0.39 0.55
14 14:44:05 21  832    48   66   32   33    72   94   59   67  0.33 0.30 0.46 0.51
;            Ch1    Ch2    Ch3    Ch4      blue   green  brown
;  alpha:   0.995  0.665  1.717  1.716     1.419 -0.000  0.989
; ETRmax:   776.8  942.4 1058.1 2867.0    2597.5    0.0  542.3
;     Ik:   780.6 1417.0  616.4 1670.8    1830.1    0.0  548.1
;References: BL_US PMDA0174.REF2 GR_US PMDA0174.REF2 BR_US PMDA0174.REF2

;LTK 190m_05232016

24MAY2016  14:48:18  Gain: 21  Zoff: 207 230 173 169
No   Time    G  PAR    F1   F2   F3   F4   Fm1  Fm2  Fm3  Fm4    Y1   Y2   Y3   Y4
 1 14:48:31 21   64    36   62    9    8    62   93   33   53  0.42 0.33 ---- ----

24MAY2016  14:48:37  Gain: 21  Zoff: 207 230 173 169
No   Time    G  PAR    F1   F2   F3   F4   Fm1  Fm2  Fm3  Fm4    Y1   Y2   Y3   Y4
 1 14:48:37 21   64    37   60   11   10    66   86   42   57  0.44 0.30 ---- ----
 2 14:48:59 21   16    34   60   10    8    69   94   33   43  0.51 0.36 ---- ----
 3 14:49:19 21   64    35   60    9    8    58   88   35   45  0.40 0.32 ---- ----
 4 14:49:40 21  128    35   59   10    9    57   81   33   43  0.39 0.27 ---- ----
 5 14:50:00 21  192    34   57   12   10    68   83   36   48  0.50 0.31 ---- ----
 6 14:50:20 21  256    36   57   14   13    65   82   42   57  0.45 0.30 ---- ----
 7 14:50:40 21  320    38   57   16   16    65   82   41   46  0.42 0.30 ---- ----
 8 14:51:01 21  384    39   56   18   17    67   77   40   59  0.42 0.27 ---- ----
 9 14:51:21 21  448    40   55   19   19    65   77   44   58  0.38 0.29 ---- ----
10 14:51:41 21  512    39   53   21   20    61   86   50   66  0.36 0.38 0.58 ----
11 14:52:01 21  576    40   52   22   22    66   78   47   62  0.39 0.33 0.53 0.65
12 14:52:22 21  640    41   51   24   24    65   87   49   63  0.37 0.41 0.51 0.62
13 14:52:42 21  704    42   50   25   26    66   72   48   59  0.36 0.31 0.48 0.56
14 14:53:02 21  832    43   49   29   29    67   65   54   64  0.36 0.25 0.46 0.55
;            Ch1    Ch2    Ch3    Ch4      blue   green  brown
;  alpha:   0.938  0.589  2.211  1.922     3.153 -0.000  1.036
; ETRmax:   619.8  317.3 1551.5 1116.4    1121.9    0.0  608.5
;     Ik:   660.7  538.9  701.7  580.8     355.8    0.0  587.1
;References: BL_US PMDA0174.REF2 GR_US PMDA0174.REF2 BR_US PMDA0174.REF2

;LTK 200m_05232016

24MAY2016  14:56:57  Gain: 21  Zoff: 207 230 173 169
No   Time    G  PAR    F1   F2   F3   F4   Fm1  Fm2  Fm3  Fm4    Y1   Y2   Y3   Y4
 1 14:57:10 21   64    34   60   11    9    65   90   40   52  0.48 0.33 ---- ----

24MAY2016  14:57:16  Gain: 21  Zoff: 207 230 173 169
No   Time    G  PAR    F1   F2   F3   F4   Fm1  Fm2  Fm3  Fm4    Y1   Y2   Y3   Y4
 1 14:57:16 21   64    35   59   13   12    60   78   40   51  0.42 0.24 ---- ----
 2 14:57:37 21   16    33   58   11    9    56   81   38   50  0.41 0.28 ---- ----
 3 14:57:58 21   64    33   58   11    9    52   88   31   46  0.37 0.34 ---- ----
 4 14:58:18 21  128    33   57   12   11    65   87   39   49  0.49 0.34 ---- ----
 5 14:58:38 21  192    34   56   14   13    62   83   41   51  0.45 0.33 ---- ----
 6 14:58:59 21  256    35   55   15   14    65   78   41   53  0.46 0.29 ---- ----
 7 14:59:19 21  320    35   54   17   16    58   86   44   62  0.40 0.37 ---- ----
 8 14:59:39 21  384    36   53   19   18    53   76   42   54  0.32 0.30 ---- ----
 9 14:59:59 21  448    38   52   21   20    63   83   48   61  0.40 0.37 0.56 ----
10 15:00:20 21  512    39   51   23   22    58   82   44   57  0.33 0.38 0.48 0.61
11 15:00:40 21  576    39   51   24   24    70   74   47   54  0.44 0.31 0.49 0.56
12 15:01:00 21  640    39   49   26   25    67   74   41   62  0.42 0.34 0.37 0.60
13 15:01:20 21  704    40   48   28   27    56   74   52   61  0.29 0.35 0.46 0.56
14 15:01:41 21  832    42   47   30   31    72   68   51   69  0.42 0.31 0.41 0.55
;            Ch1    Ch2    Ch3    Ch4      blue   green  brown
;  alpha:   1.010  0.750  2.129  1.548     4.145 -0.000  1.134
; ETRmax:  3296.6 7587.4 1225.5 2314.2    1076.8    0.0 1943.3
;     Ik:  3264.5 10116.5  575.7 1495.0     259.8    0.0 1714.3
;References: BL_US PMDA0174.REF2 GR_US PMDA0174.REF2 BR_US PMDA0174.REF2
