
Gain: 21  Zoff: -336 -280 356 -330

;LTK 0m_07252016
25JUL2016  17:10:01  Gain: 21  Zoff: -336 -280 356 -330
No   Time    G  PAR    F1   F2   F3   F4   Fm1  Fm2  Fm3  Fm4    Y1   Y2   Y3   Y4
 1 17:22:27 21   64    77   64   55   62   178  147  123  153  0.57 0.56 0.55 0.59

25JUL2016  17:22:50  Gain: 21  Zoff: -336 -280 356 -330
No   Time    G  PAR    F1   F2   F3   F4   Fm1  Fm2  Fm3  Fm4    Y1   Y2   Y3   Y4
 1 17:22:50 21   64    79   65   56   63   182  157  130  169  0.57 0.59 0.57 0.63
 2 17:23:12 21   16    78   62   54   62   192  146  126  157  0.59 0.58 0.57 0.61
 3 17:23:32 21   64    75   63   54   61   166  153  116  153  0.55 0.59 0.53 0.60
 4 17:23:53 21  128    77   66   55   62   159  148  107  147  0.52 0.55 0.49 0.58
 5 17:24:13 21  192    80   69   58   65   158  148  112  144  0.49 0.53 0.48 0.55
 6 17:24:33 21  256    89   74   63   71   158  158  113  138  0.44 0.53 0.44 0.49
 7 17:24:54 21  320   112   89   70   81   167  156  110  140  0.33 0.43 0.36 0.42
 8 17:25:14 21  384    80   68   62   70   128  128  109  137  0.38 0.47 0.43 0.49
 9 17:25:34 21  448    75   63   62   69   126  121  108  130  0.40 0.48 0.43 0.47
10 17:25:54 21    1    78   65   66   72   136  127  109  136  0.43 0.49 0.39 0.47
11 17:26:15 21  576    86   70   69   76   136  131  108  132  0.37 0.47 0.36 0.42
12 17:26:35 21  640    92   72   71   80   142  138  108  132  0.35 0.48 0.34 0.39
13 17:26:55 21  704    96   74   75   84   144  124  113  138  0.33 0.40 0.34 0.39
14 17:27:16 21  832   101   76   81   91   146  131  115  139  0.31 0.42 0.30 0.35
;            Ch1    Ch2    Ch3    Ch4      blue   green  brown
;  alpha:   1.255  1.280  1.247  1.423     1.258 -0.000  1.208
; ETRmax:   660.7 2877.5 1024.5 1291.5     975.1    0.0 24664.9
;     Ik:   526.4 2248.2  821.5  907.6     774.9    0.0 20420.0
;References: BL_US PMDA0174.REF2 GR_US PMDA0174.REF2 BR_US PMDA0174.REF2

;LTK 20m_07252016

25JUL2016  17:29:45  Gain: 21  Zoff: -336 -280 356 -330
No   Time    G  PAR    F1   F2   F3   F4   Fm1  Fm2  Fm3  Fm4    Y1   Y2   Y3   Y4
 1 17:30:11 21   64    98   82   59   71   200  174  134  167  0.51 0.53 0.56 0.57

25JUL2016  17:30:19  Gain: 21  Zoff: -336 -280 356 -330
No   Time    G  PAR    F1   F2   F3   F4   Fm1  Fm2  Fm3  Fm4    Y1   Y2   Y3   Y4
 1 17:30:20 21   64    94   78   60   71   197  168  134  162  0.52 0.54 0.55 0.56
 2 17:30:41 21   16    85   72   54   63   212  169  137  181  0.60 0.57 0.61 0.65
 3 17:31:02 21   64    94   80   59   71   207  181  136  175  0.55 0.56 0.57 0.59
 4 17:31:22 21  128    95   83   60   73   203  177  127  169  0.53 0.53 0.53 0.57
 5 17:31:42 21  192    96   84   62   74   180  165  124  151  0.47 0.49 0.50 0.51
 6 17:32:03 21  256    89   81   61   72   169  160  123  153  0.47 0.49 0.50 0.53
 7 17:32:23 21  320   110  155   14  239   167  159  111  154  0.34 ---- ---- ----
 8 17:32:43 21  384    94   86   65   78   154  157  112  146  0.39 0.45 0.42 0.47
 9 17:33:03 21  448    96   85   68   80   153  155  110  139  0.37 0.45 0.38 0.42
10 17:33:24 21  512    94   83   69   80   149  152  112  136  0.37 0.45 0.38 0.41
11 17:33:44 21  576    91   81   69   81   142  139  109  136  0.36 0.42 0.37 0.40
12 17:34:04 21  640    91   81   71   83   135  138  112  134  0.33 0.41 0.37 0.38
13 17:34:24 21  704    88   79   71   83   135  138  108  132  0.35 0.43 0.34 0.37
14 17:34:45 21 -460    89   79   74   85   136  134  106  141  0.35 0.41 0.30 0.40
;            Ch1    Ch2    Ch3    Ch4      blue   green  brown
;  alpha:   1.286  1.255  1.360  1.403     1.322  4.034  1.312
; ETRmax:   958.5 2137.9  735.0 1070.1     604.6   88.3 1903.1
;     Ik:   745.1 1703.0  540.6  762.9     457.3   21.9 1450.9
;References: BL_US PMDA0174.REF2 GR_US PMDA0174.REF2 BR_US PMDA0174.REF2

;LTK 40m_07252016

25JUL2016  17:37:37  Gain: 21  Zoff: -336 -280 356 -330
No   Time    G  PAR    F1   F2   F3   F4   Fm1  Fm2  Fm3  Fm4    Y1   Y2   Y3   Y4
 1 17:38:17 21   64   295  345  120  152   585  646  259  347  0.50 0.47 0.54 0.56

25JUL2016  17:38:23  Gain: 21  Zoff: -336 -280 356 -330
No   Time    G  PAR    F1   F2   F3   F4   Fm1  Fm2  Fm3  Fm4    Y1   Y2   Y3   Y4
 1 17:38:23 21   64   292  342  120  152   569  629  257  336  0.49 0.46 0.53 0.55
 2 17:38:45 21   16   217  281   93  114   607  641  268  349  0.64 0.56 0.65 0.67
 3 17:39:05 21   64   270  326  112  142   585  651  256  345  0.54 0.50 0.56 0.59
 4 17:39:25 21 -460   321  363  128  167   591  660  252  353  0.46 0.45 0.49 0.53
 5 17:39:46 21  192   326  371  134  171   550  617  237  328  0.41 0.40 0.43 0.48
 6 17:40:06 21  256   352  392  146  188   575  633  255  343  0.39 0.38 0.43 0.45
 7 17:40:26 21    1   401  428  165  215   601  643  255  348  0.33 0.33 0.35 0.38
 8 17:40:46 21  384   401  428  166  216   553  608  247  327  0.27 0.30 0.33 0.34
 9 17:41:07 21  448   388  399  164  212   541  605  248  326  0.28 0.34 0.34 0.35
10 17:41:27 21 -460   422  447  175  226   558  623  254  338  0.24 0.28 0.31 0.33
11 17:41:47 21  576   421  452  177  229   546  610  250  318  0.23 0.26 0.29 0.28
12 17:42:08 21  640   423  460  183  235   541  608  252  332  0.22 0.24 0.27 0.29
13 17:42:28 21 -460   435  470  187  242   541  617  245  331  0.20 0.24 0.24 0.27
14 17:42:48 21  832   432  470  189  243   524  598  244  316  0.18 0.21 0.23 0.23
;            Ch1    Ch2    Ch3    Ch4      blue   green  brown
;  alpha:   1.179  1.071  1.191  1.266     0.987 -0.000  1.184
; ETRmax:   286.7  341.2  363.8  382.1     361.9    0.0  334.9
;     Ik:   243.2  318.6  305.5  301.9     366.8    0.0  282.8
;References: BL_US PMDA0174.REF2 GR_US PMDA0174.REF2 BR_US PMDA0174.REF2

;LTK 60m_07252016

25JUL2016  17:45:10  Gain: 21  Zoff: -336 -280 356 -330
No   Time    G  PAR    F1   F2   F3   F4   Fm1  Fm2  Fm3  Fm4    Y1   Y2   Y3   Y4
 1 17:45:56 21   64    21   39   18   23    98  106   66   95  0.79 0.63 ---- 0.76

25JUL2016  17:46:05  Gain: 21  Zoff: -336 -280 356 -330
No   Time    G  PAR    F1   F2   F3   F4   Fm1  Fm2  Fm3  Fm4    Y1   Y2   Y3   Y4
 1 17:46:05 21   64    19   36   18   23    90  105   62   93  ---- 0.66 ---- 0.75
 2 17:46:27 21   16     7   29   13   15    93  107   71   93  ---- 0.73 ---- ----
 3 17:46:47 21   64    19   38   18   23   103  118   66  101  ---- 0.68 ---- 0.77
 4 17:47:08 21  128    24   42   22   28    97  113   77   94  0.75 0.63 0.71 0.70
 5 17:47:28 21  192    35   49   29   36   106  121   77  114  0.67 0.60 0.62 0.68
 6 17:47:48 21  256    44   53   31   40    97  116   71   95  0.55 0.54 0.56 0.58
 7 17:48:08 21  320    30   45   27   34    82   96   65   92  0.63 0.53 0.58 0.63
 8 17:48:29 21  384    34   48   31   38    81  110   76   98  0.58 0.56 0.59 0.61
 9 17:48:49 21 -460    41   52   35   44    93  102   74   97  0.56 0.49 0.53 0.55
10 17:49:09 21  512    44   54   39   48    94  102   76   98  0.53 0.47 0.49 0.51
11 17:49:30 21  576    48   56   42   51    87  106   77  105  0.45 0.47 0.45 0.51
12 17:49:50 21  640    52   59   44   55    98  105   77  111  0.47 0.44 0.43 0.50
13 17:50:10 21  704    51   57   45   55    90  104   70   97  0.43 0.45 0.36 0.43
14 17:50:30 21  832    46   53   46   54    84   92   76   98  0.45 0.42 0.39 0.45
;            Ch1    Ch2    Ch3    Ch4      blue   green  brown
;  alpha:   1.540  1.374  1.498  1.500     1.451 -0.000  1.545
; ETRmax:   719.2  702.5  619.5  727.1     570.3    0.0  754.2
;     Ik:   467.1  511.2  413.5  484.8     393.1    0.0  488.0
;References: BL_US PMDA0174.REF2 GR_US PMDA0174.REF2 BR_US PMDA0174.REF2

;LTK 80m_07252016

25JUL2016  17:53:32  Gain: 21  Zoff: -336 -280 356 -330
No   Time    G  PAR    F1   F2   F3   F4   Fm1  Fm2  Fm3  Fm4    Y1   Y2   Y3   Y4
 1 17:54:03 21   64    18  -10   11   15    74   40   49   69  ---- ---- ---- ----

25JUL2016  17:54:20  Gain: 21  Zoff: -336 -280 356 -330
No   Time    G  PAR    F1   F2   F3   F4   Fm1  Fm2  Fm3  Fm4    Y1   Y2   Y3   Y4
 1 17:54:20 21   64    19  -11   11   16    81   37   51   74  ---- ---- ---- ----
 2 17:54:42 21   16     7  -15    7    9    82   42   57   75  ---- ---- ---- ----
 3 17:55:02 21   64    16  -11   11   15    81   39   54   74  ---- ---- ---- ----
 4 17:55:22 21  128    20   -9   14   18    66   30   56   72  ---- ---- ---- ----
 5 17:55:43 21  192    25   -7   18   23    73   31   53   69  0.66 ---- ---- 0.67
 6 17:56:03 21  256    30   -3   22   28    73   44   55   87  0.59 ---- 0.60 0.68
 7 17:56:23 21  320    36   -2   25   33    78   35   49   82  0.54 ---- 0.49 0.60
 8 17:56:43 21  384    36   -3   27   34    74   36   58   82  0.51 ---- 0.53 0.59
 9 17:57:04 21  448    37   -4   28   36    67   33   61   83  0.45 ---- 0.54 0.57
10 17:57:24 21  512    37   -5   30   37    72   26   54   82  0.49 ---- 0.44 0.55
11 17:57:44 21  576    35   -7   30   37    71   20   56   80  0.51 ---- 0.46 0.54
12 17:58:05 21  640    36   -7   33   40    68   16   56   84  0.47 ---- 0.41 0.52
13 17:58:25 21  704    39   -5   35   43    63   26   60   83  0.38 ---- 0.42 0.48
14 17:58:45 21  832    44   -5   40   48    78   24   69   84  0.44 ---- 0.42 0.43
;            Ch1    Ch2    Ch3    Ch4      blue   green  brown
;  alpha:   1.688 -0.000  1.609  1.678     1.631  2.455 -0.000
; ETRmax:  1570.3    0.0 1637.9  952.5     519.7 1119.3    0.0
;     Ik:   930.2    0.0 1017.8  567.7     318.6  455.9    0.0
;References: BL_US PMDA0174.REF2 GR_US PMDA0174.REF2 BR_US PMDA0174.REF2

;LTK 100m_07252016

25JUL2016  18:12:03  Gain: 21  Zoff: -336 -280 356 -330
No   Time    G  PAR    F1   F2   F3   F4   Fm1  Fm2  Fm3  Fm4    Y1   Y2   Y3   Y4
 1 18:12:16 21   64     1   -9   -3   -1    48   29   33   54  ---- ---- ---- ----

25JUL2016  18:12:24  Gain: 21  Zoff: -336 -280 356 -330
No   Time    G  PAR    F1   F2   F3   F4   Fm1  Fm2  Fm3  Fm4    Y1   Y2   Y3   Y4
 1 18:12:24 21   64     1  -12   -1    1    41   33   29   45  ---- ---- ---- ----
 2 18:12:46 21   16    -5  -15   -3   -3    48   36   32   54  ---- ---- ---- ----
 3 18:13:06 21   64     4  -10    0    2    57   34   39   62  ---- ---- ---- ----
 4 18:13:27 21  128    -2  -15   -2    0    35   18   26   49  ---- ---- ---- ----
 5 18:13:47 21 -460    -6  -18   -3   -2    27   20   26   37  ---- ---- ---- ----
 6 18:14:07 21 3292    -2  -18    0    1    40   16   32   50  ---- ---- ---- ----
 7 18:14:27 21  320     3  -16    4    6    41   20   35   51  ---- ---- ---- ----
 8 18:14:48 21  384     4  -16    7    9    37   14   40   49  ---- ---- ---- ----
 9 18:15:08 21  448     4  -18    8   10    36   12   35   56  ---- ---- ---- ----
10 18:15:28 21  512     4  -18    8   11    40    7   32   46  ---- ---- ---- ----
11 18:15:48 21  576     4  -20    9   12    41    7   36   55  ---- ---- ---- ----
12 18:16:09 21  640     4  -21   11   14    34    9   34   55  ---- ---- ---- ----
13 18:16:29 21  704     6  -21   13   16    37    8   44   56  ---- ---- ---- ----
14 18:16:49 21  832    10  -21   17   21    35    7   43   58  ---- ---- ---- 0.64
;            Ch1    Ch2    Ch3    Ch4      blue   green  brown
;  alpha:  -0.000 -0.000 -0.000  4.549     6.545 -0.000 -0.000
; ETRmax:     0.0    0.0    0.0 1253.0    1261.4    0.0    0.0
;     Ik:     0.0    0.0    0.0  275.5     192.7    0.0    0.0
;References: BL_US PMDA0174.REF2 GR_US PMDA0174.REF2 BR_US PMDA0174.REF2


;LTK 110m_07252016

25JUL2016  18:19:16  Gain: 21  Zoff: -336 -280 356 -330
No   Time    G  PAR    F1   F2   F3   F4   Fm1  Fm2  Fm3  Fm4    Y1   Y2   Y3   Y4
 1 18:19:28 21   64    63   56   35   45   138  119   93  118  0.54 0.53 0.62 0.62

25JUL2016  18:19:36  Gain: 21  Zoff: -336 -280 356 -330
No   Time    G  PAR    F1   F2   F3   F4   Fm1  Fm2  Fm3  Fm4    Y1   Y2   Y3   Y4
 1 18:19:36 21   64    62   53   37   46   136  120   86  117  0.54 0.56 0.57 0.61
 2 18:19:58 21   16    52   45   31   39   144  117   92  119  0.64 0.62 0.66 0.67
 3 18:20:18 21   64    60   52   35   44   137  128   89  127  0.56 0.59 0.61 0.65
 4 18:20:39 21 -460    68   58   38   48   148  125   92  117  0.54 0.54 0.59 0.59
 5 18:20:59 21  192    69   58   41   51   127  116   89  109  0.46 0.50 0.54 0.53
 6 18:21:19 21  256    66   55   41   52   127  113   86  113  0.48 0.51 0.52 0.54
 7 18:21:39 21  320    67   55   42   53   117  115   84  109  0.43 0.52 0.50 0.51
 8 18:22:00 21  384    74   60   46   58   134  109   90  118  0.45 0.45 0.49 0.51
 9 18:22:20 21  448    80   62   49   61   125  115   88  118  0.36 0.46 0.44 0.48
10 18:22:40 21  512    77   60   49   61   121  109   85  113  0.36 0.45 0.42 0.46
11 18:23:00 21  576    79   62   51   64   126  106   83  107  0.37 0.42 0.39 0.40
12 18:23:21 21  640    82   63   54   67   121  109   88  118  0.32 0.42 0.39 0.43
13 18:23:41 21  704    86   65   57   71   130  115   89  119  0.34 0.43 0.36 0.40
14 18:24:01 21  832    91   66   62   76   135  108   96  118  0.33 0.39 0.35 0.36
;            Ch1    Ch2    Ch3    Ch4      blue   green  brown
;  alpha:   1.173  1.261  1.309  1.328     1.332 15.871  1.198
; ETRmax:   558.4 1891.5  614.8  666.8     880.1  836.3 11193.1
;     Ik:   476.2 1499.6  469.6  502.2     661.0   52.7 9342.9
;References: BL_US PMDA0174.REF2 GR_US PMDA0174.REF2 BR_US PMDA0174.REF2





Gain: 23  Zoff: 369 458 437 293
;LTK 120m_07252016

25JUL2016  18:58:00  Gain: 23  Zoff: 369 458 437 293
No   Time    G  PAR    F1   F2   F3   F4   Fm1  Fm2  Fm3  Fm4    Y1   Y2   Y3   Y4
 1 19:04:07 23   64     1    3    0    1    29   40   34   54  ---- ---- ---- ----

25JUL2016  19:04:13  Gain: 23  Zoff: 369 458 437 293
No   Time    G  PAR    F1   F2   F3   F4   Fm1  Fm2  Fm3  Fm4    Y1   Y2   Y3   Y4
 1 19:04:14 23   64     2    2    2    3    43   42   29   47  ---- ---- ---- ----
 2 19:04:35 23   16     0    3    0    1    41   38   46   67  ---- ---- ---- ----
 3 19:04:56 23   64     2    2    0    1    30   45   26   51  ---- ---- ---- ----
 4 19:05:16 23  128     1    1    2    3    36   34   38   50  ---- ---- ---- ----
 5 19:05:36 23  192     2   -1    3    4    29   39   27   57  ---- ---- ---- ----
 6 19:05:57 23  256     2   -2    4    6    26   23   25   61  ---- ---- ---- ----
 7 19:06:17 23  320     3   -4    5    8    23   25   39   61  ---- ---- ---- ----
 8 19:06:37 23  384     3   -5    6    9    22   27   41   63  ---- ---- ---- ----
 9 19:06:57 23  448     3   -5    6   10    30   30   37   62  ---- ---- ---- ----
10 19:07:18 23  512     3   -7    6   11    16   23   27   68  ---- ---- ---- ----
11 19:07:38 23  576     4   -8    7   12    32   31   35   59  ---- ---- ---- ----
12 19:07:58 23  640     4   -9    8   13    35   21   32   59  ---- ---- ---- ----
13 19:08:19 23  704     4  -10    8   14    36   24   40   66  ---- ---- ---- ----
14 19:08:39 23  832     1   -8   11   22     7   21   39   72  ---- ---- ---- 0.69
;            Ch1    Ch2    Ch3    Ch4      blue   green  brown
;  alpha:  -0.000 -0.000 -0.000  5.750     1.734 -0.000 -0.000
; ETRmax:     0.0    0.0    0.0 1422.1    1036.7    0.0    0.0
;     Ik:     0.0    0.0    0.0  247.3     597.7    0.0    0.0
;References: BL_US PMDA0174.REF2 GR_US PMDA0174.REF2 BR_US PMDA0174.REF2

;LTK 130m_07252016

25JUL2016  19:12:02  Gain: 23  Zoff: 369 458 437 293
No   Time    G  PAR    F1   F2   F3   F4   Fm1  Fm2  Fm3  Fm4    Y1   Y2   Y3   Y4
 1 19:12:14 23   64   129  158   54   72   206  248  108  162  0.37 0.36 0.50 0.56

25JUL2016  19:12:22  Gain: 23  Zoff: 369 458 437 293
No   Time    G  PAR    F1   F2   F3   F4   Fm1  Fm2  Fm3  Fm4    Y1   Y2   Y3   Y4
 1 19:12:22 23   64   127  156   55   72   203  245  107  157  0.37 0.36 0.49 0.54
 2 19:12:44 23   16   124  153   52   69   214  242  113  173  0.42 0.37 0.54 0.60
 3 19:13:04 23   64   133  159   56   74   213  242  123  176  0.38 0.34 0.54 0.58
 4 19:13:24 23  128   139  166   61   80   215  262  112  167  0.35 0.37 0.46 0.52
 5 19:13:45 23  192   155  175   69   91   222  265  110  180  0.30 0.34 0.37 0.49
 6 19:14:05 23  256   162  180   75   97   236  250  117  172  0.31 0.28 0.36 0.44
 7 19:14:25 23  320   153  174   75   97   216  249  112  173  0.29 0.30 0.33 0.44
 8 19:14:45 23  384   149  170   74   95   201  239  129  162  0.26 0.29 0.43 0.41
 9 19:15:06 23  448   147  168   75   96   198  222  115  165  0.26 0.24 0.35 0.42
10 19:15:26 23  512   149  170   78  100   204  222  117  164  0.27 0.23 0.33 0.39
11 19:15:46 23  576   149  169   80  103   195  232  119  167  0.24 0.27 0.33 0.38
12 19:16:07 23  640   149  169   81  104   185  230  125  165  0.19 0.27 0.35 0.37
13 19:16:27 23  704   148  168   81  104   179  223  113  170  0.17 0.25 0.28 0.39
14 19:16:47 23  832   136  167   78  112   145  215  116  167  0.06 0.22 0.33 0.33
;            Ch1    Ch2    Ch3    Ch4      blue   green  brown
;  alpha:   0.793  0.870  0.989  1.313     1.361 -0.000  0.878
; ETRmax:   244.1  945.7 1812.0 1414.3    2607.8    0.0  316.8
;     Ik:   308.0 1087.6 1831.5 1077.0    1915.6    0.0  360.7
;References: BL_US PMDA0174.REF2 GR_US PMDA0174.REF2 BR_US PMDA0174.REF2


 1 19:19:12 23   64   -31  -34  -24  -19     5    1   12   35  ---- ---- ---- ----
Gain: 22  Zoff: -84 -30 402 -113

;LTK 140m_07252016
25JUL2016  19:27:03  Gain: 22  Zoff: -84 -30 402 -113
No   Time    G  PAR    F1   F2   F3   F4   Fm1  Fm2  Fm3  Fm4    Y1   Y2   Y3   Y4
 1 19:33:42 22   64    25   34    3    7    60   69   31   57  0.58 0.51 ---- ----

25JUL2016  19:33:49  Gain: 22  Zoff: -84 -30 402 -113
No   Time    G  PAR    F1   F2   F3   F4   Fm1  Fm2  Fm3  Fm4    Y1   Y2   Y3   Y4
 1 19:33:50 22    1    26   34    6   11    68   65   47   56  0.62 0.48 ---- ----
 2 19:34:11 22 -460    28   36    7   12    64   73   47   65  0.56 0.51 ---- ----
 3 19:34:32 22   64    30   38    7   13    67   82   35   62  0.55 0.54 ---- ----
 4 19:34:52 22    1    32   37    9   14    68   62   42   71  0.53 0.40 ---- ----
 5 19:35:12 22 -460    35   37   12   18    66   73   46   57  0.47 0.49 ---- ----
 6 19:35:32 22  256    36   36   15   21    58   77   39   71  0.38 0.53 ---- 0.70
 7 19:35:53 22  320    37   35   16   23    68   70   43   80  0.46 0.50 ---- 0.71
 8 19:36:13 22  384    35   32   18   24    60   67   53   71  0.42 0.52 ---- 0.66
 9 19:36:33 22  448    34   29   18   24    63   64   40   69  0.46 0.55 ---- 0.65
10 19:36:54 22  512    33   28   19   25    56   54   51   73  0.41 0.48 ---- 0.66
11 19:37:14 22  576    34   26   21   27    56   55   47   72  0.39 0.53 0.55 0.63
12 19:37:34 22  640    34   24   22   29    68   51   51   63  0.50 0.53 0.57 0.54
13 19:37:54 22  704    34   24   24   31    59   61   45   66  0.42 0.61 0.47 0.53
14 19:38:15 22  832    36   22   27   35    37   53   35   78  ---- 0.58 ---- 0.55
;            Ch1    Ch2    Ch3    Ch4      blue   green  brown
;  alpha:   1.218  1.167  2.306  1.710     2.044  2.488  1.214
; ETRmax:   631.7 3636304.  786.4 1055.0    1013.7  694.7 5056441.
;     Ik:   518.8 3115776.  341.0  616.9     495.9  279.2 4166372.
;References: BL_US PMDA0174.REF2 GR_US PMDA0174.REF2 BR_US PMDA0174.REF2


;LTK 150m_07252016

25JUL2016  19:41:04  Gain: 22  Zoff: -84 -30 402 -113
No   Time    G  PAR    F1   F2   F3   F4   Fm1  Fm2  Fm3  Fm4    Y1   Y2   Y3   Y4
 1 19:41:15 22   64   624  649  174  183   660  688  206  237  0.05 0.06 0.16 0.23

25JUL2016  19:41:20  Gain: 22  Zoff: -84 -30 402 -113
No   Time    G  PAR    F1   F2   F3   F4   Fm1  Fm2  Fm3  Fm4    Y1   Y2   Y3   Y4
 1 19:41:20 22   64   620  642  175  183   647  670  202  229  0.04 0.04 0.13 0.20
 2 19:41:42 22   16   608  631  171  180   657  673  202  226  0.07 0.06 0.15 0.20
 3 19:42:02 22    1   604  624  171  180   634  647  202  228  0.05 0.04 0.15 0.21
 4 19:42:22 22  128   589  605  167  177   604  631  194  223  0.02 0.04 0.14 0.21
 5 19:42:43 22 -460   572  586  164  173   581  616  197  216  0.02 0.05 0.17 0.20
 6 19:43:03 22  256   560  571  163  172   582  606  187  226  0.04 0.06 0.13 0.24
 7 19:43:23 22  320   548  554  162  172   571  581  183  214  0.04 0.05 0.11 0.20
 8 19:43:43 22  384   530  535  157  167   545  567  183  214  0.03 0.06 0.14 0.22
 9 19:44:04 22  448   511  518  152  161   540  538  175  207  0.05 0.04 0.13 0.22
10 19:44:24 22    1   497  501  148  158   518  528  173  195  0.04 0.05 0.14 0.19
11 19:44:44 22  576   486  488  146  157   504  512  160  201  0.04 0.05 0.09 0.22
12 19:45:05 22  640   472  472  144  155   492  507  158  202  0.04 0.07 0.09 0.23
13 19:45:25 22  704   459  458  141  152   476  474  167  192  0.04 0.03 0.16 0.21
14 19:45:45 22  832   448  443  141  151   436  462  147  195  ---- 0.04 ---- 0.23
;            Ch1    Ch2    Ch3    Ch4      blue   green  brown
;  alpha:   0.082  0.117  0.303  0.489    -0.000 -0.000  0.151
; ETRmax:   244.3   96.0  160.3 74356.8       0.0    0.0  100.8
;     Ik:  2995.2  822.6  529.6 152042.2       0.0    0.0  666.2
;References: BL_US PMDA0174.REF2 GR_US PMDA0174.REF2 BR_US PMDA0174.REF2

;LTK 160m_07252016

25JUL2016  19:48:06  Gain: 22  Zoff: -84 -30 402 -113
No   Time    G  PAR    F1   F2   F3   F4   Fm1  Fm2  Fm3  Fm4    Y1   Y2   Y3   Y4
 1 19:48:18 22   64   470  488  122  130   494  509  155  175  0.05 0.04 0.21 0.26

25JUL2016  19:48:25  Gain: 22  Zoff: -84 -30 402 -113
No   Time    G  PAR    F1   F2   F3   F4   Fm1  Fm2  Fm3  Fm4    Y1   Y2   Y3   Y4
 1 19:48:26 22   64   465  481  123  130   490  493  150  177  0.05 0.02 0.18 0.27
 2 19:48:48 22    1   455  474  119  124   479  511  147  170  0.05 0.07 0.19 0.27
 3 19:49:08 22   64   445  463  115  122   473  495  136  161  0.06 0.06 0.15 0.24
 4 19:49:28 22  128   434  449  114  120   451  478  139  168  0.04 0.06 0.18 0.29
 5 19:49:48 22  192   424  438  113  119   445  462  141  164  0.05 0.05 0.20 0.27
 6 19:50:09 22  256   413  423  112  117   428  455  137  160  0.04 0.07 0.18 0.27
 7 19:50:29 22  320   401  410  110  115   428  439  134  159  0.06 0.07 0.18 0.28
 8 19:50:49 22 -460   391  398  108  114   413  427  132  155  0.05 0.07 0.18 0.26
 9 19:51:10 22  448   382  387  107  113   412  410  137  156  0.07 0.06 0.22 0.28
10 19:51:30 22  512   373  376  106  111   395  401  130  155  0.06 0.06 0.18 0.28
11 19:51:50 22  576   363  364  105  111   381  382  126  158  0.05 0.05 0.17 0.30
12 19:52:10 22 -458   355  354  104  110   376  376  125  148  0.06 0.06 0.17 0.26
13 19:52:31 22  704   348  345  103  110   362  373  131  147  0.04 0.08 0.21 0.25
14 19:52:51 22  832   341  335  103  111   338  358  110  151  ---- 0.06 ---- 0.26
;            Ch1    Ch2    Ch3    Ch4      blue   green  brown
;  alpha:   0.120  0.142  0.439  0.615    -0.000 -0.000  0.218
; ETRmax:  1976.6 1842.9  916.6 1084.1       0.0    0.0  135.8
;     Ik:  16490.2 13014.7 2087.7 1763.9       0.0    0.0  624.0
;References: BL_US PMDA0174.REF2 GR_US PMDA0174.REF2 BR_US PMDA0174.REF2

;LTK 170m_07252016

25JUL2016  19:55:09  Gain: 22  Zoff: -84 -30 402 -113
No   Time    G  PAR    F1   F2   F3   F4   Fm1  Fm2  Fm3  Fm4    Y1   Y2   Y3   Y4
 1 19:55:28 22   64   282  308   82   95   338  361  127  154  0.17 0.15 0.35 0.38

25JUL2016  19:55:35  Gain: 22  Zoff: -84 -30 402 -113
No   Time    G  PAR    F1   F2   F3   F4   Fm1  Fm2  Fm3  Fm4    Y1   Y2   Y3   Y4
 1 19:55:35 22   64   283  307   85   98   330  369  125  169  0.14 0.17 0.32 0.42
 2 19:55:57 22   16   269  297   78   89   318  349  118  160  0.15 0.15 0.34 0.44
 3 19:56:17 22    1   265  294   76   88   312  343  112  154  0.15 0.14 0.32 0.43
 4 19:56:38 22    1   262  290   78   90   304  343  113  144  0.14 0.15 0.31 0.38
 5 19:56:58 22    1   259  286   79   92   297  328  106  142  0.13 0.13 0.25 0.35
 6 19:57:18 22 -460   257  282   81   94   296  327  111  142  0.13 0.14 0.27 0.34
 7 19:57:39 22 2593   259  281   83   97   295  326  111  156  0.12 0.14 0.25 0.38
 8 19:57:59 22  384   261  281   85  100   302  315  110  154  0.14 0.11 0.23 0.35
 9 19:58:19 22  448   262  279   87  102   300  322  112  155  0.13 0.13 0.22 0.34
10 19:58:39 22  512   259  274   88  103   292  319  116  147  0.11 0.14 0.24 0.30
11 19:59:00 22  576   254  268   88  103   278  298  108  150  0.09 0.10 0.19 0.31
12 19:59:20 22  640   247  260   87  101   282  290  120  143  0.12 0.10 0.28 0.29
13 19:59:40 22  704   242  255   87  101   271  294  111  138  0.11 0.13 0.22 0.27
14 20:00:00 22  832   241  251   90  104   239  286  100  152  ---- 0.12 0.10 0.32
;            Ch1    Ch2    Ch3    Ch4      blue   green  brown
;  alpha:   0.311  0.338  0.643  0.877    -0.000 -0.000  0.393
; ETRmax:   183.9  850.0  267.1  700.0       0.0    0.0  183.5
;     Ik:   590.8 2518.1  415.5  798.3       0.0    0.0  466.5
;References: BL_US PMDA0174.REF2 GR_US PMDA0174.REF2 BR_US PMDA0174.REF2

;LTK 180m_07252016

25JUL2016  20:03:06  Gain: 22  Zoff: -84 -30 402 -113
No   Time    G  PAR    F1   F2   F3   F4   Fm1  Fm2  Fm3  Fm4    Y1   Y2   Y3   Y4
 1 20:03:07 22 -458   270  298   78   92   301  330  106  143  0.10 0.10 0.26 0.36

25JUL2016  20:03:16  Gain: 22  Zoff: -84 -30 402 -113
No   Time    G  PAR    F1   F2   F3   F4   Fm1  Fm2  Fm3  Fm4    Y1   Y2   Y3   Y4
 1 20:03:16 22   64   271  296   80   94   306  332  101  146  0.11 0.11 0.21 0.36
 2 20:03:38 22   16   270  299   79   93   298  339  104  139  0.09 0.12 0.24 0.33
 3 20:03:58 22   64   270  299   78   93   299  331  103  134  0.10 0.10 0.24 0.31
 4 20:04:18 22 -458   269  296   79   94   293  327  113  141  0.08 0.09 0.30 0.33
 5 20:04:39 22  192   268  293   82   96   284  328  112  139  0.06 0.11 0.27 0.31
 6 20:04:59 22  256   269  292   84   99   290  321  102  150  0.07 0.09 0.18 0.34
 7 20:05:19 22 -458   272  291   86  101   294  320  120  145  0.07 0.09 0.28 0.30
 8 20:05:39 22 1415   271  289   87  102   304  322  110  146  0.11 0.10 0.21 0.30
 9 20:06:00 22    1   269  287   88  102   290  313  111  143  0.07 0.08 0.21 0.29
10 20:06:20 22 -460   266  283   88  103   291  312  110  144  0.09 0.09 0.20 0.28
11 20:06:40 22  576   265  279   89  104   285  306  110  150  0.07 0.09 0.19 0.31
12 20:07:00 22  640   264  278   90  105   289  313  113  153  0.09 0.11 0.20 0.31
13 20:07:21 22 -458   264  276   92  107   277  295  121  152  0.05 0.06 0.24 0.30
14 20:07:41 22  832   266  274   95  111   256  288  100  162  ---- 0.05 ---- 0.31
;            Ch1    Ch2    Ch3    Ch4      blue   green  brown
;  alpha:   0.203  0.198  0.568  0.739    -0.000 -0.000  0.317
; ETRmax:   465.0   78.2 1651.2 5061.1       0.0    0.0  186.9
;     Ik:  2292.9  395.9 2905.8 6845.1       0.0    0.0  589.6
;References: BL_US PMDA0174.REF2 GR_US PMDA0174.REF2 BR_US PMDA0174.REF2

;LTK 190m_07252016

25JUL2016  20:11:00  Gain: 22  Zoff: -84 -30 402 -113
No   Time    G  PAR    F1   F2   F3   F4   Fm1  Fm2  Fm3  Fm4    Y1   Y2   Y3   Y4
 1 20:11:19 22 -460   301  331   89  107   329  360  120  151  0.09 0.08 0.26 0.29

25JUL2016  20:11:37  Gain: 22  Zoff: -84 -30 402 -113
No   Time    G  PAR    F1   F2   F3   F4   Fm1  Fm2  Fm3  Fm4    Y1   Y2   Y3   Y4
 1 20:11:37 22   64   298  328   89  107   330  354  112  163  0.10 0.07 0.21 0.34
 2 20:11:59 22   16   297  328   89  107   321  363  119  158  0.07 0.10 0.25 0.32
 3 20:12:19 22   64   294  325   88  106   326  359  115  151  0.10 0.09 0.23 0.30
 4 20:12:39 22  128   292  321   89  107   319  353  111  158  0.08 0.09 0.20 0.32
 5 20:13:00 22  192   290  316   90  108   319  348  120  151  0.09 0.09 0.25 0.28
 6 20:13:20 22 -458   287  311   91  109   311  345  120  151  0.08 0.10 0.24 0.28
 7 20:13:40 22  320   285  306   92  110   316  337  115  147  0.10 0.09 0.20 0.25
 8 20:14:01 22  384   283  303   93  112   306  342  128  153  0.08 0.11 0.27 0.27
 9 20:14:21 22  448   281  300   94  113   305  328  119  158  0.08 0.09 0.21 0.28
10 20:14:41 22  512   280  296   95  114   303  322  128  159  0.08 0.08 0.26 0.28
11 20:15:01 22    1   279  294   97  116   305  321  128  139  0.09 0.08 0.24 0.17
12 20:15:22 22  640   278  291   97  118   303  317  122  158  0.08 0.08 0.20 0.25
13 20:15:42 22  704   278  289   99  119   307  309  114  157  0.09 0.06 0.13 0.24
14 20:16:02 22    1   278  285  102  122   269  303  108  173  ---- 0.06 ---- 0.29
;            Ch1    Ch2    Ch3    Ch4      blue   green  brown
;  alpha:   0.189  0.221  0.532  0.666    -0.000 -0.000  0.298
; ETRmax:   557.0  114.2  319.9  676.9       0.0    0.0  154.9
;     Ik:  2952.2  516.6  601.1 1016.4       0.0    0.0  518.8
;References: BL_US PMDA0174.REF2 GR_US PMDA0174.REF2 BR_US PMDA0174.REF2

;LTK 200m_07252016

25JUL2016  20:19:39  Gain: 22  Zoff: -84 -30 402 -113
No   Time    G  PAR    F1   F2   F3   F4   Fm1  Fm2  Fm3  Fm4    Y1   Y2   Y3   Y4
 1 20:19:56 22   64   286  314   95  121   341  359  136  185  0.16 0.13 0.30 0.35

25JUL2016  20:20:07  Gain: 22  Zoff: -84 -30 402 -113
No   Time    G  PAR    F1   F2   F3   F4   Fm1  Fm2  Fm3  Fm4    Y1   Y2   Y3   Y4
 1 20:20:08 22   64   284  313   98  123   341  363  141  189  0.17 0.14 0.30 0.35
 2 20:20:30 22   16   273  308   93  116   324  369  140  189  0.16 0.17 0.34 0.39
 3 20:20:50 22   64   279  312   95  119   330  360  134  181  0.15 0.13 0.29 0.34
 4 20:21:10 22  128   282  311   97  122   320  360  134  182  0.12 0.14 0.28 0.33
 5 20:21:30 22    1   285  310   99  125   326  360  132  173  0.13 0.14 0.25 0.28
 6 20:21:51 22  256   280  305   99  125   313  349  139  179  0.11 0.13 0.29 0.30
 7 20:22:11 22    1   278  302   99  125   315  340  122  170  0.12 0.11 0.19 0.26
 8 20:22:31 22  384   280  301  102  127   314  352  131  180  0.11 0.14 0.22 0.29
 9 20:22:51 22  448   278  297  103  128   315  328  128  180  0.12 0.09 0.20 0.29
10 20:23:12 22  512   274  294  103  129   304  327  129  174  0.10 0.10 0.20 0.26
11 20:23:32 22  576   273  293  103  130   301  328  128  172  0.09 0.11 0.20 0.24
12 20:23:52 22    1   272  290  105  131   299  326  131  181  0.09 0.11 0.20 0.28
13 20:24:13 22  704   271  288  106  133   290  321  131  175  0.07 0.10 0.19 0.24
14 20:24:33 22  832   270  286  108  134   267  310  117  182  ---- 0.08 0.08 0.26
;            Ch1    Ch2    Ch3    Ch4      blue   green  brown
;  alpha:   0.350  0.277  0.616  0.675     1.911 -0.000  0.449
; ETRmax:   344.5 2063.3 1025.9 5966.1    1830.3    0.0  323.1
;     Ik:   983.6 7455.3 1665.3 8834.4     957.6    0.0  719.3
;References: BL_US PMDA0174.REF2 GR_US PMDA0174.REF2 BR_US PMDA0174.REF2