Gain: 21  Zoff: 267 296 179 177
;LTK_03282018_0m
28MAR2018  17:01:30  Gain: 21  Zoff: 267 296 179 177
No   Time    G  PAR    F1   F2   F3   F4   Fm1  Fm2  Fm3  Fm4    Y1   Y2   Y3   Y4
 1 17:14:45 21 3391    98  138   84   93   212  255  179  213  0.54 0.46 0.53 0.56

28MAR2018  17:14:48  Gain: 21  Zoff: 267 296 179 177
No   Time    G  PAR    F1   F2   F3   F4   Fm1  Fm2  Fm3  Fm4    Y1   Y2   Y3   Y4
 1 17:14:49 21 3392   104  141   90  100   212  250  179  216  0.51 0.44 0.50 0.54
 2 17:15:10 21 3391    92  131   82   90   205  246  180  209  0.55 0.47 0.54 0.57
 3 17:15:30 21 3387    99  139   86   96   205  263  174  213  0.52 0.47 0.51 0.55
 4 17:15:51 21 3393   102  142   86   98   206  269  181  213  0.50 0.47 0.52 0.54
 5 17:16:11 21 3385   108  146   95  106   202  264  184  221  0.47 0.45 0.48 0.52
 6 17:16:31 21 3390   104  143   92  103   192  252  165  203  0.46 0.43 0.44 0.49
 7 17:16:51 21 3387   108  144   95  107   196  249  161  203  0.45 0.42 0.41 0.47
 8 17:17:12 21 3386   109  145  101  113   184  247  173  210  0.41 0.41 0.42 0.46
 9 17:17:32 21 3390   115  149  113  124   192  251  180  215  0.40 0.41 0.37 0.42
10 17:17:52 21 3385   114  145  104  117   177  237  161  199  0.36 0.39 0.35 0.41
;            Ch1    Ch2    Ch3    Ch4      blue   green  brown
;  alpha:   0.465  0.431  0.456  0.515     0.444 -0.000  0.479
; ETRmax:   851.5  816.7  844.1  885.3     829.9    0.0  852.9
;     Ik:  1831.9 1893.9 1852.3 1719.3    1867.3    0.0 1780.1
;References: BL_US PMDA0174.REF2 GR_US PMDA0174.REF2 BR_US PMDA0174.REF2

;LTK_03282018_10m
28MAR2018  17:21:19  Gain: 21  Zoff: 267 296 179 177
No   Time    G  PAR    F1   F2   F3   F4   Fm1  Fm2  Fm3  Fm4    Y1   Y2   Y3   Y4
 1 17:21:33 21 3390    63   86   58   68   145  153  122  155  0.57 0.44 0.52 0.56

28MAR2018  17:21:37  Gain: 21  Zoff: 267 296 179 177
No   Time    G  PAR    F1   F2   F3   F4   Fm1  Fm2  Fm3  Fm4    Y1   Y2   Y3   Y4
 1 17:21:38 21 3388    68   85   63   74   141  145  126  161  0.52 0.41 0.50 0.54
 2 17:21:59 21 3389    61   81   57   65   147  149  133  156  0.59 0.46 0.57 0.58
 3 17:22:20 21 3391    64   85   60   68   146  153  128  161  0.56 0.44 0.53 0.58
 4 17:22:40 21 3388    69   87   62   73   147  157  134  164  0.53 0.45 0.54 0.55
 5 17:23:00 21 3386    69   90   67   77   140  164  137  163  0.51 0.45 0.51 0.53
 6 17:23:21 21 3384    68   89   66   77   131  167  125  155  0.48 0.47 0.47 0.50
 7 17:23:41 21 3390    74   91   70   82   141  161  131  162  0.48 0.43 0.47 0.49
 8 17:24:01 21 3385    77   93   74   86   130  161  131  158  0.41 0.42 0.44 0.46
 9 17:24:21 21 3387    71   88   70   81   125  149  118  153  0.43 0.41 0.41 0.47
10 17:24:42 21 3388    71   87   71   82   117  156  125  147  0.39 0.44 0.43 0.44
;            Ch1    Ch2    Ch3    Ch4      blue   green  brown
;  alpha:   0.482  0.435  0.477  0.512     0.498 -0.000  0.497
; ETRmax:  1203.0  821.4 1206.7 1260.2     865.9    0.0  867.2
;     Ik:  2496.6 1887.0 2529.1 2459.0    1739.8    0.0 1744.4
;References: BL_US PMDA0174.REF2 GR_US PMDA0174.REF2 BR_US PMDA0174.REF2

;LTK_03282018_20m

28MAR2018  17:29:27  Gain: 21  Zoff: 267 296 179 177
No   Time    G  PAR    F1   F2   F3   F4   Fm1  Fm2  Fm3  Fm4    Y1   Y2   Y3   Y4
 1 17:29:39 21 3389    62  109   62   69   124  172  115  151  0.50 0.37 0.46 0.54

28MAR2018  17:29:43  Gain: 21  Zoff: 267 296 179 177
No   Time    G  PAR    F1   F2   F3   F4   Fm1  Fm2  Fm3  Fm4    Y1   Y2   Y3   Y4
 1 17:29:43 21 3393    65  108   67   75   124  158  127  157  0.48 0.32 0.47 0.52
 2 17:30:05 21 3385    61  104   64   71   128  173  122  153  0.52 0.40 0.48 0.54
 3 17:30:25 21 3388    62  110   66   73   127  173  124  155  0.51 0.36 0.47 0.53
 4 17:30:45 21 3386    66  112   69   76   128  178  126  161  0.48 0.37 0.45 0.53
 5 17:31:06 21 3385    69  117   74   82   133  184  133  159  0.48 0.36 0.44 0.48
 6 17:31:26 21 3382    69  117   76   84   129  180  128  160  0.47 0.35 0.41 0.47
 7 17:31:46 21 3391    73  119   79   88   132  181  135  162  0.45 0.34 0.41 0.46
 8 17:32:06 21 3391    76  119   80   89   126  189  133  157  0.40 0.37 0.40 0.43
 9 17:32:27 21 3388    75  118   82   91   122  177  131  158  0.39 0.33 0.37 0.42
10 17:32:47 21 3389    76  119   86   95   120  177  139  163  0.37 0.33 0.38 0.42
;            Ch1    Ch2    Ch3    Ch4      blue   green  brown
;  alpha:   0.454  0.331  0.423  0.491     0.438 -0.000  0.410
; ETRmax:   840.9  744.4  807.3  865.1     825.7    0.0  803.2
;     Ik:  1850.6 2248.1 1909.6 1760.8    1884.4    0.0 1956.6
;References: BL_US PMDA0174.REF2 GR_US PMDA0174.REF2 BR_US PMDA0174.REF2

;LTK_03282018_30m

28MAR2018  17:34:38  Gain: 21  Zoff: 267 296 179 177
No   Time    G  PAR    F1   F2   F3   F4   Fm1  Fm2  Fm3  Fm4    Y1   Y2   Y3   Y4
 1 17:34:49 21 3388    90  142   72   83   211  289  170  214  0.57 0.51 0.58 0.61

28MAR2018  17:34:53  Gain: 21  Zoff: 267 296 179 177
No   Time    G  PAR    F1   F2   F3   F4   Fm1  Fm2  Fm3  Fm4    Y1   Y2   Y3   Y4
 1 17:34:53 21 3385    95  144   77   89   212  283  180  213  0.55 0.49 0.57 0.58
 2 17:35:07 21 3386    83  130   74   83   216  279  176  217  0.62 0.53 0.58 0.62
 3 17:35:15 21 3390    86  132   78   87   217  280  173  220  0.60 0.53 0.55 0.60
 4 17:35:35 21 3388    85  139   74   84   213  308  183  221  0.60 0.55 0.60 0.62
 5 17:35:55 21 3389    88  145   77   88   203  304  175  208  0.57 0.52 0.56 0.58
 6 17:36:15 21 3384    91  149   80   91   202  312  175  204  0.55 0.52 0.54 0.55
 7 17:36:36 21 3388   101  152   85   98   203  310  175  210  0.50 0.51 0.51 0.53
 8 17:36:56 21 3386   101  154   87  100   191  300  171  204  0.47 0.49 0.49 0.51
 9 17:37:16 21 3384   101  156   90  103   184  298  171  205  0.45 0.48 0.47 0.50
10 17:37:37 21 3389   106  162   99  112   189  302  177  212  0.44 0.46 0.44 0.47
11 17:37:57 21 3390   107  164  101  115   181  299  175  207  0.41 0.45 0.42 0.44
;            Ch1    Ch2    Ch3    Ch4      blue   green  brown
;  alpha:   0.555 652787.1 144556.3  0.588    96752.68 -0.000  0.574
; ETRmax:   906.2 3127.3 3336.0  932.7    3534.3    0.0  920.6
;     Ik:  1634.1    0.0    0.0 1585.0       0.0    0.0 1602.7
;References: BL_US PMDA0174.REF2 GR_US PMDA0174.REF2 BR_US PMDA0174.REF2

;LTK_03282018_40m

28MAR2018  17:40:30  Gain: 21  Zoff: 267 296 179 177
No   Time    G  PAR    F1   F2   F3   F4   Fm1  Fm2  Fm3  Fm4    Y1   Y2   Y3   Y4
 1 17:40:41 21 3378   425  489  232  275   802  947  451  551  0.47 0.48 0.49 0.50

28MAR2018  17:40:45  Gain: 21  Zoff: 267 296 179 177
No   Time    G  PAR    F1   F2   F3   F4   Fm1  Fm2  Fm3  Fm4    Y1   Y2   Y3   Y4
 1 17:40:46 21 3389   436  499  241  285   793  920  445  557  0.45 0.46 0.46 0.49
 2 17:41:07 21 3384   381  456  214  251   863  973  483  600  0.56 0.53 0.56 0.58
 3 17:41:28 21 3390   405  475  225  266   823  958  470  570  0.51 0.50 0.52 0.53
 4 17:41:48 21 3385   428  491  238  282   782  928  441  539  0.45 0.47 0.46 0.48
 5 17:42:08 21 3383   434  498  242  288   749  916  423  517  0.42 0.46 0.43 0.44
 6 17:42:29 21 3390   450  511  251  299   728  894  413  505  0.38 0.43 0.39 0.41
 7 17:42:49 21 3386   461  523  257  307   719  887  411  497  0.36 0.41 0.37 0.38
 8 17:43:09 21 3385   470  533  264  314   713  871  407  496  0.34 0.39 0.35 0.37
 9 17:43:29 21 3380   476  540  268  320   688  861  394  483  0.31 0.37 0.32 0.34
10 17:43:50 21 3382   475  545  268  320   657  845  381  470  0.28 0.36 0.30 0.32
;            Ch1    Ch2    Ch3    Ch4      blue   green  brown
;  alpha:   0.393  0.420  0.397  0.416     0.288 -0.000  0.447
; ETRmax:   790.2 1099.6 1050.6 1094.8     831.6    0.0  830.3
;     Ik:  2010.8 2615.5 2647.0 2633.5    2889.3    0.0 1857.7
;References: BL_US PMDA0174.REF2 GR_US PMDA0174.REF2 BR_US PMDA0174.REF2

;LTK_03282018_50m

28MAR2018  17:46:28  Gain: 21  Zoff: 267 296 179 177
No   Time    G  PAR    F1   F2   F3   F4   Fm1  Fm2  Fm3  Fm4    Y1   Y2   Y3   Y4
 1 17:46:42 21 3388   403  445  228  268   803  878  456  551  0.50 0.49 0.50 0.51

28MAR2018  17:46:46  Gain: 21  Zoff: 267 296 179 177
No   Time    G  PAR    F1   F2   F3   F4   Fm1  Fm2  Fm3  Fm4    Y1   Y2   Y3   Y4
 1 17:46:46 21 3384   419  459  238  279   812  875  451  562  0.48 0.48 0.47 0.50
 2 17:47:08 21 3385   403  442  223  261   939  957  522  638  0.57 0.54 0.57 0.59
 3 17:47:28 21 3383   451  478  245  291   885  937  497  605  0.49 0.49 0.51 0.52
 4 17:47:48 21 3387   446  474  248  293   784  859  450  542  0.43 0.45 0.45 0.46
 5 17:48:09 21 3388   436  467  250  296   729  823  425  517  0.40 0.43 0.41 0.43
 6 17:48:29 21 3389   452  479  263  311   713  808  416  512  0.37 0.41 0.37 0.39
 7 17:48:49 21 3387   468  492  274  325   693  789  417  512  0.32 0.38 0.34 0.37
 8 17:49:09 21 3386   473  499  278  329   680  784  405  493  0.30 0.36 0.31 0.33
 9 17:49:30 21 3384   480  509  282  333   675  779  401  492  0.29 0.35 0.30 0.32
10 17:49:50 21 3390   494  526  288  342   677  789  399  490  0.27 0.33 0.28 0.30
;            Ch1    Ch2    Ch3    Ch4      blue   green  brown
;  alpha:   0.378  0.402  0.379  0.414     0.286 -0.000  0.412
; ETRmax:   779.8 1066.0 1023.2  802.7     827.5    0.0 1085.7
;     Ik:  2064.5 2653.1 2697.0 1941.0    2897.4    0.0 2635.6
;References: BL_US PMDA0174.REF2 GR_US PMDA0174.REF2 BR_US PMDA0174.REF2

;LTK_03282018_60m

28MAR2018  17:53:24  Gain: 21  Zoff: 267 296 179 177
No   Time    G  PAR    F1   F2   F3   F4   Fm1  Fm2  Fm3  Fm4    Y1   Y2   Y3   Y4
 1 17:53:36 21 3389   296  299  170  201   551  554  326  403  0.46 0.46 0.48 0.50

28MAR2018  17:53:40  Gain: 21  Zoff: 267 296 179 177
No   Time    G  PAR    F1   F2   F3   F4   Fm1  Fm2  Fm3  Fm4    Y1   Y2   Y3   Y4
 1 17:53:41 21 3384   299  301  176  208   550  538  336  407  0.46 0.44 0.48 0.49
 2 17:54:02 21 3388   253  268  151  176   580  565  341  423  0.56 0.53 0.56 0.58
 3 17:54:22 21 3389   274  283  162  191   556  551  326  405  0.51 0.49 0.50 0.53
 4 17:54:43 21 3382   302  301  178  211   533  538  319  395  0.43 0.44 0.44 0.47
 5 17:55:03 21 3390   323  318  190  227   527  535  313  395  0.39 0.41 0.39 0.43
 6 17:55:23 21 3390   352  339  204  245   542  545  320  395  0.35 0.38 0.36 0.38
 7 17:55:43 21 3379   371  354  214  256   541  541  313  394  0.31 0.35 0.32 0.35
 8 17:56:04 21 3377   383  366  220  265   533  532  312  387  0.28 0.31 0.29 0.32
 9 17:56:24 21 3386   393  379  226  274   524  531  309  389  0.25 0.29 0.27 0.30
10 17:56:44 21 3386   394  379  227  273   503  518  301  370  0.22 0.27 0.25 0.26
;            Ch1    Ch2    Ch3    Ch4      blue   green  brown
;  alpha:  154122.1  0.373  0.369  0.398    426493.2 -0.000  0.390
; ETRmax:  5555.1  774.6  772.9  795.4    3482.3    0.0  786.3
;     Ik:     0.0 2079.3 2095.1 1999.5       0.0    0.0 2018.0
;References: BL_US PMDA0174.REF2 GR_US PMDA0174.REF2 BR_US PMDA0174.REF2

;LTK_03282018_70m

28MAR2018  17:59:20  Gain: 21  Zoff: 267 296 179 177
No   Time    G  PAR    F1   F2   F3   F4   Fm1  Fm2  Fm3  Fm4    Y1   Y2   Y3   Y4
 1 17:59:33 21 3391   226  170  142  165   383  289  242  298  0.41 0.41 0.41 0.45

28MAR2018  17:59:38  Gain: 21  Zoff: 267 296 179 177
No   Time    G  PAR    F1   F2   F3   F4   Fm1  Fm2  Fm3  Fm4    Y1   Y2   Y3   Y4
 1 17:59:38 21 3386   232  171  149  173   378  281  260  301  0.39 0.39 0.43 0.43
 2 17:59:59 21 3392   194  149  126  145   393  290  253  317  0.51 0.49 0.50 0.54
 3 18:00:20 21 3388   214  162  137  158   381  281  239  296  0.44 0.42 0.43 0.47
 4 18:00:40 21 3387   235  174  149  174   361  273  238  289  0.35 0.36 0.37 0.40
 5 18:01:00 21 3391   247  180  159  185   363  274  239  287  0.32 0.34 0.33 0.36
 6 18:01:21 21 3395   256  184  165  193   345  267  228  282  0.26 0.31 0.28 0.32
 7 18:01:41 21 3389   260  186  168  196   343  258  229  278  0.24 0.28 0.27 0.29
 8 18:02:01 21 3389   262  188  170  198   337  260  226  272  0.22 0.28 0.25 0.27
 9 18:02:21 21 3390   267  193  174  203   336  261  230  279  0.21 0.26 0.24 0.27
10 18:02:42 21 3388   271  194  177  206   333  254  222  276  0.19 0.24 0.20 0.25
;            Ch1    Ch2    Ch3    Ch4      blue   green  brown
;  alpha:   0.283 203505.1  0.304  0.338     0.307 282766.9  0.346
; ETRmax:   750.5 3287.8  734.5  747.5     739.9 3241.4  753.2
;     Ik:  2650.7    0.0 2416.0 2212.0    2412.6    0.0 2178.8
;References: BL_US PMDA0174.REF2 GR_US PMDA0174.REF2 BR_US PMDA0174.REF2

;LTK_03282018_80m

28MAR2018  18:05:58  Gain: 21  Zoff: 267 296 179 177
No   Time    G  PAR    F1   F2   F3   F4   Fm1  Fm2  Fm3  Fm4    Y1   Y2   Y3   Y4
 2 18:06:12 21 3369   231  158  140  164   366  240  233  293  0.37 0.34 0.40 0.44
 2 18:06:11 21 3369   231  158  140  164   366  240  233  293  0.37 0.34 0.40 0.44

28MAR2018  18:06:15  Gain: 21  Zoff: 267 296 179 177
No   Time    G  PAR    F1   F2   F3   F4   Fm1  Fm2  Fm3  Fm4    Y1   Y2   Y3   Y4
 1 18:06:16 21 3389   237  158  147  172   364  248  237  287  0.35 0.36 0.38 0.40
 2 18:06:37 21 3390   189  133  118  137   378  261  236  288  0.50 0.49 0.50 0.52
 3 18:06:57 21 3389   219  152  133  156   366  255  231  281  0.40 0.40 0.42 0.44
 4 18:07:18 21 3390   240  161  147  172   351  241  227  273  0.32 0.33 0.35 0.37
 5 18:07:38 21 3384   247  164  152  179   341  239  211  261  0.28 0.31 0.28 0.31
 6 18:07:58 21 3386   245  163  152  179   321  227  205  252  0.24 0.28 0.26 0.29
 7 18:08:18 21 3378   245  162  153  180   318  216  206  261  0.23 0.25 0.26 0.31
 8 18:08:39 21 3385   249  164  158  185   318  212  207  252  0.22 0.23 0.24 0.27
 9 18:08:59 21 3386   251  164  159  187   314  223  205  254  0.20 0.26 0.22 0.26
10 18:09:19 21 3387   252  165  161  190   308  214  207  253  0.18 0.23 0.22 0.25
;            Ch1    Ch2    Ch3    Ch4      blue   green  brown
;  alpha:   0.276 285557.3 40484.27 92451.14     0.293 94562.94  0.307
; ETRmax:   516.4 3747.0 3712.0 3231.0     743.9 5363.5  739.6
;     Ik:  1869.5    0.0    0.1    0.0    2541.4    0.1 2411.6
;References: BL_US PMDA0174.REF2 GR_US PMDA0174.REF2 BR_US PMDA0174.REF2

;LTK_03282018_90m

28MAR2018  18:12:14  Gain: 21  Zoff: 267 296 179 177
No   Time    G  PAR    F1   F2   F3   F4   Fm1  Fm2  Fm3  Fm4    Y1   Y2   Y3   Y4
 1 18:12:27 21 3388    54   35   46   54   115   76   97  119  0.53 0.54 0.53 0.55

28MAR2018  18:12:34  Gain: 21  Zoff: 267 296 179 177
No   Time    G  PAR    F1   F2   F3   F4   Fm1  Fm2  Fm3  Fm4    Y1   Y2   Y3   Y4
 1 18:12:34 21 3386    58   32   52   61   113   75   98  125  0.49 0.57 0.47 0.51
 2 18:12:56 21 3387    44   29   42   49   122   79   93  129  0.64 0.63 0.55 0.62
 3 18:13:16 21 3390    52   33   46   55   116   83   92  126  0.55 0.60 0.50 0.56
 4 18:13:36 21 3382    58   35   50   59   109   76   93  124  0.47 0.54 0.46 0.52
 5 18:13:57 21 3388    60   35   52   62   109   75   93  121  0.45 0.53 0.44 0.49
 6 18:14:17 21 3382    61   34   54   64   107   66   88  120  0.43 0.48 0.39 0.47
 7 18:14:37 21 3387    60   32   55   64    99   64   91  113  0.39 0.50 0.40 0.43
 8 18:14:57 21 3385    59   29   56   65   103   61   93  120  0.43 0.52 0.40 0.46
 9 18:15:18 21 3390    62   30   59   69   101   60   95  124  0.39 0.50 0.38 0.44
10 18:15:38 21 3387    67   33   63   74   104   63  102  123  0.36 0.48 0.38 0.40
;            Ch1    Ch2    Ch3    Ch4      blue   green  brown
;  alpha:   0.461  0.573  0.432  0.484     0.406  0.488 141106.8
; ETRmax:   844.5  922.2  816.1 1211.4     800.3  865.7 3548.2
;     Ik:  1830.9 1609.1 1887.6 2504.2    1972.7 1772.5    0.0
;References: BL_US PMDA0174.REF2 GR_US PMDA0174.REF2 BR_US PMDA0174.REF2

;LTK_03282018_100m

28MAR2018  18:17:50  Gain: 21  Zoff: 267 296 179 177
No   Time    G  PAR    F1   F2   F3   F4   Fm1  Fm2  Fm3  Fm4    Y1   Y2   Y3   Y4
 1 18:18:02 21 3380    41   25   36   42    98   63   81  102  0.58 0.60 0.56 0.59

28MAR2018  18:18:06  Gain: 21  Zoff: 267 296 179 177
No   Time    G  PAR    F1   F2   F3   F4   Fm1  Fm2  Fm3  Fm4    Y1   Y2   Y3   Y4
 1 18:18:06 21 3387    44   24   41   47   101   54   87  121  0.56 0.56 0.53 0.61
 2 18:18:28 21 3385    34   19   35   40   103   67   92  111  0.67 ---- 0.62 0.64
 3 18:18:48 21 3395    42   23   39   45    95   67   82  106  0.56 0.66 0.52 0.58
 4 18:19:08 21 3388    46   25   41   47    95   60   84  104  0.52 0.58 0.51 0.55
 5 18:19:28 21 3389    51   27   44   51    97   57   84  113  0.47 0.53 0.48 0.55
 6 18:19:49 21 3390    55   28   47   54   100   62   84  110  0.45 0.55 0.44 0.51
 7 18:20:09 21 3387    57   27   49   56    93   56   89  107  0.39 0.52 0.45 0.48
 8 18:20:29 21 3385    61   28   54   62   103   59   97  118  0.41 0.53 0.44 0.47
 9 18:20:49 21 3385    70   33   63   72   110   67  103  129  0.36 0.51 0.39 0.44
10 18:21:10 21 3392    69   29   61   70   104   56   96  113  0.34 0.48 0.36 0.38
;            Ch1    Ch2    Ch3    Ch4      blue   green  brown
;  alpha:   0.461  0.585  0.464  0.520     0.455  0.505 -0.000
; ETRmax:  1175.9  932.0 1175.9 1271.6    1162.3 1251.8    0.0
;     Ik:  2549.6 1594.1 2533.2 2444.3    2553.6 2477.1    0.0
;References: BL_US PMDA0174.REF2 GR_US PMDA0174.REF2 BR_US PMDA0174.REF2

;LTK_03282018_110m

28MAR2018  18:24:29  Gain: 21  Zoff: 267 296 179 177
No   Time    G  PAR    F1   F2   F3   F4   Fm1  Fm2  Fm3  Fm4    Y1   Y2   Y3   Y4
 1 18:24:41 21 3384    42   28   38   46    98   75   80  108  0.57 0.63 0.53 0.57

28MAR2018  18:24:44  Gain: 21  Zoff: 267 296 179 177
No   Time    G  PAR    F1   F2   F3   F4   Fm1  Fm2  Fm3  Fm4    Y1   Y2   Y3   Y4
 1 18:24:44 21 3388    45   28   42   51    98   57   92  119  0.54 0.51 0.54 0.57
 2 18:25:06 21 3394    33   22   35   42    97   65   86  111  0.66 0.66 0.59 0.62
 3 18:25:26 21 3390    40   26   39   47    94   65   84  109  0.57 0.60 0.54 0.57
 4 18:25:46 21 3387    43   26   41   50    86   66   76  104  0.50 0.61 0.46 0.52
 5 18:26:07 21 3387    43   25   42   51    79   61   79  106  0.46 0.59 0.47 0.52
 6 18:26:27 21 3382    49   28   47   56    93   60   86  109  0.47 0.53 0.45 0.49
 7 18:26:47 21 3387    51   29   49   59    87   61   83  107  0.41 0.52 0.41 0.45
 8 18:27:08 21 3382    49   26   50   60    87   55   86  110  0.44 0.53 0.42 0.45
 9 18:27:28 21 3386    51   26   52   62    90   59   87  113  0.43 0.56 0.40 0.45
10 18:27:48 21 3391    54   27   54   65    90   60   87  115  0.40 0.55 0.38 0.43
;            Ch1    Ch2    Ch3    Ch4      blue   green  brown
;  alpha:   0.481  0.578  0.472  0.504     0.423  0.535 -0.000
; ETRmax:  1207.4 1362.7  847.8 1246.2     812.1 1293.9    0.0
;     Ik:  2508.4 2358.2 1795.2 2474.5    1918.6 2419.9    0.0
;References: BL_US PMDA0174.REF2 GR_US PMDA0174.REF2 BR_US PMDA0174.REF2

;LTK_03282018_120m

28MAR2018  18:30:25  Gain: 21  Zoff: 267 296 179 177
No   Time    G  PAR    F1   F2   F3   F4   Fm1  Fm2  Fm3  Fm4    Y1   Y2   Y3   Y4
 1 18:30:37 21 3386     3    4   13   17    41   38   53   71  ---- ---- ---- ----

28MAR2018  18:30:41  Gain: 21  Zoff: 267 296 179 177
No   Time    G  PAR    F1   F2   F3   F4   Fm1  Fm2  Fm3  Fm4    Y1   Y2   Y3   Y4
 1 18:30:41 21 3390     6    4   18   22    48   31   59   83  ---- ---- ---- 0.73
 2 18:31:03 21 3391     0    1   14   17    46   34   55   76  ---- ---- ---- ----
 3 18:31:23 21 3382     3    3   15   19    47   35   54   76  ---- ---- ---- ----
 4 18:31:43 21 3384     6    3   18   22    47   35   55   79  ---- ---- ---- 0.72
 5 18:32:04 21 3385     7    3   20   24    41   35   58   74  ---- ---- ---- 0.68
 6 18:32:24 21 3390     8    1   22   25    39   33   57   75  ---- ---- 0.61 0.67
 7 18:32:44 21 3390     7    0   23   27    44   33   56   77  ---- ---- 0.59 0.65
 8 18:33:04 21 3389    10    0   25   30    45   26   59   79  ---- ---- 0.58 0.62
 9 18:33:25 21 3384    12    0   27   32    43   30   61   82  ---- ---- 0.56 0.61
10 18:33:45 21 3384    12   -2   29   34    45   32   62   81  ---- ---- 0.53 0.58
;            Ch1    Ch2    Ch3    Ch4      blue   green  brown
;  alpha:  -0.000 -0.000  0.587  0.708     0.558  1.068 -0.000
; ETRmax:     0.0    0.0 1376.2 1525.1    1325.8 1890.8    0.0
;     Ik:     0.0    0.0 2344.8 2153.4    2378.0 1769.6    0.0
;References: BL_US PMDA0174.REF2 GR_US PMDA0174.REF2 BR_US PMDA0174.REF2

;LTK_03282018_130m

28MAR2018  18:35:34  Gain: 21  Zoff: 267 296 179 177
No   Time    G  PAR    F1   F2   F3   F4   Fm1  Fm2  Fm3  Fm4    Y1   Y2   Y3   Y4
 1 18:36:06 21 3386    -1    9   10   15    37   41   45   62  ---- ---- ---- ----

28MAR2018  18:36:10  Gain: 21  Zoff: 267 296 179 177
No   Time    G  PAR    F1   F2   F3   F4   Fm1  Fm2  Fm3  Fm4    Y1   Y2   Y3   Y4
 1 18:36:10 21 3380     2    8   15   20    43   33   52   71  ---- ---- ---- ----
 2 18:36:32 21 3390    -2    7   12   16    38   40   44   71  ---- ---- ---- ----
 3 18:36:52 21 3389     0    7   12   17    34   37   49   65  ---- ---- ---- ----
 4 18:37:12 21 3382     1    7   13   19    37   41   48   71  ---- ---- ---- ----
 5 18:37:33 21 3383     2    6   15   20    38   33   45   72  ---- ---- ---- ----
 6 18:37:53 21 3387     2    5   17   22    36   35   53   69  ---- ---- ---- 0.68
 7 18:38:13 21 3386     4    4   19   25    38   29   59   71  ---- ---- ---- 0.65
 8 18:38:33 21 3388     6    4   22   27    39   33   57   74  ---- ---- 0.61 0.64
 9 18:38:54 21 3387     7    3   24   29    41   33   58   77  ---- ---- 0.59 0.62
10 18:39:14 21 3388     7    1   24   30    42   27   55   78  ---- ---- 0.56 0.62
;            Ch1    Ch2    Ch3    Ch4      blue   green  brown
;  alpha:  -0.000 -0.000  0.655  0.745     0.693  1.325 -0.000
; ETRmax:     0.0    0.0  974.1 1034.0    1511.4 1323.7    0.0
;     Ik:     0.0    0.0 1487.1 1388.4    2180.4  999.4    0.0
;References: BL_US PMDA0174.REF2 GR_US PMDA0174.REF2 BR_US PMDA0174.REF2

;LTK_03282018_140m

28MAR2018  18:41:47  Gain: 21  Zoff: 267 296 179 177
No   Time    G  PAR    F1   F2   F3   F4   Fm1  Fm2  Fm3  Fm4    Y1   Y2   Y3   Y4
 1 18:42:23 21 3382     9   17   15   19    60   47   57   83  ---- ---- ---- ----

28MAR2018  18:42:26  Gain: 21  Zoff: 267 296 179 177
No   Time    G  PAR    F1   F2   F3   F4   Fm1  Fm2  Fm3  Fm4    Y1   Y2   Y3   Y4
 1 18:42:26 21 3390    12   16   19   24    62   55   68   88  ---- ---- ---- 0.73
 2 18:42:48 21 3389     9   15   17   20    58   61   54   81  ---- ---- ---- ----
 3 18:43:08 21 3390    12   18   18   22    68   62   62   89  ---- ---- ---- 0.75
 4 18:43:28 21 3387    15   19   21   25    61   60   63   88  ---- ---- 0.67 0.72
 5 18:43:49 21 3385    13   18   22   26    59   64   59   81  ---- ---- 0.63 0.68
 6 18:44:09 21 3387    14   17   24   28    57   53   66   82  ---- ---- 0.64 0.66
 7 18:44:29 21 3382    15   16   26   30    56   55   61   83  ---- ---- 0.57 0.64
 8 18:44:49 21 3383    17   16   28   32    58   46   67   86  ---- ---- 0.58 0.63
 9 18:45:10 21 3386    20   16   31   36    60   51   68   92  ---- ---- 0.54 0.61
10 18:45:30 21 3383    21   15   33   38    63   52   71   95  0.67 ---- 0.54 0.60
;            Ch1    Ch2    Ch3    Ch4      blue   green  brown
;  alpha:   0.792 -0.000  0.667  0.794     0.644  0.876 15298.77
; ETRmax:  1065.3    0.0  981.8 1065.1     966.6 1113.9 3939.5
;     Ik:  1344.7    0.0 1471.2 1341.6    1500.5 1271.3    0.3
;References: BL_US PMDA0174.REF2 GR_US PMDA0174.REF2 BR_US PMDA0174.REF2