Gain: 22  Zoff: -347 -288 406 -316
;LKT 0m 01052016


05JAN2016  15:13:41  Gain: 22  Zoff: -347 -288 406 -316
No   Time    G  PAR    F1   F2   F3   F4   Fm1  Fm2  Fm3  Fm4    Y1   Y2   Y3   Y4
 1 15:13:42 22   16    95  171   74   78   165  242  120  149  0.42 0.29 0.38 0.48
 2 15:14:03 22   16    92  169   71   75   159  229  122  152  0.42 0.26 0.42 0.51
 3 15:14:23 22   64   102  185   77   83   178  259  128  165  0.43 0.29 0.40 0.50
 4 15:14:44 22  128   104  193   82   88   155  276  137  178  0.33 0.30 0.40 0.51
 5 15:15:04 22  192   103  193   81   87   161  271  132  163  0.36 0.29 0.39 0.47
 6 15:15:24 22  256   111  198   88   96   174  290  128  173  0.36 0.32 0.31 0.45
 7 15:15:45 22  320   117  203   96  104   166  296  158  174  0.30 0.31 0.39 0.40
 8 15:16:05 22  384   114  202   94  103   167  289  143  178  0.32 0.30 0.34 0.42
 9 15:16:25 22  448   113  201   94  103   161  287  132  163  0.30 0.30 0.29 0.37
10 15:16:45 22  512   113  203   97  106   165  277  148  181  0.32 0.27 0.34 0.41
11 15:17:06 22  576   117  207  101  111   158  285  141  178  0.26 0.27 0.28 0.38
12 15:17:26 22  640   115  204  100  109   142  277  135  170  0.19 0.26 0.26 0.36
13 15:17:46 22  704   115  205  102  111   158  276  147  174  0.27 0.26 0.31 0.36
14 15:18:07 22  832   118  207  106  118   142  275  148  177  0.17 0.25 0.28 0.33
;            Ch1    Ch2    Ch3    Ch4      blue   green  brown
;  alpha:   0.718  0.672  0.964  1.197     1.107 -0.000  0.816
; ETRmax:   256.3  415.2 1332.8 1618.8    1561.5    0.0  431.4
;     Ik:   357.3  618.1 1381.9 1351.8    1410.8    0.0  528.8
;References: BL_US PMDA0174.REF2 GR_US PMDA0174.REF2 BR_US PMDA0174.REF2

;LKT 20m 01052016



05JAN2016  15:23:15  Gain: 22  Zoff: -347 -288 406 -316
No   Time    G  PAR    F1   F2   F3   F4   Fm1  Fm2  Fm3  Fm4    Y1   Y2   Y3   Y4
 1 15:23:15 22   16   175  220  115  127   390  409  277  318  0.55 0.46 0.58 0.60
 2 15:23:36 22   16   170  220  113  124   365  388  242  301  0.53 0.43 0.53 0.59
 3 15:23:57 22   64   188  243  124  138   356  438  252  314  0.47 0.45 0.51 0.56
 4 15:24:17 22  128   193  252  129  144   330  438  243  288  0.42 0.42 0.47 0.50
 5 15:24:37 22  192   195  254  132  147   320  434  232  282  0.39 0.41 0.43 0.48
 6 15:24:58 22 -460   195  257  137  154   280  410  222  265  0.30 0.37 0.38 0.42
 7 15:25:18 22  320   181  251  129  145   273  400  213  254  0.34 0.37 0.39 0.43
 8 15:25:38 22  384   196  263  141  159   292  410  216  277  0.33 0.36 0.35 0.43
 9 15:25:58 22  448   200  267  145  164   281  408  213  263  0.29 0.35 0.32 0.38
10 15:26:19 22  512   204  270  148  167   283  403  207  269  0.28 0.33 0.29 0.38
11 15:26:39 22  576   203  271  148  168   278  399  212  254  0.27 0.32 0.30 0.34
12 15:26:59 22  640   205  274  152  172   267  400  211  264  0.23 0.32 0.28 0.35
13 15:27:20 22  704   202  274  152  172   254  392  196  262  0.20 0.30 0.22 0.34
14 15:27:40 22  832   207  278  159  179   252  390  202  262  0.18 0.29 0.21 0.32
;            Ch1    Ch2    Ch3    Ch4      blue   green  brown
;  alpha:   1.238  1.049  1.276  1.336     1.337 -0.000  1.144
; ETRmax:   571.7 1339.7  438.1 1070.4     760.9    0.0 1106.0
;     Ik:   461.9 1276.8  343.3  800.9     569.1    0.0  966.6
;References: BL_US PMDA0174.REF2 GR_US PMDA0174.REF2 BR_US PMDA0174.REF2

;LTK 40m 01052016



05JAN2016  15:32:15  Gain: 22  Zoff: -347 -288 406 -316
No   Time    G  PAR    F1   F2   F3   F4   Fm1  Fm2  Fm3  Fm4    Y1   Y2   Y3   Y4
 1 15:32:16 22   16   132  213   84  101   469  620  331  404  0.72 0.66 0.75 0.75
 2 15:32:37 22 -460   201  327  137  155   474  625  335  405  0.58 0.48 0.59 0.62
 3 15:32:58 22   64   242  359  166  187   444  604  305  379  0.45 0.41 0.46 0.51
 4 15:33:18 22  128   259  374  177  201   446  605  300  366  0.42 0.38 0.41 0.45
 5 15:33:38 22  192   298  401  204  232   443  608  305  372  0.33 0.34 0.33 0.38
 6 15:33:59 22  256   293  400  202  230   411  584  293  353  0.29 0.32 0.31 0.35
 7 15:34:19 22  320   304  410  213  241   410  587  300  358  0.26 0.30 0.29 0.33
 8 15:34:39 22 -460   306  413  216  245   410  588  285  352  0.25 0.30 0.24 0.30
 9 15:34:59 22  448   314  425  220  251   396  557  281  350  0.21 0.24 0.22 0.28
10 15:35:20 22  512   319  430  226  257   415  573  283  360  0.23 0.25 0.20 0.29
11 15:35:40 22  576   308  428  220  250   375  566  283  333  0.18 0.24 0.22 0.25
12 15:36:00 22  640   303  428  218  247   373  554  279  334  0.19 0.23 0.22 0.26
13 15:36:21 22  704   313  439  225  258   381  560  282  338  0.18 0.22 0.20 0.24
14 15:36:41 22  832   314  444  227  259   356  553  267  334  0.12 0.20 0.15 0.22
;            Ch1    Ch2    Ch3    Ch4      blue   green  brown
;  alpha:   1.412  1.122  1.429  1.389     1.485 -0.000  1.256
; ETRmax:   200.9  273.7  213.1  281.9     180.6    0.0  272.7
;     Ik:   142.3  244.0  149.1  203.0     121.6    0.0  217.0
;References: BL_US PMDA0174.REF2 GR_US PMDA0174.REF2 BR_US PMDA0174.REF2

;LTK 60m 01052016

05JAN2016  15:39:38  Gain: 22  Zoff: -347 -288 406 -316
No   Time    G  PAR    F1   F2   F3   F4   Fm1  Fm2  Fm3  Fm4    Y1   Y2   Y3   Y4
 1 15:39:39 22   16   152  145  100  117   350  309  235  309  0.57 0.53 0.57 0.62
 2 15:40:00 22   16   152  143   99  116   354  304  244  310  0.57 0.53 0.59 0.63
 3 15:40:21 22   64   193  169  125  146   335  297  234  297  0.42 0.43 0.47 0.51
 4 15:40:41 22  128   207  176  137  159   300  279  206  271  0.31 0.37 0.33 0.41
 5 15:41:01 22  192   209  176  141  164   308  267  207  265  0.32 0.34 0.32 0.38
 6 15:41:21 22  256   227  188  154  179   305  274  213  259  0.26 0.31 0.28 0.31
 7 15:41:42 22  320   230  192  155  180   295  272  204  260  0.22 0.29 0.24 0.31
 8 15:42:02 22  384   240  197  164  190   306  268  217  266  0.22 0.26 0.24 0.29
 9 15:42:22 22  448   235  193  163  188   288  259  206  245  0.18 0.25 0.21 0.23
10 15:42:43 22  512   233  192  162  187   289  249  201  252  0.19 0.23 0.19 0.26
11 15:43:03 22  576   242  200  169  198   294  256  215  263  0.18 0.22 0.21 0.25
12 15:43:23 22  640   242  200  170  199   285  255  207  256  0.15 0.22 0.18 0.22
13 15:43:43 22 1418   235  194  165  193   280  256  210  248  0.16 0.24 0.21 0.22
14 15:44:04 22  832   240  198  171  198   257  249  195  260  0.07 0.20 0.12 0.24
;            Ch1    Ch2    Ch3    Ch4      blue   green  brown
;  alpha:   0.927  0.922  0.977  1.067     1.034 -0.000  0.981
; ETRmax:   214.1  305.4  250.3  305.6     295.6    0.0  344.9
;     Ik:   231.1  331.2  256.1  286.4     285.8    0.0  351.7
;References: BL_US PMDA0174.REF2 GR_US PMDA0174.REF2 BR_US PMDA0174.REF2

;LTK 80m 01052016

05JAN2016  15:50:43  Gain: 22  Zoff: -347 -288 406 -316
No   Time    G  PAR    F1   F2   F3   F4   Fm1  Fm2  Fm3  Fm4    Y1   Y2   Y3   Y4
 1 15:50:44 22   16    44   33   29   36   116   85   89  134  0.62 0.61 0.67 0.73
 2 15:51:05 22   16    45   36   30   38   129  100   80  121  0.65 0.64 0.63 0.69
 3 15:51:25 22   64    50   38   34   42   104   81   76  113  0.52 0.53 0.55 0.63
 4 15:51:46 22  128    57   41   40   48   111   90   75  121  0.49 0.54 0.47 0.60
 5 15:52:06 22  192    59   41   42   51    86   82   78  105  0.31 0.50 0.46 0.51
 6 15:52:26 22  256    59   40   43   53    96   78   75  104  0.39 0.49 0.43 0.49
 7 15:52:47 22  320    62   42   47   57   102   68   82  114  0.39 0.38 0.43 0.50
 8 15:53:07 22  384    62   39   48   58   102   67   81  107  0.39 0.42 0.41 0.46
 9 15:53:27 22  448    61   37   49   58    88   71   77  110  0.31 0.48 0.36 0.47
10 15:53:47 22  512    61   35   49   59    88   64   77  105  0.31 0.45 0.36 0.44
11 15:54:08 22  576    64   36   53   63   100   67   83  107  0.36 0.46 0.36 0.41
12 15:54:28 22  640    66   36   55   66    90   68   76  115  0.27 0.47 0.28 0.43
13 15:54:48 22  704    69   38   58   69    94   76   88  120  0.27 0.50 0.34 0.42
14 15:55:08 22 -458    70   35   60   71    82   66   81  121  0.15 0.47 0.26 0.41
;            Ch1    Ch2    Ch3    Ch4      blue   green  brown
;  alpha:   1.241  1.180  1.249  1.364     1.327  1.594  1.328
; ETRmax:   339.8 1058.8  428.4  612.0     631.9  480.8 2427.4
;     Ik:   273.8  897.3  343.1  448.8     476.1  301.5 1827.3
;References: BL_US PMDA0174.REF2 GR_US PMDA0174.REF2 BR_US PMDA0174.REF2


;LTK 100m 01052016

05JAN2016  16:14:05  Gain: 26  Zoff: -1714 -1423 2006 -1561
No   Time    G  PAR    F1   F2   F3   F4   Fm1  Fm2  Fm3  Fm4    Y1   Y2   Y3   Y4
 1 16:14:06 26   16  2329 2306 -641 2155  1277  916-1774 1040  ---- ---- ---- ----
 2 16:14:27 26   16  2331 2307 -640 2159  1278  918-1779 1037  ---- ---- ---- ----
 3 16:14:48 26   64  2358 2319 -625 2177  1308  922-1760 1043  ---- ---- ---- ----
 4 16:15:08 26  128  2363 2315 -623 2185  1992 1304-1190 1149  ---- ---- ---- ----
 5 16:15:28 26  192  2375 2316 -613 2201  2489 1844 -733 1499  0.05 ---- ---- ----
 6 16:15:48 26  256  2385 2324 -601 2211  2684 2273 -340 1948  0.11 ---- ---- ----
 7 16:16:09 26  320  2383 2322 -600 2211  2831 2642 -241 2338  0.16 0.12 ---- 0.05
 8 16:16:29 26  384  2378 2317 -605 2209  2779 2728 -240 2598  0.14 0.15 ---- 0.15
 9 16:16:49 26  448  2394 2320 -595 2223  2763 2728 -228 2694  0.13 0.15 ---- 0.17
10 16:17:10 26  512  2167 2131 -804 2066  2736 2728 -223 2685  0.21 0.22 ---- 0.23
11 16:17:30 26  576  2013 1987 -954 1925  2790 2728 -235 2733  0.28 0.27 ---- 0.30
12 16:17:50 26  640  1538 1520-1416 1468  2771 2727 -231 2720  0.44 0.44 ---- 0.46
13 16:18:10 26  704  1192  996-1773 1097  2775 2728 -257 2700  0.57 0.63 ---- 0.59
14 16:18:31 26  832  1181  867-1786 1083  2647 2727 -281 2702  0.55 0.68 ---- 0.60
;            Ch1    Ch2    Ch3    Ch4      blue   green  brown
;  alpha:   0.209  0.301 -0.000  0.299    -0.000 -0.000 -0.000
; ETRmax:   132.9 2185.3    0.0  612.6       0.0    0.0    0.0
;     Ik:   635.0 7267.1    0.0 2051.4       0.0    0.0    0.0
;References: BL_US PMDA0174.REF2 GR_US PMDA0174.REF2 BR_US PMDA0174.REF2

;LTK 110m 01052016

05JAN2016  16:23:02  Gain: 26  Zoff: -1714 -1423 2006 -1561
No   Time    G  PAR    F1   F2   F3   F4   Fm1  Fm2  Fm3  Fm4    Y1   Y2   Y3   Y4
 1 16:23:03 26 -460  2289 2243 -689 2131  1242  915-1794 1040  ---- ---- ---- ----
 2 16:23:24 26   16  2343 2309 -637 2182  1275  916-1779 1035  ---- ---- ---- ----
 3 16:23:44 26   64  2350 2314 -633 2188  1299  923-1758 1042  ---- ---- ---- ----
 4 16:24:05 26  128  2371 2324 -616 2205  1963 1252-1291 1137  ---- ---- ---- ----
 5 16:24:25 26  192  2390 2334 -602 2224  2514 1834 -670 1498  0.05 ---- ---- ----
 6 16:24:45 26  256  2387 2330 -599 2230  2699 2313 -324 2006  0.12 ---- ---- ----
 7 16:25:06 26  320  2381 2328 -606 2224  2752 2625 -249 2371  0.13 0.11 ---- 0.06
 8 16:25:26 26  384  2388 2330 -597 2236  2741 2724 -225 2629  0.13 0.14 ---- 0.15
 9 16:25:46 26  448  2377 2323 -604 2225  2740 2728 -253 2679  0.13 0.15 ---- 0.17
10 16:26:06 26  512  2245 2226 -718 2165  2773 2728 -185 2712  0.19 0.18 ---- 0.20
11 16:26:27 26  576  1850 1843-1106 1794  2760 2728 -229 2772  0.33 0.32 ---- 0.35
12 16:26:47 26  640  1409 1404-1541 1358  2701 2728 -268 2737  0.48 0.49 ---- 0.50
13 16:27:07 26  704  1193  998-1771 1103  2760 2728 -227 2766  0.57 0.63 ---- 0.60
14 16:27:28 26  832  1181  867-1786 1083  2640 2728 -236 2752  0.55 0.68 ---- 0.61
;            Ch1    Ch2    Ch3    Ch4      blue   green  brown
;  alpha:   0.256  0.308 -0.000  0.315    -0.000 -0.000 -0.000
; ETRmax:   248.3 1038.1    0.0  734.8       0.0    0.0    0.0
;     Ik:   971.5 3372.8    0.0 2331.2       0.0    0.0    0.0
;References: BL_US PMDA0174.REF2 GR_US PMDA0174.REF2 BR_US PMDA0174.REF2



;LTK 120m 01052016

05JAN2016  16:39:51  Gain: 26  Zoff: -1714 -1423 2006 -1561
No   Time    G  PAR    F1   F2   F3   F4   Fm1  Fm2  Fm3  Fm4    Y1   Y2   Y3   Y4
 1 16:39:52 26   16  3021 2730 -355 2449  1282  928-1781 1040  ---- ---- ---- ----
 2 16:40:13 26   16  3020 2729 -366 2435  1305  935-1761 1043  ---- ---- ---- ----
 3 16:40:33 26   64  3020 2729 -402 2403  1342  946-1746 1043  ---- ---- ---- ----
 4 16:40:54 26  128  3020 2729 -358 2451  2120 1370-1124 1175  ---- ---- ---- ----
 5 16:41:14 26  192  3019 2729 -413 2396  2701 1927 -561 1541  ---- ---- ---- ----
 6 16:41:34 26  256  3021 2730 -407 2406  3016 2494 -221 2080  ---- ---- ---- ----
 7 16:41:55 26  320  3017 2730 -420 2395  3019 2727   17 2646  ---- ---- ---- 0.09
 8 16:42:15 26  384  2984 2730 -455 2358  3019 2728   35 2894  0.01 ---- ---- 0.19
 9 16:42:35 26  448  2968 2730 -465 2350  3019 2728   35 2898  0.02 ---- ---- 0.19
10 16:42:55 26  512  2766 2728 -640 2226  3019 2728   35 2898  0.08 ---- ---- 0.23
11 16:43:16 26  576  2424 2453 -968 1910  3019 2728   35 2898  0.20 0.10 ---- 0.34
12 16:43:36 26  640  1990 2020-1387 1499  3019 2728   35 2898  0.34 0.26 ---- 0.48
13 16:43:56 26  704  1463 1486-1769 1102  3019 2728   35 2898  0.52 0.46 ---- 0.62
14 16:44:16 26  832  1186  881-1786 1083  3019 2728   35 2898  0.61 0.68 ---- 0.63
;            Ch1    Ch2    Ch3    Ch4      blue   green  brown
;  alpha:   0.176  0.181 -0.000  0.331    -0.000 -0.000 -0.000
; ETRmax:   229.5  213.4    0.0  691.8       0.0    0.0    0.0
;     Ik:  1305.3 1181.1    0.0 2090.5       0.0    0.0    0.0
;References: BL_US PMDA0174.REF2 GR_US PMDA0174.REF2 BR_US PMDA0174.REF2

;LTK 130m 01052016



05JAN2016  16:54:49  Gain: 21  Zoff: -237 -197 277 -216
No   Time    G  PAR    F1   F2   F3   F4   Fm1  Fm2  Fm3  Fm4    Y1   Y2   Y3   Y4
 1 16:57:53 21 -460    95  103  171   44   675  822  585  692  0.86 0.87 0.71 0.94
 2 16:58:14 21   16   815 1049  625  899   839 1072  622  958  0.03 0.02 ---- 0.06
 3 16:58:35 21   64   191  254  229  220  -298 -362  -60 -263  ---- ---- ---- ----
 4 16:58:55 21  128   136  121  131  -82   323  331  223   20  0.58 0.63 0.41 ----
 5 16:59:22 21  192   284  293  192  -26   309  318  220   12  0.08 0.08 0.13 ----
 6 16:59:42 21  256   280  288  192  -25   313  318  217   12  0.11 0.09 0.12 ----
 7 17:00:02 21  320   275  281  193  -25   297  302  222   17  0.07 0.07 0.13 ----
 8 17:00:22 21  384   268  274  192  -26   292  304  222   13  0.08 0.10 0.14 ----
 9 17:00:42 21  448   265  269  192  -25   287  294  217   12  0.08 0.09 0.12 ----
10 17:01:03 21  512   258  260  191  -25   284  283  209   12  0.09 0.08 0.09 ----
11 17:01:23 21  576   250  251  190  -27   272  276  215    7  0.08 0.09 0.12 ----
12 17:01:43 21  640   246  244  190  -27   264  264  218    9  0.07 0.08 0.13 ----
13 17:02:04 21  704   241  239  191  -26   257  266  217    9  0.06 0.10 0.12 ----
14 17:02:24 21  832   237  231  192  -24   258  252  218   14  0.08 0.08 0.12 ----
;            Ch1    Ch2    Ch3    Ch4      blue   green  brown
;  alpha:   1.936  1.968  1.573  2.111     1.609 -0.000  2.030
; ETRmax:   129.0  128.8  136.6  114.1      55.1    0.0   91.9
;     Ik:    66.6   65.5   86.8   54.0      34.3    0.0   45.2
;References: BL_US PMDA0174.REF2 GR_US PMDA0174.REF2 BR_US PMDA0174.REF2


;LTK 140m 01052016

05JAN2016  17:11:30  Gain: 21  Zoff: -237 -197 277 -216
No   Time    G  PAR    F1   F2   F3   F4   Fm1  Fm2  Fm3  Fm4    Y1   Y2   Y3   Y4
 1 17:11:31 21   16   465  486  243   29   497  512  274   70  0.06 0.05 0.11 0.59
 2 17:11:52 21   16   467  489  244   29   489  521  268   77  0.04 0.06 0.09 0.62
 3 17:12:12 21   64   463  483  242   27   483  510  267   70  0.04 0.05 0.09 0.61
 4 17:12:33 21  128   458  477  243   28   490  509  275   69  0.07 0.06 0.12 0.59
 5 17:12:53 21  192   450  468  242   28   473  494  261   76  0.05 0.05 0.07 0.63
 6 17:13:13 21  256   442  458  241   26   465  477  271   70  0.05 0.04 0.11 0.63
 7 17:13:34 21  320   434  449  240   25   465  478  265   66  0.07 0.06 0.09 0.62
 8 17:13:54 21  384   427  440  240   25   452  459  262   60  0.06 0.04 0.08 0.58
 9 17:14:14 21  448   418  429  238   24   439  455  264   57  0.05 0.06 0.10 0.58
10 17:14:34 21  512   410  420  237   22   426  440  258   65  0.04 0.05 0.08 0.66
11 17:14:55 21  576   401  408  235   20   424  435  260   62  0.05 0.06 0.10 ----
12 17:15:15 21  640   393  399  234   20   414  422  250   53  0.05 0.05 0.06 ----
13 17:15:35 21 -460   386  390  233   20   407  418  255   55  0.05 0.07 0.09 ----
14 17:15:55 21  832   377  377  234   21   390  403  251   62  0.03 0.06 0.07 0.66
;            Ch1    Ch2    Ch3    Ch4      blue   green  brown
;  alpha:   0.124  0.117  0.211  1.359    -0.000 -0.000  0.178
; ETRmax:   115.3 67827.9  250.2 1925863.       0.0    0.0  554.7
;     Ik:   930.8 580066.2 1187.2 1417023.       0.0    0.0 3111.5
;References: BL_US PMDA0174.REF2 GR_US PMDA0174.REF2 BR_US PMDA0174.REF2

;LTK 150m 01052016

05JAN2016  17:18:40  Gain: 21  Zoff: -237 -197 277 -216
No   Time    G  PAR    F1   F2   F3   F4   Fm1  Fm2  Fm3  Fm4    Y1   Y2   Y3   Y4
 1 17:18:40 21   16   455  478  240   26   480  512  266   69  0.05 0.07 0.10 0.62
 2 17:19:02 21   16   453  475  241   27   480  502  268   63  0.06 0.05 0.10 0.57
 3 17:19:22 21   64   451  472  240   27   483  502  266   72  0.07 0.06 0.10 0.63
 4 17:19:43 21  128   446  465  240   27   461  487  268   66  0.03 0.05 0.10 0.59
 5 17:20:03 21  192   442  459  240   26   470  484  268   65  0.06 0.05 0.10 0.60
 6 17:20:23 21  256   436  451  241   27   456  486  268   72  0.04 0.07 0.10 0.63
 7 17:20:43 21  320   428  442  240   27   455  466  270   64  0.06 0.05 0.11 0.58
 8 17:21:04 21  384   419  431  238   25   443  447  257   66  0.05 0.04 0.07 0.62
 9 17:21:24 21  448   410  421  237   23   438  438  256   57  0.06 0.04 0.07 0.60
10 17:21:44 21  512   402  412  235   22   426  442  258   64  0.06 0.07 0.09 0.66
11 17:22:05 21  576   395  403  235   22   419  425  258   62  0.06 0.05 0.09 0.65
12 17:22:25 21  640   389  395  234   22   412  411  258   57  0.06 0.04 0.09 0.61
13 17:22:45 21  704   382  386  234   21   405  407  260   58  0.06 0.05 0.10 0.64
14 17:23:05 21  832   374  374  235   23   393  398  259   57  0.05 0.06 0.09 0.60
;            Ch1    Ch2    Ch3    Ch4      blue   green  brown
;  alpha:   0.127  0.132  0.217  1.384    -0.000 -0.000  0.182
; ETRmax:    82.5  409.4 2219.4 6533989.       0.0    0.0  568.8
;     Ik:   652.2 3111.8 10230.5 4719558.       0.0    0.0 3121.8
;References: BL_US PMDA0174.REF2 GR_US PMDA0174.REF2 BR_US PMDA0174.REF2

;LTK 160m 01052016

05JAN2016  17:26:01  Gain: 21  Zoff: -237 -197 277 -216
No   Time    G  PAR    F1   F2   F3   F4   Fm1  Fm2  Fm3  Fm4    Y1   Y2   Y3   Y4
 1 17:26:15 21   16   432  433  150   64   363  378  237   35  ---- ---- 0.37 ----
 2 17:26:36 21   16   323  342  205  -11   360  371  232   34  0.10 0.08 0.12 ----
 3 17:26:56 21   64   315  333  203  -14   339  355  230   35  0.07 0.06 0.12 ----
 4 17:27:17 21  128   293  310  196  -20   320  332  224   23  0.08 0.07 0.13 ----
 5 17:27:37 21  192   285  299  196  -20   306  330  217   21  0.07 0.09 0.10 ----
 6 17:27:57 21  256   268  282  192  -24   286  303  214   16  0.06 0.07 0.10 ----
 7 17:28:18 21  320   257  267  184  -15   270  286  212    2  0.05 0.07 0.13 ----
 8 17:28:38 21  384   239  247  186  -30   262  270  209    4  0.09 0.09 0.11 ----
 9 17:28:58 21  448   227  234  184  -32   255  257  210    8  0.11 0.09 0.12 ----
10 17:29:18 21  512   216  220  182  -34   238  244  210   -1  0.09 0.10 0.13 ----
11 17:29:39 21  576   205  206  180  -36   221  231  204    5  0.07 0.11 0.12 ----
12 17:29:59 21 -457   193  193  178  -38   218  221  209    3  0.11 0.13 0.15 ----
13 17:30:19 21  704   184  183  176  -40   208  201  205   -7  0.12 0.09 0.14 ----
14 17:30:40 21  832   173  168  176  -40   191  190  197   -5  0.09 0.12 0.11 ----
;            Ch1    Ch2    Ch3    Ch4      blue   green  brown
;  alpha:   0.206  0.171  0.594 -0.000    -0.000 -0.000  0.273
; ETRmax:  1521.4 139968.1   98.1    0.0       0.0    0.0   57.5
;     Ik:  7401.3 817513.0  165.1    0.0       0.0    0.0  210.2
;References: BL_US PMDA0174.REF2 GR_US PMDA0174.REF2 BR_US PMDA0174.REF2


;LTK 170m 01052016

05JAN2016  17:43:55  Gain: 22  Zoff: -347 -288 406 -316
No   Time    G  PAR    F1   F2   F3   F4   Fm1  Fm2  Fm3  Fm4    Y1   Y2   Y3   Y4
 1 17:43:56 22   16   217  232   55   62   251  266   83  107  0.14 0.13 0.34 0.42
 2 17:44:18 22   16   215  227   55   61   248  259   75  118  0.13 0.12 0.27 0.48
 3 17:44:38 22   64   207  219   53   59   243  249   75  116  0.15 0.12 0.29 0.49
 4 17:44:58 22  128   202  211   53   59   229  250   81  103  0.12 0.16 0.35 0.43
 5 17:45:18 22  192   198  206   52   60   236  236   74  107  0.16 0.13 0.30 0.44
 6 17:45:39 22  256   195  200   53   61   218  225   83  114  0.11 0.11 0.36 0.46
 7 17:45:59 22  320   189  192   53   60   223  216   75  103  0.15 0.11 0.29 0.42
 8 17:46:19 22  384   186  188   54   61   209  221   88  106  0.11 0.15 0.39 0.42
 9 17:46:39 22  448   183  182   54   62   205  211   78  104  0.11 0.14 0.31 0.40
10 17:47:00 22  512   177  175   53   62   188  204   72   93  0.06 0.14 0.26 0.33
11 17:47:20 22  576   173  169   53   62   195  206   78   97  0.11 0.18 0.32 0.36
12 17:47:40 22  640   170  164   54   63   191  192   77  102  0.11 0.15 0.30 0.38
13 17:48:01 22  704   168  160   54   64   191  193   83  112  0.12 0.17 0.35 0.43
14 17:48:21 22  832   167  156   56   66   165  188   75   99  ---- 0.17 0.25 0.33
;            Ch1    Ch2    Ch3    Ch4      blue   green  brown
;  alpha:   0.327  0.379  0.662  1.047    -0.000 -0.000  0.441
; ETRmax:   503.2  950.7  377.4 1217.8       0.0    0.0 1383.0
;     Ik:  1539.1 2510.7  570.2 1163.0       0.0    0.0 3137.0
;References: BL_US PMDA0174.REF2 GR_US PMDA0174.REF2 BR_US PMDA0174.REF2

;LTK 180m 01052016

05JAN2016  17:51:33  Gain: 22  Zoff: -347 -288 406 -316
No   Time    G  PAR    F1   F2   F3   F4   Fm1  Fm2  Fm3  Fm4    Y1   Y2   Y3   Y4
 1 17:51:34 22   16   161  183   42   46   197  234   79  108  0.18 0.22 0.47 0.57
 2 17:51:55 22   16   159  180   42   46   195  210   79  104  0.18 0.14 0.47 0.56
 3 17:52:16 22   64   160  182   43   48   186  215   70  108  0.14 0.15 0.39 0.56
 4 17:52:36 22  128   160  181   45   49   191  219   79  107  0.16 0.17 0.43 0.54
 5 17:52:56 22  192   156  176   45   50   176  220   65  101  0.11 0.20 0.31 0.50
 6 17:53:16 22  256   153  173   48   54   183  207   84  105  0.16 0.16 0.43 0.49
 7 17:53:37 22  320   152  171   51   56   175  206   78  114  0.13 0.17 0.35 0.51
 8 17:53:57 22  384   151  169   51   58   172  195   85   92  0.12 0.13 0.40 0.37
 9 17:54:17 22  448   148  166   54   60   182  207   82  103  0.19 0.20 0.34 0.42
10 17:54:37 22  512   148  161   53   60   174  192   77  101  0.15 0.16 0.31 0.41
11 17:54:58 22 -460   146  157   53   60   174  185   79  106  0.16 0.15 0.33 0.43
12 17:55:18 22  640   146  156   56   63   161  191   73  109  0.09 0.18 0.23 0.42
13 17:55:38 22  704   144  156   59   66   167  191   82  113  0.14 0.18 0.28 0.42
14 17:55:59 22 1415   145  151   59   67   146  185   77  116  ---- 0.18 0.23 0.42
;            Ch1    Ch2    Ch3    Ch4      blue   green  brown
;  alpha:   0.338  0.414  0.899  1.150     0.838 -0.000  0.534
; ETRmax:   182.0 1460.2  356.3  742.9    17881.2    0.0  287.2
;     Ik:   537.9 3523.4  396.4  646.2    21334.8    0.0  537.8
;References: BL_US PMDA0174.REF2 GR_US PMDA0174.REF2 BR_US PMDA0174.REF2

;LTK 190m 01052016

05JAN2016  17:59:22  Gain: 22  Zoff: -347 -288 406 -316
No   Time    G  PAR    F1   F2   F3   F4   Fm1  Fm2  Fm3  Fm4    Y1   Y2   Y3   Y4
 1 17:59:22 22   16   132  149   42   47    90   63  248  189  ---- ---- 0.83 0.75
 2 17:59:43 22   16   131  145   38   43   173  197   83  113  0.24 0.26 0.54 0.62
 3 18:00:04 22   64   132  147   38   44   174  195   69  100  0.24 0.25 0.45 0.56
 4 18:00:24 22    1   133  147   41   48   184  191   79  109  0.28 0.23 0.48 0.56
 5 18:00:44 22  192   133  145   44   51   167  194   75  105  0.20 0.25 0.41 0.51
 6 18:01:05 22  256   130  143   46   52   168  187   80  113  0.23 0.24 0.42 0.54
 7 18:01:25 22  320   132  143   48   55   166  192   78  109  0.20 0.26 0.38 0.50
 8 18:01:45 22  384   131  140   48   56   161  180   82  102  0.19 0.22 0.41 0.45
 9 18:02:05 22    1   131  139   50   58   171  174   79  118  0.23 0.20 0.37 0.51
10 18:02:26 22  512   132  139   53   60   167  186   79  103  0.21 0.25 0.33 0.42
11 18:02:46 22  576   130  136   53   60   168  185   78  101  0.23 0.26 0.32 0.41
12 18:03:06 22  640   129  135   54   62   161  170   85  112  0.20 0.21 0.36 0.45
13 18:03:27 22  704   131  134   57   65   156  167   79  115  0.16 0.20 0.28 0.43
14 18:03:47 22  832   128  130   58   67   140  160   77  115  0.09 0.19 0.25 0.42
;            Ch1    Ch2    Ch3    Ch4      blue   green  brown
;  alpha:   0.534  0.582  1.312  1.317     1.714 -0.000  0.723
; ETRmax:   281.4  442.2  391.7  659.2     946.6    0.0  287.6
;     Ik:   527.4  759.5  298.5  500.5     552.4    0.0  397.8
;References: BL_US PMDA0174.REF2 GR_US PMDA0174.REF2 BR_US PMDA0174.REF2

;LTK 200m 01052016



05JAN2016  18:06:56  Gain: 22  Zoff: -347 -288 406 -316
No   Time    G  PAR    F1   F2   F3   F4   Fm1  Fm2  Fm3  Fm4    Y1   Y2   Y3   Y4
 1 18:06:57 22   16   103  118   17   20   125  159   41   57  0.18 0.26 ---- ----
 2 18:07:18 22   16   101  116   18   19   133  153   42   82  0.24 0.24 ---- ----
 3 18:07:38 22   64   101  116   16   19   137  158   51   74  0.26 0.27 ---- ----
 4 18:07:59 22  128   100  114   18   21   123  145   47   72  0.19 0.21 ---- 0.71
 5 18:08:19 22  192   100  112   20   23   130  133   46   72  0.23 0.16 ---- 0.68
 6 18:08:39 22  256    99  109   21   25   126  147   40   73  0.21 0.26 0.47 0.66
 7 18:08:59 22  320   100  108   23   27   126  133   49   67  0.21 0.19 0.53 0.60
 8 18:09:20 22  384   100  106   25   29   128  131   52   74  0.22 0.19 0.52 0.61
 9 18:09:40 22  448    98  103   25   30   135  129   57   80  0.27 0.20 0.56 0.63
10 18:10:00 22  512    98  101   27   31   112  130   57   79  0.13 0.22 0.53 0.61
11 18:10:21 22  576    98  100   28   34   110  126   55   83  0.11 0.21 0.49 0.59
12 18:10:41 22  640    99   99   30   35   124  135   43   81  0.20 0.27 0.30 0.57
13 18:11:01 22  704    99   97   31   36   123  123   54   79  0.20 0.21 0.43 0.54
14 18:11:21 22  832   100   95   35   40   104  120   54   81  ---- 0.21 0.35 0.51
;            Ch1    Ch2    Ch3    Ch4      blue   green  brown
;  alpha:   0.437  0.431  0.758  1.642    -0.000 -0.000  0.590
; ETRmax:   181.5  609.7  246.9 1548.1       0.0    0.0  294.6
;     Ik:   415.7 1413.9  325.5  942.6       0.0    0.0  499.5
;References: BL_US PMDA0174.REF2 GR_US PMDA0174.REF2 BR_US PMDA0174.REF2
