;LTK_0M20181212

Gain: 19  Zoff: 84 77 74 73

12DEC2018  16:19:49  Gain: 19  Zoff: 84 77 74 73
No   Time    G  PAR    F1   F2   F3   F4   Fm1  Fm2  Fm3  Fm4    Y1   Y2   Y3   Y4
 1 16:19:49 19 3384   152  250   80   89   320  459  186  224  0.53 0.46 0.57 0.60

12DEC2018  16:20:09  Gain: 19  Zoff: 84 77 74 73
No   Time    G  PAR    F1   F2   F3   F4   Fm1  Fm2  Fm3  Fm4    Y1   Y2   Y3   Y4
 1 16:20:10 19 3389   143  239   75   83   325  446  187  222  0.56 0.46 0.60 0.63
 2 16:20:31 19 3384   148  246   79   87   315  448  181  220  0.53 0.45 0.56 0.60
 3 16:20:51 19 3387   156  251   83   93   315  446  179  217  0.50 0.44 0.54 0.57
 4 16:21:11 19 3391   158  253   84   95   298  431  171  205  0.47 0.41 0.51 0.54
 5 16:21:32 19 3385   158  254   85   95   286  425  164  198  0.45 0.40 0.48 0.52
 6 16:21:52 19 3392   162  260   88   98   285  429  163  196  0.43 0.39 0.46 0.50
 7 16:22:12 19 3384   163  263   89  100   280  423  164  196  0.42 0.38 0.46 0.49
 8 16:22:32 19 3389   164  264   91  102   267  413  158  190  0.39 0.36 0.42 0.46
 9 16:22:53 19 3386   164  267   92  104   259  412  156  186  0.37 0.35 0.41 0.44
;            Ch1    Ch2    Ch3    Ch4      blue   green  brown
;  alpha:   0.459  0.393  0.510  0.561     0.462 -0.000  0.454
; ETRmax:   845.1  790.8  877.5  912.3    1173.2    0.0  840.8
;     Ik:  1840.9 2010.2 1720.7 1626.9    2541.8    0.0 1851.6
;References: BL_US PMDA0174.REF2 GR_US PMDA0174.REF2 BR_US PMDA0174.REF2

;LTK_10M20181212

12DEC2018  16:28:24  Gain: 19  Zoff: 84 77 74 73
No   Time    G  PAR    F1   F2   F3   F4   Fm1  Fm2  Fm3  Fm4    Y1   Y2   Y3   Y4
 1 16:28:24 19 3391   228  259  120  136   419  432  232  277  0.46 0.40 0.48 0.51
 2 16:28:46 19 3384   215  244  111  126   411  401  226  268  0.48 0.39 0.51 0.53
 3 16:29:06 19 3390   218  254  114  129   400  424  227  274  0.46 0.40 0.50 0.53
 4 16:29:26 19 3381   224  262  119  135   389  435  224  265  0.42 0.40 0.47 0.49
 5 16:29:47 19 3385   225  265  119  135   370  423  208  250  0.39 0.37 0.43 0.46
 6 16:30:07 19 3381   220  263  116  133   353  412  199  240  0.38 0.36 0.42 0.45
 7 16:30:27 19 3382   224  267  119  137   350  411  198  237  0.36 0.35 0.40 0.42
 8 16:30:48 19 3386   227  272  121  139   335  408  196  232  0.32 0.33 0.38 0.40
 9 16:31:08 19 3380   225  273  120  138   330  401  189  225  0.32 0.32 0.37 0.39
10 16:31:28 19 3384   229  276  125  143   326  400  190  230  0.30 0.31 0.34 0.38
;            Ch1    Ch2    Ch3    Ch4      blue   green  brown
;  alpha:   0.371  0.343 76067.65 54827.27    16217.06 -0.000  0.380
; ETRmax:   774.3  750.4 3348.0 4596.6    3262.5    0.0  782.3
;     Ik:  2084.8 2187.7    0.0    0.1       0.2    0.0 2058.0
;References: BL_US PMDA0174.REF2 GR_US PMDA0174.REF2 BR_US PMDA0174.REF2

;LTK_20M20181212

12DEC2018  16:35:49  Gain: 19  Zoff: 84 77 74 73
No   Time    G  PAR    F1   F2   F3   F4   Fm1  Fm2  Fm3  Fm4    Y1   Y2   Y3   Y4
 1 16:35:50 19 3385   148  251   71   80   267  435  158  187  0.45 0.42 0.55 0.57
 2 16:36:11 19 3389   142  243   69   76   277  427  161  192  0.49 0.43 0.57 0.60
 3 16:36:32 19 3391   148  252   72   81   271  434  158  187  0.45 0.42 0.54 0.57
 4 16:36:52 19 3384   150  255   74   83   261  432  154  183  0.43 0.41 0.52 0.55
 5 16:37:12 19 3383   154  259   79   89   265  429  156  189  0.42 0.40 0.49 0.53
 6 16:37:32 19 3382   159  264   80   91   258  425  154  181  0.38 0.38 0.48 0.50
 7 16:37:53 19 3388   159  266   81   92   249  416  148  178  0.36 0.36 0.45 0.48
 8 16:38:13 19 3391   158  268   81   93   244  415  144  174  0.35 0.35 0.44 0.47
 9 16:38:33 19 3386   158  271   83   94   236  411  141  170  0.33 0.34 0.41 0.45
10 16:38:53 19 3381   159  274   84   96   233  403  140  172  0.32 0.32 0.40 0.44
;            Ch1    Ch2    Ch3    Ch4      blue   green  brown
;  alpha:   0.375  0.359  0.477  0.513    -0.000 -0.000  0.404
; ETRmax:  1010.5  978.1 1207.7 1263.6       0.0    0.0 1068.4
;     Ik:  2694.1 2725.1 2533.9 2461.3       0.0    0.0 2641.8
;References: BL_US PMDA0174.REF2 GR_US PMDA0174.REF2 BR_US PMDA0174.REF2

;LTK_30M20181212

12DEC2018  16:41:57  Gain: 19  Zoff: 84 77 74 73
No   Time    G  PAR    F1   F2   F3   F4   Fm1  Fm2  Fm3  Fm4    Y1   Y2   Y3   Y4
 1 16:41:58 19 3386   161  264   80   92   312  481  178  215  0.48 0.45 0.55 0.57
 2 16:42:19 19 3389   150  252   76   85   323  479  182  223  0.54 0.47 0.58 0.62
 3 16:42:40 19 3391   154  258   78   88   309  472  175  214  0.50 0.45 0.55 0.59
 4 16:43:00 19 3388   158  262   82   93   307  467  176  211  0.49 0.44 0.53 0.56
 5 16:43:20 19 3388   165  267   85   98   303  466  174  210  0.46 0.43 0.51 0.53
 6 16:43:40 19 3387   163  267   84   97   287  455  165  204  0.43 0.41 0.49 0.52
 7 16:44:01 19 3388   165  271   86   99   283  456  165  198  0.42 0.41 0.48 0.50
 8 16:44:21 19 3388   170  276   89  103   279  451  164  194  0.39 0.39 0.46 0.47
 9 16:44:41 19 3385   172  279   92  106   274  443  161  195  0.37 0.37 0.43 0.46
10 16:45:01 19 3380   172  281   92  107   267  439  160  190  0.36 0.36 0.42 0.44
;            Ch1    Ch2    Ch3    Ch4      blue   green  brown
;  alpha:   0.441  0.409  0.521  0.557     0.458 -0.000  0.456
; ETRmax:   826.1  803.1  884.4  910.0    1169.4    0.0  844.1
;     Ik:  1873.8 1964.7 1696.2 1632.5    2552.7    0.0 1851.7
;References: BL_US PMDA0174.REF2 GR_US PMDA0174.REF2 BR_US PMDA0174.REF2

;LTK_40M20181212

12DEC2018  16:51:41  Gain: 19  Zoff: 84 77 74 73
No   Time    G  PAR    F1   F2   F3   F4   Fm1  Fm2  Fm3  Fm4    Y1   Y2   Y3   Y4
 1 16:51:42 19 3390   196  281   84   98   419  531  197  249  0.53 0.47 0.57 0.61
 2 16:52:03 19 3394   176  266   78   90   373  497  184  226  0.53 0.46 0.58 0.60
 3 16:52:23 19 3388   160  259   74   84   326  467  172  207  0.51 0.45 0.57 0.59
 4 16:52:44 19 3385   160  260   76   86   323  471  169  203  0.50 0.45 0.55 0.58
 5 16:53:04 19 3390   172  269   80   92   332  473  169  208  0.48 0.43 0.53 0.56
 6 16:53:24 19 3389   188  280   88  103   337  470  175  215  0.44 0.40 0.50 0.52
 7 16:53:44 19 3388   196  285   92  108   323  458  170  206  0.39 0.38 0.46 0.48
 8 16:54:05 19 3393   195  287   92  109   309  444  162  199  0.37 0.35 0.43 0.45
 9 16:54:25 19 3387   189  284   91  106   291  437  156  190  0.35 0.35 0.42 0.44
10 16:54:45 19 3387   185  284   91  105   280  429  150  184  0.34 0.34 0.39 0.43
;            Ch1    Ch2    Ch3    Ch4      blue   green  brown
;  alpha:   0.443  0.396  0.493  0.526    294699.7 -0.000  0.437
; ETRmax:   827.0  795.2 1228.5 1282.7    3610.5    0.0 1132.1
;     Ik:  1865.4 2008.3 2489.8 2436.4       0.0    0.0 2591.9
;References: BL_US PMDA0174.REF2 GR_US PMDA0174.REF2 BR_US PMDA0174.REF2

;LTK_50M20181212

12DEC2018  17:00:14  Gain: 19  Zoff: 84 77 74 73
No   Time    G  PAR    F1   F2   F3   F4   Fm1  Fm2  Fm3  Fm4    Y1   Y2   Y3   Y4
 1 17:00:15 19 3383   106  171   49   58   189  275  108  134  0.44 0.38 0.55 0.57
 2 17:00:36 19 3390   100  164   47   54   201  280  114  136  0.50 0.41 0.59 0.60
 3 17:00:56 19 3387   113  174   52   61   219  297  118  148  0.48 0.41 0.56 0.59
 4 17:01:17 19 3388   154  205   65   80   260  330  131  159  0.41 0.38 0.50 0.50
 5 17:01:37 19 3382   176  217   71   86   272  327  127  158  0.35 0.34 0.44 0.46
 6 17:01:57 19 3390   165  208   70   85   224  296  116  144  0.26 0.30 0.40 0.41
 7 17:02:17 19 3393   127  186   60   71   187  273  101  126  0.32 0.32 0.41 0.44
 8 17:02:38 19 3384   120  182   59   69   176  264  100  121  0.32 0.31 0.41 0.43
 9 17:02:58 19 3383   120  183   59   70   171  259  100  117  0.30 0.29 0.41 0.40
10 17:03:18 19 3382   120  184   61   72   174  259   98  118  0.31 0.29 0.38 0.39
;            Ch1    Ch2    Ch3    Ch4      blue   green  brown
;  alpha:   0.349  0.318  0.469  0.487     0.499 -0.000  0.362
; ETRmax:   760.7  743.6  843.6  865.3    1239.4    0.0  767.7
;     Ik:  2177.9 2335.0 1798.9 1777.7    2482.5    0.0 2119.9
;References: BL_US PMDA0174.REF2 GR_US PMDA0174.REF2 BR_US PMDA0174.REF2

;LTK_60M20181212

12DEC2018  17:05:47  Gain: 19  Zoff: 84 77 74 73
No   Time    G  PAR    F1   F2   F3   F4   Fm1  Fm2  Fm3  Fm4    Y1   Y2   Y3   Y4
 1 17:05:47 19 3388    99  115   42   51   168  181   90  111  0.41 0.36 0.53 0.54
 2 17:06:09 19 3383    90  108   39   46   173  182   92  118  0.48 0.41 0.58 0.61
 3 17:06:29 19 3393    97  114   43   51   163  178   91  110  0.40 0.36 0.53 0.54
 4 17:06:49 19 3387    99  115   44   53   157  168   86  105  0.37 0.32 0.49 0.50
 5 17:07:10 19 3386   100  115   45   54   152  164   82  103  0.34 0.30 0.45 0.48
 6 17:07:30 19 3386   104  119   48   58   149  168   83  104  0.30 0.29 0.42 0.44
 7 17:07:50 19 3390   109  123   50   61   150  166   82  101  0.27 0.26 0.39 0.40
 8 17:08:11 19 3386   109  124   51   61   146  164   81   98  0.25 0.24 0.37 0.38
 9 17:08:31 19 3386   109  124   51   62   145  163   80   94  0.25 0.24 0.36 0.34
10 17:08:51 19 3383   110  124   52   62   140  159   77   94  0.21 0.22 0.32 0.34
;            Ch1    Ch2    Ch3    Ch4      blue   green  brown
;  alpha:   0.303  0.270  0.442  0.440     0.600 -0.000  0.297
; ETRmax:   737.4  793.3  827.9 1142.1    1395.8    0.0  736.9
;     Ik:  2430.7 2935.4 1871.1 2596.5    2326.6    0.0 2480.7
;References: BL_US PMDA0174.REF2 GR_US PMDA0174.REF2 BR_US PMDA0174.REF2

;LTK_70M20181212

12DEC2018  17:11:10  Gain: 19  Zoff: 84 77 74 73
No   Time    G  PAR    F1   F2   F3   F4   Fm1  Fm2  Fm3  Fm4    Y1   Y2   Y3   Y4
 1 17:11:11 19 3389    73   75   28   34   127  115   69   84  0.43 0.35 0.59 0.60
 2 17:11:32 19 3391    66   70   25   29   129  116   70   83  0.49 0.40 0.64 0.65
 3 17:11:52 19 3386    72   73   28   33   120  110   64   78  0.40 0.34 0.56 0.58
 4 17:12:13 19 3386    74   74   29   35   119  109   62   77  0.38 0.32 0.53 0.55
 5 17:12:33 19 3392    77   76   31   37   115  107   61   77  0.33 0.29 0.49 0.52
 6 17:12:53 19 3391    75   74   31   37   104  101   60   71  0.28 0.27 0.48 0.48
 7 17:13:13 19 3391    74   72   31   36   101   98   54   67  0.27 0.27 0.43 0.46
 8 17:13:34 19 3380    70   69   30   35    99   93   54   68  0.29 0.26 0.44 0.49
 9 17:13:54 19 3391    71   70   31   36    97   94   54   68  0.27 0.26 0.43 0.47
10 17:14:14 19 3387    74   73   32   39   105   95   57   69  0.30 0.23 0.44 0.43
;            Ch1    Ch2    Ch3    Ch4      blue   green  brown
;  alpha:   0.315  0.266  0.499  0.522     0.866 -0.000  0.303
; ETRmax:   887.4  790.2 1240.3 1275.9    1109.5    0.0  741.1
;     Ik:  2817.4 2971.7 2485.1 2445.4    1280.9    0.0 2445.4
;References: BL_US PMDA0174.REF2 GR_US PMDA0174.REF2 BR_US PMDA0174.REF2

;LTK_80M20181212

12DEC2018  17:18:21  Gain: 19  Zoff: 84 77 74 73
No   Time    G  PAR    F1   F2   F3   F4   Fm1  Fm2  Fm3  Fm4    Y1   Y2   Y3   Y4
 1 17:18:22 19 3386    58   74   28   31    79   87   45   54  0.27 0.15 0.38 0.43
 2 17:18:43 19 3388    57   73   28   30    75   95   48   54  0.24 0.23 0.42 0.44
 3 17:19:03 19 3384    56   73   29   30    72   79   49   48  0.22 ---- 0.41 0.38
 4 17:19:24 19 3384    57   74   30   31    84   94   41   48  0.32 0.21 0.27 0.35
 5 17:19:44 19 3390    59   73   29   31    75   84   36   38  0.21 0.13 ---- ----
 6 17:20:04 19 3393    59   74   31   32    74   79   38   42  0.20 ---- ---- 0.24
 7 17:20:24 19 3385    60   71   31   33    64   86   38   47  ---- 0.17 ---- 0.30
 8 17:20:45 19 3387    59   72   32   32    64   85   46   46  ---- 0.15 0.30 0.30
 9 17:21:05 19 3384    58   70   32   32    65   83   52   55  ---- 0.16 0.38 0.42
10 17:21:25 19 3384    60   69   33   34    70   71   42   40  0.14 ---- 0.21 ----
;            Ch1    Ch2    Ch3    Ch4      blue   green  brown
;  alpha:   0.277  0.276 378939.5 33164.32    681030.5 -0.000  0.275
; ETRmax:   328.9  250.6 2714.5 3200.8    4381.9    0.0  249.1
;     Ik:  1186.0  908.3    0.0    0.1       0.0    0.0  904.6
;References: BL_US PMDA0174.REF2 GR_US PMDA0174.REF2 BR_US PMDA0174.REF2

;LTK_90M20181212

12DEC2018  17:23:17  Gain: 19  Zoff: 84 77 74 73
No   Time    G  PAR    F1   F2   F3   F4   Fm1  Fm2  Fm3  Fm4    Y1   Y2   Y3   Y4
 1 17:23:18 19 3395    26   42    6    8    52   62   32   38  0.50 0.32 ---- ----
 2 17:23:39 19 3392    25   41    6    7    54   65   34   38  0.54 0.37 ---- ----
 3 17:23:59 19 3396    28   43    7    9    56   66   33   39  0.50 0.35 ---- ----
 4 17:24:20 19 3389    30   44    9   11    52   66   35   38  0.42 0.33 ---- ----
 5 17:24:40 19 3388    28   41    9   10    49   57   28   37  0.43 0.28 ---- ----
 6 17:25:00 19 3389    27   40    9   10    51   58   31   38  0.47 0.31 ---- ----
 7 17:25:21 19 3387    29   41   10   12    51   60   33   40  0.43 0.32 ---- ----
 8 17:25:41 19 3390    33   43   13   15    55   61   35   42  0.40 0.30 ---- ----
 9 17:26:01 19 3387    34   44   15   16    54   61   36   45  0.37 0.28 ---- ----
10 17:26:21 19 3392    34   43   15   16    55   59   36   44  0.38 0.27 ---- ----
;            Ch1    Ch2    Ch3    Ch4      blue   green  brown
;  alpha:   0.442  0.284 -0.000 -0.000    -0.000 -0.000  0.440
; ETRmax:   829.9  755.5    0.0    0.0       0.0    0.0 1142.9
;     Ik:  1878.3 2657.8    0.0    0.0       0.0    0.0 2595.4
;References: BL_US PMDA0174.REF2 GR_US PMDA0174.REF2 BR_US PMDA0174.REF2

;LTK_100M20181212

12DEC2018  17:29:02  Gain: 19  Zoff: 84 77 74 73
No   Time    G  PAR    F1   F2   F3   F4   Fm1  Fm2  Fm3  Fm4    Y1   Y2   Y3   Y4
 1 17:29:02 19 3391    41   69   14   16    75  109   43   53  0.45 0.37 ---- ----
 2 17:29:23 19 3391    35   64   11   11    74  102   42   53  0.53 0.37 ---- ----
 3 17:29:44 19 3391    37   65   12   13    73  103   42   52  0.49 0.37 ---- ----
 4 17:30:04 19 3391    39   67   14   15    75  106   45   52  0.48 0.37 ---- ----
 5 17:30:24 19 3391    40   68   15   17    74  106   44   52  0.46 0.36 ---- ----
 6 17:30:44 19 3389    41   67   16   18    75  104   45   52  0.45 0.36 ---- ----
 7 17:31:05 19 3389    42   68   17   19    75  102   42   54  0.44 0.33 ---- ----
 8 17:31:25 19 3391    43   68   18   20    71   99   44   54  0.39 0.31 ---- ----
 9 17:31:45 19 3385    43   68   19   20    71   99   44   52  0.39 0.31 ---- ----
10 17:32:06 19 3392    43   67   19   21    69   98   43   53  0.38 0.32 ---- 0.60
;            Ch1    Ch2    Ch3    Ch4      blue   green  brown
;  alpha:   0.446  0.323 -0.000  0.681    -0.000 -0.000  0.461
; ETRmax:   830.6  736.6    0.0  992.2       0.0    0.0  845.7
;     Ik:  1862.0 2281.4    0.0 1457.1       0.0    0.0 1835.7
;References: BL_US PMDA0174.REF2 GR_US PMDA0174.REF2 BR_US PMDA0174.REF2

;LTK_110M20181212

12DEC2018  17:34:54  Gain: 19  Zoff: 84 77 74 73
No   Time    G  PAR    F1   F2   F3   F4   Fm1  Fm2  Fm3  Fm4    Y1   Y2   Y3   Y4
 1 17:37:32 19 3385    30   63   -5   17   633  797  246  486  0.95 0.92 ---- ----
 2 17:37:54 19 3390    29   39   12   18    38   48   27   31  0.24 0.19 ---- ----
 3 17:38:14 19 3391    16   33    1    0    36   50   23   28  ---- 0.34 ---- ----
 4 17:38:34 19 3388    16   33    1    0    35   50   23   28  ---- 0.34 ---- ----
 5 17:38:54 19 3387    16   32    1    1    35   47   23   29  ---- 0.32 ---- ----
 6 17:39:15 19 3387    16   31    2    1    35   49   26   26  ---- 0.37 ---- ----
 7 17:39:35 19 3384    16   31    3    2    35   47   21   28  ---- 0.34 ---- ----
 8 17:39:55 19 3385    16   30    3    3    34   43   22   27  ---- 0.30 ---- ----
 9 17:40:16 19 3392    17   30    4    4    35   43   26   28  ---- 0.30 ---- ----
10 17:40:36 19 3385    17   30    5    4    36   47   24   28  ---- 0.36 ---- ----
;            Ch1    Ch2    Ch3    Ch4      blue   green  brown
;  alpha:   0.618 51976.79 -0.000 -0.000    -0.000 -0.000  0.610
; ETRmax:  1412.3 4713.9    0.0    0.0       0.0    0.0  945.8
;     Ik:  2283.6    0.1    0.0    0.0       0.0    0.0 1550.7
;References: BL_US PMDA0174.REF2 GR_US PMDA0174.REF2 BR_US PMDA0174.REF2

;LTK_120M20181212

12DEC2018  17:43:23  Gain: 19  Zoff: 84 77 74 73
No   Time    G  PAR    F1   F2   F3   F4   Fm1  Fm2  Fm3  Fm4    Y1   Y2   Y3   Y4
 1 17:43:23 19 3385    33   61    7    8    63   92   36   44  0.48 0.34 ---- ----
 2 17:43:45 19 3391    33   60    8    8    66   93   38   46  0.50 0.35 ---- ----
 3 17:44:05 19 3389    34   61    8    9    63   91   36   42  0.46 0.33 ---- ----
 4 17:44:25 19 3388    35   61    9   10    65   91   38   43  0.46 0.33 ---- ----
 5 17:44:46 19 3390    35   61   10   11    65   93   38   44  0.46 0.34 ---- ----
 6 17:45:06 19 3390    36   61   11   12    66   90   36   42  0.45 0.32 ---- ----
 7 17:45:26 19 3393    37   60   12   13    67   91   36   47  0.45 0.34 ---- ----
 8 17:45:47 19 3383    37   60   13   14    66   91   40   46  0.44 0.34 ---- ----
 9 17:46:07 19 3391    38   61   15   16    63   87   40   46  0.40 0.30 ---- ----
10 17:46:27 19 3386    39   61   16   17    67   85   36   46  0.42 0.28 ---- ----
;            Ch1    Ch2    Ch3    Ch4      blue   green  brown
;  alpha:   0.452  0.301 -0.000 -0.000    -0.000 -0.000  0.447
; ETRmax:   834.4  741.5    0.0    0.0       0.0    0.0 1152.3
;     Ik:  1845.2 2459.8    0.0    0.0       0.0    0.0 2578.2
;References: BL_US PMDA0174.REF2 GR_US PMDA0174.REF2 BR_US PMDA0174.REF2

;LTK_130M20181212

12DEC2018  17:49:27  Gain: 19  Zoff: 84 77 74 73
No   Time    G  PAR    F1   F2   F3   F4   Fm1  Fm2  Fm3  Fm4    Y1   Y2   Y3   Y4
 1 17:49:28 19 3387    29   49    2    1    51   69   28   30  0.43 0.29 ---- ----
 2 17:49:49 19 3385    29   49    3    1    51   70   26   28  0.43 0.30 ---- ----
 3 17:50:10 19 3389    29   48    3    2    51   67   26   30  0.43 0.28 ---- ----
 4 17:50:30 19 3390    29   48    3    2    50   67   27   32  0.42 0.28 ---- ----
 5 17:50:50 19 3386    30   48    4    3    51   67   28   30  0.41 0.28 ---- ----
 6 17:51:10 19 3385    30   47    5    4    51   65   28   30  0.41 0.28 ---- ----
 7 17:51:31 19 3393    31   47    6    5    50   67   30   30  0.38 0.30 ---- ----
 8 17:51:51 19 3384    31   46    7    6    51   67   29   31  0.39 0.31 ---- ----
 9 17:52:11 19 3388    32   46    7    7    52   67   28   33  0.38 0.31 ---- ----
10 17:52:31 19 3389    32   46    8    8    53   66   29   33  0.40 0.30 ---- ----
;            Ch1    Ch2    Ch3    Ch4      blue   green  brown
;  alpha:   0.397  0.276 -0.000 -0.000    -0.000 -0.000  0.450
; ETRmax:   795.6  545.2    0.0    0.0       0.0    0.0  834.0
;     Ik:  2004.1 1973.3    0.0    0.0       0.0    0.0 1853.4
;References: BL_US PMDA0174.REF2 GR_US PMDA0174.REF2 BR_US PMDA0174.REF2

;LTK_140M20181212

12DEC2018  17:54:40  Gain: 19  Zoff: 84 77 74 73
No   Time    G  PAR    F1   F2   F3   F4   Fm1  Fm2  Fm3  Fm4    Y1   Y2   Y3   Y4
 1 17:54:41 19 3394   107  135   26   26   139  169   54   62  0.23 0.20 0.52 0.58
 2 17:55:02 19 3390   103  132   24   23   131  164   52   57  0.21 0.20 0.54 0.60
 3 17:55:22 19 3391   102  132   24   24   130  163   52   60  0.22 0.19 0.54 0.60
 4 17:55:43 19 3386   103  132   25   24   131  162   51   57  0.21 0.19 0.51 0.58
 5 17:56:03 19 3387   105  133   27   27   136  165   54   62  0.23 0.19 0.50 0.56
 6 17:56:23 19 3382   108  135   30   31   138  166   60   62  0.22 0.19 0.50 0.50
 7 17:56:43 19 3382   110  134   31   31   134  163   56   64  0.18 0.18 0.45 0.52
 8 17:57:04 19 3391   107  132   30   30   131  157   52   62  0.18 0.16 0.42 0.52
 9 17:57:24 19 3388   104  129   30   29   127  154   52   57  0.18 0.16 0.42 0.49
10 17:57:44 19 3382   104  128   30   29   126  155   52   60  0.17 0.17 0.42 0.52
;            Ch1    Ch2    Ch3    Ch4      blue   green  brown
;  alpha:   0.277  0.275 2568120. 137513.7    -0.000 -0.000  0.277
; ETRmax:   289.4  262.2 3356.4 4032.9       0.0    0.0  367.5
;     Ik:  1045.0  952.3    0.0    0.0       0.0    0.0 1326.2
;References: BL_US PMDA0174.REF2 GR_US PMDA0174.REF2 BR_US PMDA0174.REF2