Gain: 22  Zoff: 306 357 240 272
;LTK 0m_01232017

23JAN2017  16:24:31  Gain: 22  Zoff: 306 357 240 272
No   Time    G  PAR    F1   F2   F3   F4   Fm1  Fm2  Fm3  Fm4    Y1   Y2   Y3   Y4
 1 16:35:00 22   64    70  100   59   68   163  192  135  157  0.57 0.48 0.56 0.57

23JAN2017  16:35:07  Gain: 22  Zoff: 306 357 240 272
No   Time    G  PAR    F1   F2   F3   F4   Fm1  Fm2  Fm3  Fm4    Y1   Y2   Y3   Y4
 1 16:35:07 22   64    70  100   62   70   166  201  135  169  0.58 0.50 0.54 0.59
 2 16:35:29 22   16    68   95   58   67   175  174  125  167  0.61 0.45 0.54 0.60
 3 16:35:49 22   64    71  101   61   69   181  206  133  178  0.61 0.51 0.54 0.61
 4 16:36:09 22  128    79  108   68   78   174  218  139  185  0.55 0.50 0.51 0.58
 5 16:36:30 22  192    71  104   65   73   146  214  123  163  0.51 0.51 0.47 0.55
 6 16:36:50 22  256    77  107   69   78   164  219  132  172  0.53 0.51 0.48 0.55
 7 16:37:10 22  320    83  110   76   86   144  208  136  159  0.42 0.47 0.44 0.46
 8 16:37:30 22  384    77  107   75   85   146  203  126  164  0.47 0.47 0.40 0.48
 9 16:37:51 22  448    80  108   77   87   149  199  134  167  0.46 0.46 0.43 0.48
10 16:38:11 22  512    84  109   80   91   136  204  131  173  0.38 0.47 0.39 0.47
11 16:38:31 22  576    87  110   84   96   152  200  146  182  0.43 0.45 0.42 0.47
12 16:38:52 22    1    94  114   89  103   150  200  139  183  0.37 0.43 0.36 0.44
13 16:39:12 22   94   213  104   43  133    69   94  317  180  ---- ---- 0.86 0.26
14 16:39:32 22  832   100  110   86  105   111  182  129  173  0.10 0.40 0.33 0.39
;            Ch1    Ch2    Ch3    Ch4      blue   green  brown
;  alpha:   0.882  0.956  1.512  0.922     1.214 -0.000  1.315
; ETRmax:   306.6  410.9  921.3  455.0    1505.0    0.0  956.2
;     Ik:   347.6  429.7  609.2  493.6    1239.5    0.0  727.2
;References: BL_US PMDA0174.REF2 GR_US PMDA0174.REF2 BR_US PMDA0174.REF2

;LTK 10m_01232017

23JAN2017  16:42:33  Gain: 22  Zoff: 306 357 240 272
No   Time    G  PAR    F1   F2   F3   F4   Fm1  Fm2  Fm3  Fm4    Y1   Y2   Y3   Y4
 1 16:42:48 22   64    89   90   73   81   191  183  148  184  0.53 0.51 0.51 0.56

23JAN2017  16:42:56  Gain: 22  Zoff: 306 357 240 272
No   Time    G  PAR    F1   F2   F3   F4   Fm1  Fm2  Fm3  Fm4    Y1   Y2   Y3   Y4
 1 16:42:57 22   64    91   89   75   83   209  188  160  199  0.56 0.53 0.53 0.58
 2 16:43:18 22   16    96   89   77   85   242  189  173  217  0.60 0.53 0.55 0.61
 3 16:43:39 22   64    95   92   76   84   224  191  153  198  0.58 0.52 0.50 0.58
 4 16:43:59 22    1   100   98   80   90   214  193  164  191  0.53 0.49 0.51 0.53
 5 16:44:19 22  192   107  103   90  100   217  200  162  206  0.51 0.48 0.44 0.51
 6 16:44:39 22  256   113  105   92  104   211  194  161  199  0.46 0.46 0.43 0.48
 7 16:45:00 22    1   115  107   96  107    95  109  299  234  ---- ---- 0.68 0.54
 8 16:45:20 22  384   104  103   92  101   183  187  134  188  0.43 0.45 0.31 0.46
 9 16:45:40 22  448   103  102   91  100   176  179  136  183  0.41 0.43 0.33 0.45
10 16:46:01 22    1   106  105   93  103   176  187  147  175  0.40 0.44 0.37 0.41
11 16:46:21 22  576   117  109  101  113   193  176  157  205  0.39 0.38 0.36 0.45
12 16:46:41 22  640   124  112  106  119   191  172  152  198  0.35 0.35 0.30 0.40
13 16:47:01 22  704   121  111  105  118   187  180  153  194  0.35 0.38 0.31 0.39
14 16:47:22 22  832   121  110  108  122   154  159  135  197  0.21 0.31 0.20 0.38
;            Ch1    Ch2    Ch3    Ch4      blue   green  brown
;  alpha:   0.978  0.955  0.777  1.206     0.770 -0.000  1.034
; ETRmax:   291.6  375.7  184.5 1121.3     200.2    0.0  361.0
;     Ik:   298.1  393.6  237.4  930.0     260.1    0.0  349.1
;References: BL_US PMDA0174.REF2 GR_US PMDA0174.REF2 BR_US PMDA0174.REF2

;LTK 20m_01232017

23JAN2017  16:50:20  Gain: 22  Zoff: 306 357 240 272
No   Time    G  PAR    F1   F2   F3   F4   Fm1  Fm2  Fm3  Fm4    Y1   Y2   Y3   Y4
 1 16:50:31 22   64   248  243  151  186   421  393  274  341  0.41 0.38 0.45 0.45

23JAN2017  16:50:36  Gain: 22  Zoff: 306 357 240 272
No   Time    G  PAR    F1   F2   F3   F4   Fm1  Fm2  Fm3  Fm4    Y1   Y2   Y3   Y4
 1 16:50:36 22   64   247  243  151  186   430  389  277  331  0.43 0.38 0.45 0.44
 2 16:50:58 22   16   234  236  148  182   418  387  276  343  0.44 0.39 0.46 0.47
 3 16:51:18 22   64   257  255  161  199   498  443  314  393  0.48 0.42 0.49 0.49
 4 16:51:38 22  128   271  266  176  216   418  418  293  378  0.35 0.36 0.40 0.43
 5 16:51:59 22  192   245  257  156  194   389  393  256  336  0.37 0.35 0.39 0.42
 6 16:52:19 22  256   273  275  181  224   420  423  284  374  0.35 0.35 0.36 0.40
 7 16:52:39 22    1   283  282  189  234   415  426  297  371  0.32 0.34 0.36 0.37
 8 16:52:59 22  384   288  288  196  243   401  418  277  354  0.28 0.31 0.29 0.31
 9 16:53:20 22  448   278  283  184  230   372  391  249  326  0.25 0.28 0.26 0.29
10 16:53:40 22  512   274  285  186  234   380  403  268  341  0.28 0.29 0.31 0.31
11 16:54:00 22  576   286  294  197  247   380  400  263  358  0.25 0.27 0.25 0.31
12 16:54:21 22  640   293  300  203  254   380  403  270  353  0.23 0.26 0.25 0.28
13 16:54:41 22  704   298  305  209  261   382  404  278  359  0.22 0.25 0.25 0.27
14 16:55:01 22  832   310  312  219  273   363  401  271  367  0.15 0.22 0.19 0.26
;            Ch1    Ch2    Ch3    Ch4      blue   green  brown
;  alpha:   0.828  0.866  1.029  1.142     1.118 -0.000  0.872
; ETRmax:   303.8  432.3  391.7  906.1     720.4    0.0  380.5
;     Ik:   366.9  499.0  380.6  793.6     644.4    0.0  436.2
;References: BL_US PMDA0174.REF2 GR_US PMDA0174.REF2 BR_US PMDA0174.REF2

;LTK 30m_01232017


23JAN2017  16:57:22  Gain: 22  Zoff: 306 357 240 272
No   Time    G  PAR    F1   F2   F3   F4   Fm1  Fm2  Fm3  Fm4    Y1   Y2   Y3   Y4
 1 16:57:38 22   64   483  704  291  344   888 1280  549  667  0.46 0.45 0.47 0.48

23JAN2017  16:57:45  Gain: 22  Zoff: 306 357 240 272
No   Time    G  PAR    F1   F2   F3   F4   Fm1  Fm2  Fm3  Fm4    Y1   Y2   Y3   Y4
 1 16:57:45 22   64   483  705  292  345   861 1251  540  670  0.44 0.44 0.46 0.49
 2 16:58:07 22   16   430  648  263  309   906 1193  557  686  0.53 0.46 0.53 0.55
 3 16:58:27 22   64   467  694  285  338   890 1269  555  678  0.48 0.45 0.49 0.50
 4 16:58:48 22  128   473  703  290  342   824 1241  524  626  0.43 0.43 0.45 0.45
 5 16:59:08 22  192   497  721  299  354   805 1224  499  616  0.38 0.41 0.40 0.43
 6 16:59:28 22  256   509  734  306  363   769 1212  487  596  0.34 0.39 0.37 0.39
 7 16:59:48 22  320   516  743  312  370   758 1194  483  589  0.32 0.38 0.35 0.37
 8 17:00:09 22  384   523  754  319  378   739 1173  475  571  0.29 0.36 0.33 0.34
 9 17:00:29 22  448   529  764  326  386   719 1160  466  568  0.26 0.34 0.30 0.32
10 17:00:49 22  512   523  768  324  385   684 1140  451  561  0.24 0.33 0.28 0.31
11 17:01:09 22  576   519  773  323  384   674 1119  439  539  0.23 0.31 0.26 0.29
12 17:01:30 22  640   524  782  327  389   672 1109  443  533  0.22 0.29 0.26 0.27
13 17:01:50 22  704   526  792  332  393   663 1102  442  538  0.21 0.28 0.25 0.27
14 17:02:10 22  832   532  809  339  403   625 1094  413  529  0.15 0.26 0.18 0.24
;            Ch1    Ch2    Ch3    Ch4      blue   green  brown
;  alpha:   1.194  1.069  1.181  1.235     1.031 -0.000  1.182
; ETRmax:   319.3  561.9  399.3  792.7     453.9    0.0  784.7
;     Ik:   267.3  525.7  338.0  642.0     440.4    0.0  663.8
;References: BL_US PMDA0174.REF2 GR_US PMDA0174.REF2 BR_US PMDA0174.REF2

;LTK 40m_01232017


23JAN2017  17:04:28  Gain: 22  Zoff: 306 357 240 272
No   Time    G  PAR    F1   F2   F3   F4   Fm1  Fm2  Fm3  Fm4    Y1   Y2   Y3   Y4
 1 17:04:40 22   64   246  445  152  185   423  699  274  354  0.42 0.36 0.45 0.48

23JAN2017  17:04:43  Gain: 22  Zoff: 306 357 240 272
No   Time    G  PAR    F1   F2   F3   F4   Fm1  Fm2  Fm3  Fm4    Y1   Y2   Y3   Y4
 1 17:04:44 22   64   249  447  155  188   426  702  274  346  0.42 0.36 0.43 0.46
 2 17:05:05 22   16   220  417  138  169   448  695  286  361  0.51 0.40 0.52 0.53
 3 17:05:26 22   64   237  434  148  181   428  694  274  346  0.45 0.37 0.46 0.48
 4 17:05:46 22  128   239  437  151  184   404  667  265  334  0.41 0.34 0.43 0.45
 5 17:06:06 22  192   250  447  157  191   419  682  262  331  0.40 0.34 0.40 0.42
 6 17:06:26 22  256   270  464  170  207   408  681  273  330  0.34 0.32 0.38 0.37
 7 17:06:47 22  320   275  469  174  212   386  660  253  324  0.29 0.29 0.31 0.35
 8 17:07:07 22  384   271  468  175  212   374  661  248  319  0.28 0.29 0.29 0.34
 9 17:07:27 22  448   273  474  177  214   377  660  252  323  0.28 0.28 0.30 0.34
10 17:07:48 22  512   286  488  183  223   378  668  248  326  0.24 0.27 0.26 0.32
11 17:08:08 22  576   292  497  188  229   382  677  262  329  0.24 0.27 0.28 0.30
12 17:08:28 22  640   293  502  192  233   378  667  250  320  0.22 0.25 0.23 0.27
13 17:08:48 22  704   295  507  193  236   368  661  264  311  0.20 0.23 0.27 0.24
14 17:09:09 22  832   297  514  197  240   339  643  229  315  0.12 0.20 0.14 0.24
;            Ch1    Ch2    Ch3    Ch4      blue   green  brown
;  alpha:   1.087  0.896  1.116  1.174     1.057 -0.000  1.005
; ETRmax:   297.3  803.1  361.5  613.2     700.9    0.0  449.6
;     Ik:   273.5  896.3  323.8  522.4     663.1    0.0  447.2
;References: BL_US PMDA0174.REF2 GR_US PMDA0174.REF2 BR_US PMDA0174.REF2

;LTK 50m_01232017


23JAN2017  17:11:49  Gain: 22  Zoff: 306 357 240 272
No   Time    G  PAR    F1   F2   F3   F4   Fm1  Fm2  Fm3  Fm4    Y1   Y2   Y3   Y4
 1 17:12:01 22   64   273  390  162  183   489  640  295  359  0.44 0.39 0.45 0.49

23JAN2017  17:12:07  Gain: 22  Zoff: 306 357 240 272
No   Time    G  PAR    F1   F2   F3   F4   Fm1  Fm2  Fm3  Fm4    Y1   Y2   Y3   Y4
 1 17:12:07 22   94   292  365   -2   83   667  436  403  264  0.56 0.16 ---- 0.69
 2 17:12:29 22 1390   290  348  141  234   508  644  307  379  0.43 0.46 0.54 0.38
 3 17:12:49 22   64   276  396  159  197   520  648  327  383  0.47 0.39 0.51 0.49
 4 17:13:09 22  128   300  407  181  206   500  640  316  380  0.40 0.36 0.43 0.46
 5 17:13:30 22  192   317  420  193  220   488  622  314  366  0.35 0.32 0.39 0.40
 6 17:13:50 22  256   334  434  203  232   484  638  297  368  0.31 0.32 0.32 0.37
 7 17:14:10 22  320   344  445  211  242   463  631  298  372  0.26 0.29 0.29 0.35
 8 17:14:31 22  384   354  453  219  252   468  626  304  354  0.24 0.28 0.28 0.29
 9 17:14:51 22  448   360  461  225  258   462  630  296  359  0.22 0.27 0.24 0.28
10 17:15:11 22  512   368  469  231  266   464  619  293  351  0.21 0.24 0.21 0.24
11 17:15:31 22  576   374  477  235  271   463  621  307  371  0.19 0.23 0.23 0.27
12 17:15:52 22  640   380  485  239  276   459  619  303  369  0.17 0.22 0.21 0.25
13 17:16:12 22  704   385  493  243  281   466  630  307  367  0.17 0.22 0.21 0.23
14 17:16:32 22  832   389  502  247  288   419  612  280  360  0.07 0.18 0.12 0.20
;            Ch1    Ch2    Ch3    Ch4      blue   green  brown
;  alpha:   0.478  0.905  1.190  0.596     1.342 -0.000  0.602
; ETRmax:  5718037.  994.3  625.7 1290125.     391.1    0.0 12758564
;     Ik:  11963989 1099.2  525.9 2165425.     291.4    0.0 21183838
;References: BL_US PMDA0174.REF2 GR_US PMDA0174.REF2 BR_US PMDA0174.REF2

;LTK 60m_01232017


23JAN2017  17:18:28  Gain: 22  Zoff: 306 357 240 272
No   Time    G  PAR    F1   F2   F3   F4   Fm1  Fm2  Fm3  Fm4    Y1   Y2   Y3   Y4
 1 17:18:54 22   64   112  104   68   77   178  172  128  158  0.37 0.40 0.47 0.51

23JAN2017  17:18:59  Gain: 22  Zoff: 306 357 240 272
No   Time    G  PAR    F1   F2   F3   F4   Fm1  Fm2  Fm3  Fm4    Y1   Y2   Y3   Y4
 1 17:19:00 22   64   114  103   71   80   185  173  123  162  0.38 0.40 0.42 0.51
 2 17:19:21 22   16   101   97   64   71   212  189  137  179  0.52 0.49 0.53 0.60
 3 17:19:42 22   64   113  103   69   78   186  179  127  163  0.39 0.42 0.46 0.52
 4 17:20:02 22  128   117  106   73   83   189  171  119  162  0.38 0.38 0.39 0.49
 5 17:20:22 22  192   121  106   77   87   179  161  110  152  0.32 0.34 0.30 0.43
 6 17:20:43 22  256   128  110   83   93   175  163  124  158  0.27 0.33 0.33 0.41
 7 17:21:03 22  320   132  110   86   97   166  159  123  162  0.20 0.31 0.30 0.40
 8 17:21:23 22  384   131  110   87   99   182  160  133  161  0.28 0.31 0.35 0.39
 9 17:21:43 22  448   132  110   89  101   172  160  127  162  0.23 0.31 0.30 0.38
10 17:22:04 22    1   134  112   92  105   176  153  116  152  0.24 0.27 0.21 0.31
11 17:22:24 22  576   138  113   95  108   182  155  128  164  0.24 0.27 0.26 0.34
12 17:22:44 22  640   138  113   95  109   181  157  132  155  0.24 0.28 0.28 0.30
13 17:23:05 22    1   138  113   96  110   181  157  127  161  0.24 0.28 0.24 0.32
14 17:23:25 22  832   140  112   99  114   146  152  119  169  ---- 0.26 0.17 0.33
;            Ch1    Ch2    Ch3    Ch4      blue   green  brown
;  alpha:   0.736  0.794  0.652  0.888     0.875 -0.000  0.721
; ETRmax:   390.4 1673.6  216.1  297.7     326.1    0.0  888.2
;     Ik:   530.3 2108.3  331.5  335.4     372.8    0.0 1232.0
;References: BL_US PMDA0174.REF2 GR_US PMDA0174.REF2 BR_US PMDA0174.REF2

;LTK 70m_01232017

23JAN2017  17:26:05  Gain: 22  Zoff: 306 357 240 272
No   Time    G  PAR    F1   F2   F3   F4   Fm1  Fm2  Fm3  Fm4    Y1   Y2   Y3   Y4
 1 17:26:18 22   64    47   40   30   31    87   86   68   92  0.46 0.53 0.56 0.66

23JAN2017  17:26:25  Gain: 22  Zoff: 306 357 240 272
No   Time    G  PAR    F1   F2   F3   F4   Fm1  Fm2  Fm3  Fm4    Y1   Y2   Y3   Y4
 1 17:26:25 22   64    50   39   33   34    97   87   77   95  0.48 0.55 0.57 0.64
 2 17:26:47 22   16    44   40   29   30   100   94   82  105  0.56 0.57 0.65 0.71
 3 17:27:07 22   64    51   44   33   35    89   83   69   86  0.43 0.47 0.52 0.59
 4 17:27:28 22  128    53   45   36   38    91   83   73  100  0.42 0.46 0.51 0.62
 5 17:27:48 22  192    56   46   40   42    94   86   67   91  0.40 0.47 0.40 0.54
 6 17:28:08 22  256    60   46   43   47    95   82   66   86  0.37 0.44 0.35 0.45
 7 17:28:28 22  320    62   46   46   49    91   85   82  109  0.32 0.46 0.44 0.55
 8 17:28:49 22  384    62   45   47   52    88   78   72  105  0.30 0.42 0.35 0.50
 9 17:29:09 22  448    64   46   49   54   100   75   84  108  0.36 0.39 0.42 0.50
10 17:29:29 22  512    66   46   52   56    97   80   75  102  0.32 0.42 0.31 0.45
11 17:29:50 22  576    68   46   54   59   104   78   86  105  0.35 0.41 0.37 0.44
12 17:30:10 22  640    70   46   57   63    94   86   78  112  0.26 0.47 0.27 0.44
13 17:30:30 22  704    72   47   59   66   108   74   78  106  0.33 0.36 0.24 0.38
14 17:30:50 22  832    75   47   63   71    81   72   81  109  ---- 0.35 0.22 0.35
;            Ch1    Ch2    Ch3    Ch4      blue   green  brown
;  alpha:   0.992  1.052  1.284  1.389     1.358 10.776  1.184
; ETRmax:   902.3  870.0  798.8  754.8     656.4  487.4 2486.5
;     Ik:   909.4  826.8  621.9  543.4     483.4   45.2 2099.8
;References: BL_US PMDA0174.REF2 GR_US PMDA0174.REF2 BR_US PMDA0174.REF2

;LTK 80m_01232017

23JAN2017  17:33:45  Gain: 22  Zoff: 306 357 240 272
No   Time    G  PAR    F1   F2   F3   F4   Fm1  Fm2  Fm3  Fm4    Y1   Y2   Y3   Y4
 1 17:33:59 22   64   174  208  108  129   322  352  208  272  0.46 0.41 0.48 0.53

23JAN2017  17:34:06  Gain: 22  Zoff: 306 357 240 272
No   Time    G  PAR    F1   F2   F3   F4   Fm1  Fm2  Fm3  Fm4    Y1   Y2   Y3   Y4
 1 17:34:06 22   64   179  211  113  134   321  365  201  261  0.44 0.42 0.44 0.49
 2 17:34:28 22   16   142  185   91  108   324  346  206  257  0.56 0.47 0.56 0.58
 3 17:34:48 22    1   170  204  107  127   318  347  212  269  0.47 0.41 0.50 0.53
 4 17:35:08 22  128   179  211  115  137   294  334  193  249  0.39 0.37 0.40 0.45
 5 17:35:29 22  192   188  217  121  144   296  336  195  244  0.36 0.35 0.38 0.41
 6 17:35:49 22  256   193  221  126  148   281  332  195  240  0.31 0.33 0.35 0.38
 7 17:36:09 22  187   196  223  131  154   285  320  184  234  0.31 0.30 0.29 0.34
 8 17:36:29 22  384   207  231  137  161   293  333  195  236  0.29 0.31 0.30 0.32
 9 17:36:50 22  448   206  235  137  162   272  324  192  239  0.24 0.27 0.29 0.32
10 17:37:10 22  512   202  231  139  162   264  314  183  237  0.23 0.26 0.24 0.32
11 17:37:30 22  576   199  228  137  161   267  305  184  227  0.25 0.25 0.26 0.29
12 17:37:51 22  640   204  231  140  164   265  310  185  223  0.23 0.25 0.24 0.26
13 17:38:11 22  704   208  233  142  167   263  304  190  229  0.21 0.23 0.25 0.27
14 17:38:31 22  832   210  236  147  172   229  298  177  231  0.08 0.21 0.17 0.26
;            Ch1    Ch2    Ch3    Ch4      blue   green  brown
;  alpha:   0.950  0.885  1.015  1.114     1.030 -0.000  0.959
; ETRmax:   284.0  407.7  356.6  574.9     723.6    0.0  348.3
;     Ik:   298.9  460.6  351.4  516.1     702.6    0.0  363.1
;References: BL_US PMDA0174.REF2 GR_US PMDA0174.REF2 BR_US PMDA0174.REF2

;LTK 90m_01232017

23JAN2017  17:41:19  Gain: 22  Zoff: 306 357 240 272
No   Time    G  PAR    F1   F2   F3   F4   Fm1  Fm2  Fm3  Fm4    Y1   Y2   Y3   Y4
 1 17:41:32 22   64    -5    7    7    7    36   31   34   58  ---- ---- ---- ----

23JAN2017  17:41:39  Gain: 22  Zoff: 306 357 240 272
No   Time    G  PAR    F1   F2   F3   F4   Fm1  Fm2  Fm3  Fm4    Y1   Y2   Y3   Y4
 1 17:41:39 22   64    -3    5    9    9    35   40   42   64  ---- ---- ---- ----
 2 17:42:01 22   16    -3    2    8    7    35   47   42   66  ---- ---- ---- ----
 3 17:42:21 22   64    -3    7    8    8    37   44   29   59  ---- ---- ---- ----
 4 17:42:42 22  128    -1   11    8   17    42   43   38   60  ---- ---- ---- ----
 5 17:43:02 22  192     0    5   13   13    33   40   46   60  ---- ---- ---- ----
 6 17:43:22 22  256     1    4   15   16    35   44   33   57  ---- ---- ---- ----
 7 17:43:42 22  320     3    4   17   17    32   37   48   56  ---- ---- ---- ----
 8 17:44:03 22  384     3    3   19   20    45   37   41   63  ---- ---- ---- ----
 9 17:44:23 22  448     5    3   22   22    29   32   41   66  ---- ---- 0.46 0.67
10 17:44:43 22  512     6    2   23   24    34   38   51   62  ---- ---- 0.55 0.61
11 17:45:04 22  576     8    0   25   26    36   38   50   66  ---- ---- 0.50 0.61
12 17:45:24 22    1     9    1   27   28    35   35   56   80  ---- ---- 0.52 0.65
13 17:45:44 22  704     9    0   28   30    26   29   58   65  ---- ---- 0.52 0.54
14 17:46:04 22  832    12   -2   32   34    22   25   55   82  ---- ---- 0.42 0.59
;            Ch1    Ch2    Ch3    Ch4      blue   green  brown
;  alpha:  -0.000 -0.000  1.161  1.295     1.479  1.815 -0.000
; ETRmax:     0.0    0.0  842.0 7184.8     461.8  783.4    0.0
;     Ik:     0.0    0.0  725.5 5549.9     312.2  431.6    0.0
;References: BL_US PMDA0174.REF2 GR_US PMDA0174.REF2 BR_US PMDA0174.REF2

;LTK 100m_01232017

23JAN2017  17:48:58  Gain: 22  Zoff: 306 357 240 272
No   Time    G  PAR    F1   F2   F3   F4   Fm1  Fm2  Fm3  Fm4    Y1   Y2   Y3   Y4
 1 17:49:09 22   64     8   16    9    7    33   38   41   60  ---- ---- ---- ----

23JAN2017  17:49:22  Gain: 22  Zoff: 306 357 240 272
No   Time    G  PAR    F1   F2   F3   F4   Fm1  Fm2  Fm3  Fm4    Y1   Y2   Y3   Y4
 1 17:49:23 22  114     8   15   11    9    42   52   43   49  ---- ---- ---- ----
 2 17:49:44 22   16     6   14   10    7    39   50   41   64  ---- ---- ---- ----
 3 17:50:05 22   64     6   14    8    6    31   43   47   55  ---- ---- ---- ----
 4 17:50:25 22  128     8   13   11    8    44   55   38   57  ---- ---- ---- ----
 5 17:50:45 22  192    11   13   14   12    35   48   39   64  ---- ---- ---- ----
 6 17:51:06 22  256    13   14   18   16    46   49   48   53  ---- ---- ---- ----
 7 17:51:26 22  320    15   13   20   19    53   50   49   62  ---- ---- ---- ----
 8 17:51:46 22  384    16   11   22   20    40   40   52   74  ---- ---- 0.58 ----
 9 17:52:06 22  448    16   10   23   22    44   42   56   64  ---- ---- 0.59 0.66
10 17:52:27 22  512    17    9   25   24    44   42   46   62  ---- ---- 0.46 0.61
11 17:52:47 22  576    17    8   26   25    42   40   57   67  ---- ---- 0.54 0.63
12 17:53:07 22  640    17    7   28   26    43   44   56   71  ---- ---- 0.50 0.63
13 17:53:27 22  704    19    6   29   28    42   37   54   70  ---- ---- 0.46 0.60
14 17:53:48 22  832    20    4   33   31    30   26   47   77  ---- ---- 0.30 0.60
;            Ch1    Ch2    Ch3    Ch4      blue   green  brown
;  alpha:  -0.000 -0.000  0.755  1.830     1.892  1.765  1.346
; ETRmax:     0.0    0.0  246.7 3596.5    1292.5 4833.1 1315560.
;     Ik:     0.0    0.0  326.8 1964.8     683.3 2738.7 977037.6
;References: BL_US PMDA0174.REF2 GR_US PMDA0174.REF2 BR_US PMDA0174.REF2

;LTK 110m_01232017

23JAN2017  17:56:56  Gain: 22  Zoff: 306 357 240 272
No   Time    G  PAR    F1   F2   F3   F4   Fm1  Fm2  Fm3  Fm4    Y1   Y2   Y3   Y4
 1 17:57:09 22   64    21   46   23   24    76  102   65   79  0.72 0.55 0.65 0.70

23JAN2017  17:57:16  Gain: 22  Zoff: 306 357 240 272
No   Time    G  PAR    F1   F2   F3   F4   Fm1  Fm2  Fm3  Fm4    Y1   Y2   Y3   Y4
 1 17:57:17 22   64    22   45   25   26    77  100   60   90  0.71 0.55 0.58 0.71
 2 17:57:38 22   16    22   44   24   24    88   98   80  100  0.75 0.55 0.70 0.76
 3 17:57:59 22   64    25   47   25   25    79  110   67   95  0.68 0.57 0.63 0.74
 4 17:58:19 22  128    26   47   27   28    80  103   72   89  0.68 0.54 0.63 0.69
 5 17:58:39 22  192    29   49   30   31    72  109   58   98  0.60 0.55 0.48 0.68
 6 17:58:59 22  256    31   49   34   33    83  105   67   91  0.63 0.53 0.49 0.64
 7 17:59:20 22  320    32   48   35   36    74  100   71   91  0.57 0.52 0.51 0.60
 8 17:59:40 22  384    33   48   37   38    73   99   70   94  0.55 0.52 0.47 0.60
 9 18:00:00 22  448    34   47   40   41    82   94   77   87  0.59 0.50 0.48 0.53
10 18:00:20 22  512    34   46   41   43    72   96   71   87  0.53 0.52 0.42 0.51
11 18:00:41 22  576    35   46   42   43    58   84   73  100  0.40 0.45 0.42 0.57
12 18:01:01 22  640    34   44   43   45    71   86   72  101  0.52 0.49 0.40 0.55
13 18:01:21 22  704    34   43   45   46    64   91   81   93  0.47 0.53 0.44 0.51
14 18:01:42 22    1   102  155    6    7    50   76   69   91  ---- ---- ---- ----
;            Ch1    Ch2    Ch3    Ch4      blue   green  brown
;  alpha:   1.220  1.102  1.195  1.486     1.358 -0.000  1.326
; ETRmax:   484.7  761.8  664.0  827.4     972.0    0.0 1937.9
;     Ik:   397.2  691.5  555.7  556.8     715.9    0.0 1461.1
;References: BL_US PMDA0174.REF2 GR_US PMDA0174.REF2 BR_US PMDA0174.REF2

;LTK 120m_01232017

23JAN2017  18:05:44  Gain: 22  Zoff: 306 357 240 272
No   Time    G  PAR    F1   F2   F3   F4   Fm1  Fm2  Fm3  Fm4    Y1   Y2   Y3   Y4
 1 18:05:57 22   64    81  101   75   80   200  184  154  189  0.59 0.45 0.51 0.58

23JAN2017  18:06:02  Gain: 22  Zoff: 306 357 240 272
No   Time    G  PAR    F1   F2   F3   F4   Fm1  Fm2  Fm3  Fm4    Y1   Y2   Y3   Y4
 1 18:06:02 22   64    82  101   77   83   190  179  162  186  0.57 0.44 0.52 0.55
 2 18:06:24 22   16    69   91   70   73   177  165  140  172  0.61 0.45 0.50 0.58
 3 18:06:44 22   64    66   93   69   73   169  177  147  175  0.61 0.47 0.53 0.58
 4 18:07:04 22  128    71   99   75   79   172  188  143  176  0.59 0.47 0.48 0.55
 5 18:07:25 22  192    75  103   79   82   165  196  141  171  0.55 0.47 0.44 0.52
 6 18:07:45 22  256    76  104   81   85   148  181  143  165  0.49 0.43 0.43 0.48
 7 18:08:05 22  320    77  105   83   86   150  184  131  148  0.49 0.43 0.37 0.42
 8 18:08:25 22  384    79  107   86   90   148  184  138  159  0.47 0.42 0.38 0.43
 9 18:08:46 22  448    82  110   89   94   142  185  137  164  0.42 0.41 0.35 0.43
10 18:09:06 22    1    84  112   92   97   137  186  133  168  0.39 0.40 0.31 0.42
11 18:09:26 22  576    86  113   94  100   142  183  135  167  0.39 0.38 0.30 0.40
12 18:09:47 22  640    88  114   96  103   141  180  137  168  0.38 0.37 0.30 0.39
13 18:10:07 22  704    90  115   99  105   139  179  140  174  0.35 0.36 0.29 0.40
14 18:10:27 22  832    92  115  102  110   121  176  135  168  0.24 0.35 0.24 0.35
;            Ch1    Ch2    Ch3    Ch4      blue   green  brown
;  alpha:   1.124  1.001  0.833  1.041     0.959 -0.000  1.069
; ETRmax:   371.6  930.3  288.8  535.0     495.1    0.0  441.0
;     Ik:   330.6  929.2  346.8  513.9     516.4    0.0  412.4
;References: BL_US PMDA0174.REF2 GR_US PMDA0174.REF2 BR_US PMDA0174.REF2

;LTK 130m_01232017

23JAN2017  18:13:46  Gain: 22  Zoff: 306 357 240 272
No   Time    G  PAR    F1   F2   F3   F4   Fm1  Fm2  Fm3  Fm4    Y1   Y2   Y3   Y4
 1 18:13:58 22   64   125  127   40   35   173  172   81   93  0.28 0.26 0.51 0.62

23JAN2017  18:14:04  Gain: 22  Zoff: 306 357 240 272
No   Time    G  PAR    F1   F2   F3   F4   Fm1  Fm2  Fm3  Fm4    Y1   Y2   Y3   Y4
 1 18:14:05 22   64   126  126   42   38   163  162   74   90  0.23 0.22 0.43 0.58
 2 18:14:26 22   16   126  128   41   37   172  169   70   96  0.27 0.24 0.41 0.61
 3 18:14:47 22   64   127  128   41   37   162  165   68   87  0.22 0.22 0.40 0.57
 4 18:15:07 22  128   127  126   43   39   166  155   70   91  0.23 0.19 0.39 0.57
 5 18:15:27 22  192   128  124   46   42   167  162   82   87  0.23 0.23 0.44 0.52
 6 18:15:48 22  256   129  123   48   44   165  158   73   88  0.22 0.22 0.34 0.50
 7 18:16:08 22  320   129  121   49   45   166  148   76   97  0.22 0.18 0.36 0.54
 8 18:16:28 22  384   129  119   51   47   158  146   81   94  0.18 0.18 0.37 0.50
 9 18:16:48 22  448   129  117   52   48   162  150   79  101  0.20 0.22 0.34 0.52
10 18:17:09 22  187   129  116   53   50   149  142   75   86  0.13 0.18 0.29 0.42
11 18:17:29 22  576   129  115   54   51   158  144   90   93  0.18 0.20 0.40 0.45
12 18:17:49 22  640   128  113   56   53   158  154   84   94  0.19 0.27 0.33 0.44
13 18:18:10 22    1   128  111   57   55   151  140   80  103  0.15 0.21 0.29 0.47
14 18:18:30 22  832   129  109   61   58   142  138   82   96  0.09 0.21 0.26 0.40
;            Ch1    Ch2    Ch3    Ch4      blue   green  brown
;  alpha:   0.528  0.464  0.938  1.325     6.811 -0.000  0.687
; ETRmax:   208.7 3168.0  597.7 1245.9    1020.8    0.0  283.4
;     Ik:   395.3 6831.5  637.0  940.0     149.9    0.0  412.7
;References: BL_US PMDA0174.REF2 GR_US PMDA0174.REF2 BR_US PMDA0174.REF2

;LTK 140m_01232017

23JAN2017  18:21:04  Gain: 22  Zoff: 306 357 240 272
No   Time    G  PAR    F1   F2   F3   F4   Fm1  Fm2  Fm3  Fm4    Y1   Y2   Y3   Y4
 1 18:21:17 22   64   281  294   82   79   306  327  120  140  0.08 0.10 0.32 0.44

23JAN2017  18:21:25  Gain: 22  Zoff: 306 357 240 272
No   Time    G  PAR    F1   F2   F3   F4   Fm1  Fm2  Fm3  Fm4    Y1   Y2   Y3   Y4
 1 18:21:25 22   64   278  289   84   81   298  326  106  135  0.07 0.11 0.21 0.40
 2 18:21:47 22   16   273  287   82   77   302  321  110  132  0.10 0.11 0.25 0.42
 3 18:22:07 22   64   267  280   79   76   297  315  113  132  0.10 0.11 0.30 0.42
 4 18:22:28 22  128   262  272   79   76   294  302  116  122  0.11 0.10 0.32 0.38
 5 18:22:48 22  192   256  264   80   77   283  301  111  120  0.10 0.12 0.28 0.36
 6 18:23:08 22  256   251  256   80   77   290  285  109  124  0.13 0.10 0.27 0.38
 7 18:23:28 22  320   246  249   80   78   279  275  107  127  0.12 0.09 0.25 0.39
 8 18:23:49 22  384   240  240   80   77   273  276  112  123  0.12 0.13 0.29 0.37
 9 18:24:09 22  448   236  234   80   78   266  258  103  130  0.11 0.09 0.22 0.40
10 18:24:29 22  512   231  228   80   78   265  255  110  119  0.13 0.11 0.27 0.34
11 18:24:49 22  576   227  222   80   78   265  246  114  111  0.14 0.10 0.30 0.30
12 18:25:10 22  640   223  215   80   79   240  242  106  124  0.07 0.11 0.25 0.36
13 18:25:30 22  704   218  210   81   79   242  244  105  124  0.10 0.14 0.23 0.36
14 18:25:50 22  832   215  202   83   81   212  221   95  131  ---- 0.09 0.13 0.38
;            Ch1    Ch2    Ch3    Ch4      blue   green  brown
;  alpha:   0.163  0.267  0.441  0.851    -0.000 -0.000  0.274
; ETRmax:    50.9  969.3  152.5 11270.4       0.0    0.0  106.6
;     Ik:   312.2 3623.8  346.0 13250.1       0.0    0.0  388.9
;References: BL_US PMDA0174.REF2 GR_US PMDA0174.REF2 BR_US PMDA0174.REF2
