Gain: 20  Zoff: 172 195 123 120

;LTK_11072017_0m
07NOV2017  13:21:45  Gain: 20  Zoff: 172 195 123 120
No   Time    G  PAR    F1   F2   F3   F4   Fm1  Fm2  Fm3  Fm4    Y1   Y2   Y3   Y4
 1 13:31:33 20 3377    76  138   58   62   137  210  113  135  0.45 0.34 0.49 0.54

07NOV2017  13:31:37  Gain: 20  Zoff: 172 195 123 120
No   Time    G  PAR    F1   F2   F3   F4   Fm1  Fm2  Fm3  Fm4    Y1   Y2   Y3   Y4
 1 13:31:38 20 3389    80  139   63   68   141  205  116  140  0.43 0.32 0.46 0.51
 2 13:31:59 20 3390    79  135   60   65   145  203  112  136  0.46 0.33 0.46 0.52
 3 13:32:19 20 3387    80  139   60   66   144  211  116  138  0.44 0.34 0.48 0.52
 4 13:32:40 20 3389    78  140   62   67   137  217  113  133  0.43 0.35 0.45 0.50
 5 13:33:00 20 3388    79  141   64   69   138  211  111  139  0.43 0.33 0.42 0.50
 6 13:33:20 20 3390    80  140   66   70   132  210  114  135  0.39 0.33 0.42 0.48
 7 13:33:40 20 3390    78  139   66   71   129  207  114  133  0.40 0.33 0.42 0.47
 8 13:34:01 20 3383    76  137   67   72   126  202  114  131  0.40 0.32 0.41 0.45
 9 13:34:21 20 3388    77  138   69   73   125  205  114  131  0.38 0.33 0.39 0.44
10 13:34:41 20 3391    78  136   70   75   122  200  115  133  0.36 0.32 0.39 0.44
;            Ch1    Ch2    Ch3    Ch4      blue   green  brown
;  alpha:   0.401  0.306  0.414  0.496     0.474 -0.000  0.366
; ETRmax:   797.7  736.0 1090.4  866.1     851.6    0.0  770.3
;     Ik:  1988.5 2407.9 2634.5 1746.1    1797.6    0.0 2102.0
;References: BL_US PMDA0174.REF2 GR_US PMDA0174.REF2 BR_US PMDA0174.REF2


;LTK_11072017_10m

07NOV2017  13:37:45  Gain: 20  Zoff: 172 195 123 120
No   Time    G  PAR    F1   F2   F3   F4   Fm1  Fm2  Fm3  Fm4    Y1   Y2   Y3   Y4
 1 13:38:03 20 3387   100  147   70   78   202  257  150  185  0.50 0.43 0.53 0.58

07NOV2017  13:38:08  Gain: 20  Zoff: 172 195 123 120
No   Time    G  PAR    F1   F2   F3   F4   Fm1  Fm2  Fm3  Fm4    Y1   Y2   Y3   Y4
 1 13:38:08 20 3391   105  148   76   84   201  245  153  179  0.48 0.40 0.50 0.53
 2 13:38:29 20 3385    97  139   68   77   205  243  142  173  0.53 0.43 0.52 0.55
 3 13:38:50 20 3384   104  147   72   81   213  266  152  179  0.51 0.45 0.53 0.55
 4 13:39:10 20 3384    99  149   73   82   199  269  149  181  0.50 0.45 0.51 0.55
 5 13:39:30 20 3385   104  154   77   87   202  272  152  183  0.49 0.43 0.49 0.52
 6 13:39:51 20 3387   101  153   75   83   182  264  139  167  0.45 0.42 0.46 0.50
 7 13:40:11 20 3391   104  156   78   87   189  269  147  177  0.45 0.42 0.47 0.51
 8 13:40:31 20 3386   110  159   86   95   186  265  149  179  0.41 0.40 0.42 0.47
 9 13:40:51 20 3388   106  157   84   93   172  254  142  172  0.38 0.38 0.41 0.46
10 13:41:12 20 3388   102  156   83   92   168  253  143  167  0.39 0.38 0.42 0.45
;            Ch1    Ch2    Ch3    Ch4      blue   green  brown
;  alpha:  323008.1  0.406 2887120. 36995.69     0.479 -0.000  0.459
; ETRmax:  2763.2  799.8 3198.7 3213.0     853.6    0.0  844.5
;     Ik:     0.0 1970.3    0.0    0.1    1781.3    0.0 1839.9
;References: BL_US PMDA0174.REF2 GR_US PMDA0174.REF2 BR_US PMDA0174.REF2


;LTK_11072017_20m

07NOV2017  13:44:41  Gain: 20  Zoff: 172 195 123 120
No   Time    G  PAR    F1   F2   F3   F4   Fm1  Fm2  Fm3  Fm4    Y1   Y2   Y3   Y4
 1 13:44:56 20 3389   132  177   82   94   353  403  211  268  0.63 0.56 0.61 0.65

07NOV2017  13:45:00  Gain: 20  Zoff: 172 195 123 120
No   Time    G  PAR    F1   F2   F3   F4   Fm1  Fm2  Fm3  Fm4    Y1   Y2   Y3   Y4
 1 13:45:00 20 3400   147  189   91  105   358  399  217  268  0.59 0.53 0.58 0.61
 2 13:45:21 20 3397   151  184   87  101   385  387  211  265  0.61 0.52 0.59 0.62
 3 13:45:42 20 3386   159  194   94  108   407  425  233  290  0.61 0.54 0.60 0.63
 4 13:46:02 20 3388   151  191   95  108   296  363  197  235  0.49 0.47 0.52 0.54
 5 13:46:22 20 3388   120  172   82   92   250  338  175  211  0.52 0.49 0.53 0.56
 6 13:46:43 20 3394   126  177   85   97   261  351  180  216  0.52 0.50 0.53 0.55
 7 13:47:03 20 3384   139  187   94  107   267  356  187  223  0.48 0.47 0.50 0.52
 8 13:47:23 20 3385   163  207  105  122   341  424  210  264  0.52 0.51 0.50 0.54
 9 13:47:43 20 3391   216  252  123  146   353  427  211  262  0.39 0.41 0.42 0.44
10 13:48:04 20 3387   195  224  117  135   282  352  186  224  0.31 0.36 0.37 0.40
;            Ch1    Ch2    Ch3    Ch4      blue   green  brown
;  alpha:  119520.6  0.493 369032.8  0.580     0.475 -0.000  0.542
; ETRmax:  3136.7  863.4 3227.0  926.4     852.5    0.0  898.2
;     Ik:     0.0 1750.6    0.0 1598.3    1795.6    0.0 1656.8
;References: BL_US PMDA0174.REF2 GR_US PMDA0174.REF2 BR_US PMDA0174.REF2


;LTK_11072017_30m

07NOV2017  13:51:29  Gain: 20  Zoff: 172 195 123 120
No   Time    G  PAR    F1   F2   F3   F4   Fm1  Fm2  Fm3  Fm4    Y1   Y2   Y3   Y4
 1 13:51:40 20 3391   102  194   72   80   238  399  174  207  0.57 0.51 0.59 0.61

07NOV2017  13:51:43  Gain: 20  Zoff: 172 195 123 120
No   Time    G  PAR    F1   F2   F3   F4   Fm1  Fm2  Fm3  Fm4    Y1   Y2   Y3   Y4
 1 13:51:44 20 3392   108  199   77   86   235  383  175  207  0.54 0.48 0.56 0.58
 2 13:52:05 20 3389    97  184   70   78   248  386  179  211  0.61 0.52 0.61 0.63
 3 13:52:25 20 3389    98  190   71   79   235  399  175  209  0.58 0.52 0.59 0.62
 4 13:52:46 20 3390   102  195   75   83   229  399  173  207  0.55 0.51 0.57 0.60
 5 13:53:06 20 3389   108  201   79   89   226  394  173  203  0.52 0.49 0.54 0.56
 6 13:53:26 20 3388   113  205   84   94   223  389  171  201  0.49 0.47 0.51 0.53
 7 13:53:46 20 3394   116  209   87   98   219  385  169  202  0.47 0.46 0.49 0.51
 8 13:54:07 20 3390   120  214   90  101   216  383  170  202  0.44 0.44 0.47 0.50
 9 13:54:27 20 3391   124  217   94  106   215  380  171  201  0.42 0.43 0.45 0.47
10 13:54:47 20 3381   124  220   96  107   211  371  167  195  0.41 0.41 0.43 0.45
;            Ch1    Ch2    Ch3    Ch4      blue   green  brown
;  alpha:   0.501  0.462  0.521  0.556     0.482 -0.000  0.508
; ETRmax:  1242.1 1179.6 1273.1 1320.8    1210.9    0.0 1256.0
;     Ik:  2477.3 2551.9 2442.1 2374.3    2510.4    0.0 2473.5
;References: BL_US PMDA0174.REF2 GR_US PMDA0174.REF2 BR_US PMDA0174.REF2


;LTK_11072017_40m

07NOV2017  13:57:41  Gain: 20  Zoff: 172 195 123 120
No   Time    G  PAR    F1   F2   F3   F4   Fm1  Fm2  Fm3  Fm4    Y1   Y2   Y3   Y4
 1 13:57:53 20 3388   316  365  184  209   596  640  353  418  0.47 0.43 0.48 0.50

07NOV2017  13:57:56  Gain: 20  Zoff: 172 195 123 120
No   Time    G  PAR    F1   F2   F3   F4   Fm1  Fm2  Fm3  Fm4    Y1   Y2   Y3   Y4
 1 13:57:56 20 3391   325  372  191  217   590  623  354  419  0.45 0.40 0.46 0.48
 2 13:58:18 20 3387   269  332  161  181   593  634  354  423  0.55 0.48 0.55 0.57
 3 13:58:38 20 3387   290  346  172  195   580  624  351  419  0.50 0.45 0.51 0.53
 4 13:58:58 20 3388   317  364  188  214   561  620  340  405  0.43 0.41 0.45 0.47
 5 13:59:18 20 3380   333  376  198  226   551  607  330  391  0.40 0.38 0.40 0.42
 6 13:59:39 20 3383   349  388  208  239   543  609  330  391  0.36 0.36 0.37 0.39
 7 13:59:59 20 3385   368  402  219  253   543  603  330  394  0.32 0.33 0.34 0.36
 8 14:00:19 20 3390   378  411  226  260   540  604  327  386  0.30 0.32 0.31 0.33
 9 14:00:39 20 3388   383  418  231  266   525  592  328  379  0.27 0.29 0.30 0.30
10 14:01:00 20 3391   387  423  234  269   519  594  327  379  0.25 0.29 0.28 0.29
;            Ch1    Ch2    Ch3    Ch4      blue   green  brown
;  alpha:  27409.29  0.352  0.381  0.404    61901.14 -0.000  0.384
; ETRmax:  2903.6  759.1  780.9  800.1    2723.1    0.0  785.4
;     Ik:     0.1 2156.4 2048.6 1979.9       0.0    0.0 2043.5
;References: BL_US PMDA0174.REF2 GR_US PMDA0174.REF2 BR_US PMDA0174.REF2


;LTK_11072017_50m

07NOV2017  14:04:16  Gain: 20  Zoff: 172 195 123 120
No   Time    G  PAR    F1   F2   F3   F4   Fm1  Fm2  Fm3  Fm4    Y1   Y2   Y3   Y4
 1 14:04:27 20 3391   243  249  143  167   455  439  275  333  0.47 0.43 0.48 0.50

07NOV2017  14:04:31  Gain: 20  Zoff: 172 195 123 120
No   Time    G  PAR    F1   F2   F3   F4   Fm1  Fm2  Fm3  Fm4    Y1   Y2   Y3   Y4
 1 14:04:31 20 3386   250  252  150  174   451  426  281  336  0.45 0.41 0.47 0.48
 2 14:04:53 20 3389   213  226  128  147   471  445  288  344  0.55 0.49 0.56 0.57
 3 14:05:13 20 3387   231  238  137  158   447  432  278  332  0.48 0.45 0.51 0.52
 4 14:05:33 20 3389   246  247  147  170   430  415  266  315  0.43 0.40 0.45 0.46
 5 14:05:53 20 3388   260  259  156  181   414  411  255  311  0.37 0.37 0.39 0.42
 6 14:06:14 20 3389   274  268  165  192   409  399  258  307  0.33 0.33 0.36 0.37
 7 14:06:34 20 3385   286  274  172  202   406  403  257  307  0.30 0.32 0.33 0.34
 8 14:06:54 20 3387   293  281  177  207   402  398  257  300  0.27 0.29 0.31 0.31
 9 14:07:15 20 3385   302  289  181  211   418  413  251  309  0.28 0.30 0.28 0.32
10 14:07:35 20 3390   369  351  210  253   491  493  289  355  0.25 0.29 0.27 0.29
;            Ch1    Ch2    Ch3    Ch4      blue   green  brown
;  alpha:   0.350  0.345  0.376  0.397     0.347 -0.000  0.370
; ETRmax:   757.8  754.0  777.0  795.7     751.0    0.0  772.9
;     Ik:  2164.4 2186.2 2064.1 2004.0    2165.1    0.0 2090.5
;References: BL_US PMDA0174.REF2 GR_US PMDA0174.REF2 BR_US PMDA0174.REF2


;LTK_11072017_60m

07NOV2017  14:11:03  Gain: 20  Zoff: 172 195 123 120
No   Time    G  PAR    F1   F2   F3   F4   Fm1  Fm2  Fm3  Fm4    Y1   Y2   Y3   Y4
 1 14:11:18 20 3393   136  112   82  103   251  202  161  209  0.46 0.45 0.49 0.51

07NOV2017  14:11:22  Gain: 20  Zoff: 172 195 123 120
No   Time    G  PAR    F1   F2   F3   F4   Fm1  Fm2  Fm3  Fm4    Y1   Y2   Y3   Y4
 1 14:11:22 20 3384   141  113   88  110   254  195  169  211  0.44 0.42 0.48 0.48
 2 14:11:43 20 3391   127  104   78   99   267  207  174  220  0.52 0.50 0.55 0.55
 3 14:12:03 20 3383   139  112   85  106   267  201  171  218  0.48 0.44 0.50 0.51
 4 14:12:24 20 3391   150  117   92  115   250  193  161  208  0.40 0.39 0.43 0.45
 5 14:12:44 20 3389   156  121   97  121   240  186  158  201  0.35 0.35 0.39 0.40
 6 14:13:04 20 3391   160  122  100  125   230  180  155  195  0.30 0.32 0.35 0.36
 7 14:13:25 20 3391   162  122  102  126   223  175  150  190  0.27 0.30 0.32 0.34
 8 14:13:45 20 3381   163  122  103  128   219  170  147  183  0.26 0.28 0.30 0.30
 9 14:14:05 20 3381   163  122  104  129   219  167  151  184  0.26 0.27 0.31 0.30
10 14:14:25 20 3386   163  122  105  130   212  167  148  183  0.23 0.27 0.29 0.29
;            Ch1    Ch2    Ch3    Ch4      blue   green  brown
;  alpha:  432720.0 4398.380 553087.4 126722.6     0.345 55024967  0.300
; ETRmax:  3049.4 3337.5 2510.1 3234.5     755.0 3266.1  746.3
;     Ik:     0.0    0.8    0.0    0.0    2188.2    0.0 2489.2
;References: BL_US PMDA0174.REF2 GR_US PMDA0174.REF2 BR_US PMDA0174.REF2


;LTK_11072017_70m

07NOV2017  14:17:40  Gain: 20  Zoff: 172 195 123 120
No   Time    G  PAR    F1   F2   F3   F4   Fm1  Fm2  Fm3  Fm4    Y1   Y2   Y3   Y4
 1 14:17:51 20 3374   127   83   79   95   216  141  144  178  0.41 0.41 0.45 0.47

07NOV2017  14:17:55  Gain: 20  Zoff: 172 195 123 120
No   Time    G  PAR    F1   F2   F3   F4   Fm1  Fm2  Fm3  Fm4    Y1   Y2   Y3   Y4
 1 14:17:55 20 3392   131   84   83  100   218  138  153  183  0.40 0.39 0.46 0.45
 2 14:18:17 20 3391   111   73   71   84   226  143  156  187  0.51 0.49 0.54 0.55
 3 14:18:37 20 3391   121   77   77   92   215  141  142  180  0.44 0.45 0.46 0.49
 4 14:18:57 20 3391   132   83   84  100   204  135  143  172  0.35 0.39 0.41 0.42
 5 14:19:17 20 3393   140   86   90  107   201  129  143  170  0.30 0.33 0.37 0.37
 6 14:19:38 20 3389   145   89   94  111   203  128  139  166  0.29 0.30 0.32 0.33
 7 14:19:58 20 3384   147   88   95  113   198  131  135  169  0.26 0.33 0.30 0.33
 8 14:20:18 20 3391   147   88   96  114   195  122  137  165  0.25 0.28 0.30 0.31
 9 14:20:38 20 3391   148   88   98  115   195  124  134  165  0.24 0.29 0.27 0.30
10 14:20:59 20 3387   150   88  100  118   189  123  134  167  0.21 0.28 0.25 0.29
;            Ch1    Ch2    Ch3    Ch4      blue   green  brown
;  alpha:   0.297  0.331  0.348  0.368     0.399  0.304 5289907.
; ETRmax:   738.4  744.3  756.5  771.8     793.2  741.3 3969.6
;     Ik:  2485.9 2245.6 2171.9 2097.4    1986.6 2436.1    0.0
;References: BL_US PMDA0174.REF2 GR_US PMDA0174.REF2 BR_US PMDA0174.REF2


;LTK_11072017_80m

07NOV2017  14:24:25  Gain: 20  Zoff: 172 195 123 120
No   Time    G  PAR    F1   F2   F3   F4   Fm1  Fm2  Fm3  Fm4    Y1   Y2   Y3   Y4
 1 14:24:36 20 3391   115   74   72   85   195  125  129  160  0.41 0.41 0.44 0.47

07NOV2017  14:24:39  Gain: 20  Zoff: 172 195 123 120
No   Time    G  PAR    F1   F2   F3   F4   Fm1  Fm2  Fm3  Fm4    Y1   Y2   Y3   Y4
 1 14:24:39 20 3389   118   74   76   90   196  125  140  169  0.40 0.41 0.46 0.47
 2 14:25:01 20 3390   102   66   66   78   212  133  145  172  0.52 0.50 0.54 0.55
 3 14:25:21 20 3391   114   72   73   86   196  133  136  168  0.42 0.46 0.46 0.49
 4 14:25:41 20 3385   119   74   77   92   184  119  129  155  0.35 0.38 0.40 0.41
 5 14:26:02 20 3389   122   75   80   94   179  113  124  152  0.32 0.34 0.35 0.38
 6 14:26:22 20 3385   126   76   83   98   181  110  127  155  0.30 0.31 0.35 0.37
 7 14:26:42 20 3385   130   77   86  102   175  111  124  151  0.26 0.31 0.31 0.32
 8 14:27:02 20 3385   131   77   88  104   175  107  124  152  0.25 0.28 0.29 0.32
 9 14:27:23 20 3384   131   76   89  104   172  109  125  153  0.24 0.30 0.29 0.32
10 14:27:43 20 3388   131   74   90  105   169  106  122  153  0.22 0.30 0.26 0.31
;            Ch1    Ch2    Ch3    Ch4      blue   green  brown
;  alpha:  1034828.  0.337  0.352  0.378     0.406 195944.6  0.353
; ETRmax:  3379.9  748.3  759.7  778.0     799.7 2814.3  970.9
;     Ik:     0.0 2222.1 2157.4 2057.5    1971.3    0.0 2752.5
;References: BL_US PMDA0174.REF2 GR_US PMDA0174.REF2 BR_US PMDA0174.REF2


;LTK_11072017_90m

07NOV2017  14:30:58  Gain: 20  Zoff: 172 195 123 120
No   Time    G  PAR    F1   F2   F3   F4   Fm1  Fm2  Fm3  Fm4    Y1   Y2   Y3   Y4
 1 14:31:06 20 3388    67   48   53   59   129   93  100  122  0.48 0.48 0.47 0.52

07NOV2017  14:31:11  Gain: 20  Zoff: 172 195 123 120
No   Time    G  PAR    F1   F2   F3   F4   Fm1  Fm2  Fm3  Fm4    Y1   Y2   Y3   Y4
 1 14:31:11 20 3391    70   48   57   64   130   89  106  125  0.46 0.46 0.46 0.49
 2 14:31:32 20 3388    53   37   46   50   115   80   97  110  0.54 0.54 0.53 0.55
 3 14:31:53 20 3389    61   41   50   55   113   83   95  116  0.46 0.51 0.47 0.53
 4 14:32:13 20 3391    68   44   55   61   113   81   95  112  0.40 0.46 0.42 0.46
 5 14:32:33 20 3384    72   45   58   64   113   77   94  115  0.36 0.42 0.38 0.44
 6 14:32:53 20 3383    73   45   60   67   107   75   95  111  0.32 0.40 0.37 0.40
 7 14:33:14 20 3386    74   44   62   68   109   71   95  108  0.32 0.38 0.35 0.37
 8 14:33:34 20 3387    74   44   62   69   108   73   95  112  0.31 0.40 0.35 0.38
 9 14:33:54 20 3386    75   43   63   70   107   70   96  110  0.30 0.39 0.34 0.36
10 14:34:15 20 3381    75   41   64   71   104   65   92  113  0.28 0.37 0.30 0.37
;            Ch1    Ch2    Ch3    Ch4      blue   green  brown
;  alpha:   0.351  0.413  0.383  0.417     0.414  0.316  0.656
; ETRmax:   965.3 1085.8  783.5 1096.5    1092.5  897.9  974.1
;     Ik:  2749.0 2629.3 2043.3 2628.2    2635.7 2837.4 1485.3
;References: BL_US PMDA0174.REF2 GR_US PMDA0174.REF2 BR_US PMDA0174.REF2


;LTK_11072017_100m

07NOV2017  14:37:36  Gain: 20  Zoff: 172 195 123 120
No   Time    G  PAR    F1   F2   F3   F4   Fm1  Fm2  Fm3  Fm4    Y1   Y2   Y3   Y4
 1 14:37:47 20 3392    59   67   41   48   128  134   97  115  0.54 0.50 0.58 0.58

07NOV2017  14:37:55  Gain: 20  Zoff: 172 195 123 120
No   Time    G  PAR    F1   F2   F3   F4   Fm1  Fm2  Fm3  Fm4    Y1   Y2   Y3   Y4
 1 14:37:55 20 3389    62   65   46   53   128  133  102  122  0.52 0.51 0.55 0.57
 2 14:38:17 20 3391    52   61   39   44   133  135  102  122  0.61 0.55 0.62 0.64
 3 14:38:37 20 3390    57   65   41   48   128  137   97  121  0.55 0.53 0.58 0.60
 4 14:38:57 20 3384    62   67   45   53   122  135   94  117  0.49 0.50 0.52 0.55
 5 14:39:18 20 3388    64   68   48   55   121  133   96  111  0.47 0.49 0.50 0.50
 6 14:39:38 20 3383    67   69   50   57   120  131   97  115  0.44 0.47 0.48 0.50
 7 14:39:58 20 3398    70   71   52   60   119  129   93  114  0.41 0.45 0.44 0.47
 8 14:40:18 20 3389    73   73   55   64   117  131   98  116  0.38 0.44 0.44 0.45
 9 14:40:39 20 3384    75   74   57   66   117  123   97  119  0.36 0.40 0.41 0.45
10 14:40:59 20 3387    76   74   59   68   116  127  101  115  0.34 0.42 0.42 0.41
;            Ch1    Ch2    Ch3    Ch4      blue   green  brown
;  alpha:   0.460  0.486  0.513  0.541     0.509 -0.000  0.496
; ETRmax:   844.3  858.0  879.3  895.5     873.4    0.0  865.3
;     Ik:  1836.4 1767.0 1712.7 1656.8    1715.6    0.0 1743.8
;References: BL_US PMDA0174.REF2 GR_US PMDA0174.REF2 BR_US PMDA0174.REF2


;LTK_11072017_110m

07NOV2017  14:44:04  Gain: 20  Zoff: 172 195 123 120
No   Time    G  PAR    F1   F2   F3   F4   Fm1  Fm2  Fm3  Fm4    Y1   Y2   Y3   Y4
 1 14:44:15 20 3389    53   64   37   44   117  133   91  117  0.55 0.52 0.59 0.62

07NOV2017  14:44:19  Gain: 20  Zoff: 172 195 123 120
No   Time    G  PAR    F1   F2   F3   F4   Fm1  Fm2  Fm3  Fm4    Y1   Y2   Y3   Y4
 1 14:44:19 20 3391    56   65   41   48   123  123   97  116  0.54 0.47 0.58 0.59
 2 14:44:40 20 3389    48   59   36   42   123  133   91  120  0.61 0.56 0.60 0.65
 3 14:45:00 20 3388    54   63   39   45   124  137   95  116  0.56 0.54 0.59 0.61
 4 14:45:21 20 3390    60   67   43   50   123  136   94  117  0.51 0.51 0.54 0.57
 5 14:45:41 20 3390    62   68   46   53   123  131   92  115  0.50 0.48 0.50 0.54
 6 14:46:01 20 3388    62   67   47   54   115  125   92  112  0.46 0.46 0.49 0.52
 7 14:46:22 20 3387    63   67   48   56   113  127   91  113  0.44 0.47 0.47 0.50
 8 14:46:42 20 3391    65   68   51   59   113  125   92  109  0.42 0.46 0.45 0.46
 9 14:47:02 20 3382    68   70   53   61   116  123   89  113  0.41 0.43 0.40 0.46
10 14:47:22 20 3390    69   70   55   63   114  123   94  111  0.39 0.43 0.41 0.43
;            Ch1    Ch2    Ch3    Ch4      blue   green  brown
;  alpha:  361501.1 96089.57 657749.4 409595.5    475755.0 -0.000 51572.91
; ETRmax:  3713.9 3337.9 3378.3 4297.5    3086.8    0.0 3112.5
;     Ik:     0.0    0.0    0.0    0.0       0.0    0.0    0.1
;References: BL_US PMDA0174.REF2 GR_US PMDA0174.REF2 BR_US PMDA0174.REF2

;LTK_11072017_120m
07NOV2017  14:49:30  Gain: 20  Zoff: 172 195 123 120
No   Time    G  PAR    F1   F2   F3   F4   Fm1  Fm2  Fm3  Fm4    Y1   Y2   Y3   Y4
 1 14:49:41 20 3375     2    0    8   10    35   25   43   54  ---- ---- ---- ----

07NOV2017  14:49:44  Gain: 20  Zoff: 172 195 123 120
No   Time    G  PAR    F1   F2   F3   F4   Fm1  Fm2  Fm3  Fm4    Y1   Y2   Y3   Y4
 1 14:49:45 20 3391     4    0   11   13    40   23   46   63  ---- ---- ---- ----
 2 14:50:06 20 3388     2   -1    9   11    43   27   41   56  ---- ---- ---- ----
 3 14:50:26 20 3387     3    0    9   12    34   31   40   60  ---- ---- ---- ----
 4 14:50:46 20 3394     4    0   11   13    38   25   45   58  ---- ---- ---- ----
 5 14:51:07 20 3391     6    0   13   15    37   27   41   58  ---- ---- ---- ----
 6 14:51:27 20 3389     6    0   14   17    39   25   42   59  ---- ---- ---- ----
 7 14:51:47 20 3386     7   -1   15   18    38   25   44   57  ---- ---- ---- ----
 8 14:52:08 20 3386     8   -1   16   19    38   24   45   57  ---- ---- ---- ----
 9 14:52:28 20 3381     8   -2   18   21    37   19   44   59  ---- ---- ---- 0.64
10 14:52:48 20 3394     9   -3   19   22    38   21   47   61  ---- ---- ---- 0.64
;            Ch1    Ch2    Ch3    Ch4      blue   green  brown
;  alpha:  -0.000 -0.000 -0.000  0.748     0.639  1.282 -0.000
; ETRmax:     0.0    0.0    0.0 1036.4     963.5 1300.3    0.0
;     Ik:     0.0    0.0    0.0 1385.6    1507.0 1014.2    0.0
;References: BL_US PMDA0174.REF2 GR_US PMDA0174.REF2 BR_US PMDA0174.REF2


;LTK_11072017_130m

07NOV2017  14:55:29  Gain: 20  Zoff: 172 195 123 120
No   Time    G  PAR    F1   F2   F3   F4   Fm1  Fm2  Fm3  Fm4    Y1   Y2   Y3   Y4
 1 14:55:40 20 3391     3   -1    5    7    38   29   39   48  ---- ---- ---- ----

07NOV2017  14:55:43  Gain: 20  Zoff: 172 195 123 120
No   Time    G  PAR    F1   F2   F3   F4   Fm1  Fm2  Fm3  Fm4    Y1   Y2   Y3   Y4
 1 14:55:44 20 3391     5   -1    9   10    39   22   46   59  ---- ---- ---- ----
 2 14:56:05 20 3391     4   -1    8    9    39   28   40   54  ---- ---- ---- ----
 3 14:56:25 20 3389     4   -1    7    9    36   27   37   51  ---- ---- ---- ----
 4 14:56:46 20 3388     5   -1    8   10    41   28   42   53  ---- ---- ---- ----
 5 14:57:06 20 3391     6   -2   10   12    36   25   40   58  ---- ---- ---- ----
 6 14:57:26 20 3390     7   -3   11   14    35   19   45   55  ---- ---- ---- ----
 7 14:57:46 20 3399     8   -3   13   15    43   25   43   53  ---- ---- ---- ----
 8 14:58:07 20 3385     9   -3   15   17    42   19   44   58  ---- ---- ---- ----
 9 14:58:27 20 3384    10   -3   16   18    39   17   41   59  ---- ---- ---- ----
10 14:58:47 20 3380    11   -4   18   21    39   22   46   58  ---- ---- ---- 0.64
;            Ch1    Ch2    Ch3    Ch4      blue   green  brown
;  alpha:  -0.000 -0.000 -0.000  0.741    54295150 280724.7 -0.000
; ETRmax:     0.0    0.0    0.0 1029.9    4067.2 3737.5    0.0
;     Ik:     0.0    0.0    0.0 1389.2       0.0    0.0    0.0
;References: BL_US PMDA0174.REF2 GR_US PMDA0174.REF2 BR_US PMDA0174.REF2


;LTK_11072017_140m

07NOV2017  15:00:57  Gain: 20  Zoff: 172 195 123 120
No   Time    G  PAR    F1   F2   F3   F4   Fm1  Fm2  Fm3  Fm4    Y1   Y2   Y3   Y4
 1 15:01:08 20 3394     0   -3    5    7    38   28   42   52  ---- ---- ---- ----

07NOV2017  15:01:11  Gain: 20  Zoff: 172 195 123 120
No   Time    G  PAR    F1   F2   F3   F4   Fm1  Fm2  Fm3  Fm4    Y1   Y2   Y3   Y4
 1 15:01:11 20 3389     3   -3    8   10    41   21   44   58  ---- ---- ---- ----
 2 15:01:33 20 3383     0   -4    6    8    38   21   42   55  ---- ---- ---- ----
 3 15:01:53 20 3386     0   -4    6    7    35   23   41   54  ---- ---- ---- ----
 4 15:02:13 20 3389     2   -3    9   10    39   25   42   55  ---- ---- ---- ----
 5 15:02:33 20 3389     3   -4   10   12    35   24   38   50  ---- ---- ---- ----
 6 15:02:54 20 3389     3   -5   11   12    33   21   43   57  ---- ---- ---- ----
 7 15:03:14 20 3388     5   -5   13   14    36   22   37   53  ---- ---- ---- ----
 8 15:03:34 20 3383     6   -5   14   16    33   20   45   57  ---- ---- ---- ----
 9 15:03:55 20 3393     7   -6   16   17    37   22   42   58  ---- ---- ---- ----
10 15:04:15 20 3382     6   -7   16   18    34   15   44   59  ---- ---- ---- ----
;            Ch1    Ch2    Ch3    Ch4      blue   green  brown
;  alpha:  -0.000 -0.000 -0.000 -0.000     1.066 -0.000 -0.000
; ETRmax:     0.0    0.0    0.0    0.0    1206.6    0.0    0.0
;     Ik:     0.0    0.0    0.0    0.0    1132.0    0.0    0.0
;References: BL_US PMDA0174.REF2 GR_US PMDA0174.REF2 BR_US PMDA0174.REF2