Gain: 21  Zoff: 236 281 192 205
;LTK 0m_06282016
28JUN2016  22:08:45  Gain: 21  Zoff: 236 281 192 205
No   Time    G  PAR    F1   F2   F3   F4   Fm1  Fm2  Fm3  Fm4    Y1   Y2   Y3   Y4
 1 22:12:59 21   64   108  176   80   84   221  327  174  209  0.51 0.46 0.54 0.60

28JUN2016  22:13:11  Gain: 21  Zoff: 236 281 192 205
No   Time    G  PAR    F1   F2   F3   F4   Fm1  Fm2  Fm3  Fm4    Y1   Y2   Y3   Y4
 1 22:13:11 21   64   107  174   82   85   220  327  173  203  0.51 0.47 0.53 0.58
 2 22:13:33 21   16    97  163   73   76   231  313  169  204  0.58 0.48 0.57 0.63
 3 22:13:53 21   64   106  176   80   84   230  334  182  214  0.54 0.47 0.56 0.61
 4 22:14:14 21  128   104  179   82   86   194  324  157  205  0.46 0.45 0.48 0.58
 5 22:14:34 21  192   104  180   82   87   184  324  158  178  0.43 0.44 0.48 0.51
 6 22:14:54 21  256   106  183   86   90   185  315  154  181  0.43 0.42 0.44 0.50
 7 22:15:15 21  320   103  183   87   91   166  312  144  179  0.38 0.41 0.40 0.49
 8 22:15:35 21  384   103  184   89   93   160  308  147  177  0.36 0.40 0.39 0.47
 9 22:15:55 21  448   103  186   91   96   169  307  145  176  0.39 0.39 0.37 0.45
10 22:16:15 21  512   105  189   93   98   164  304  150  171  0.36 0.38 0.38 0.43
11 22:16:36 21  576   107  191   96  101   152  299  135  168  0.30 0.36 0.29 0.40
12 22:16:56 21  640   107  192   98  104   158  304  149  176  0.32 0.37 0.34 0.41
13 22:17:16 21  704   110  195  102  108   157  301  149  173  0.30 0.35 0.32 0.38
14 22:17:36 21  832   115  199  108  115   165  292  158  175  0.30 0.32 0.32 0.34
;            Ch1    Ch2    Ch3    Ch4      blue   green  brown
;  alpha:   1.234  1.087  1.299  1.436     1.360 -0.000  1.167
; ETRmax:   801.0 1001.6  748.0 1077.3     995.2    0.0  880.1
;     Ik:   649.2  921.0  575.8  750.2     731.7    0.0  754.2
;References: BL_US PMDA0174.REF2 GR_US PMDA0174.REF2 BR_US PMDA0174.REF2

;LTK 20m_06282016

28JUN2016  22:20:06  Gain: 21  Zoff: 236 281 192 205
No   Time    G  PAR    F1   F2   F3   F4   Fm1  Fm2  Fm3  Fm4    Y1   Y2   Y3   Y4
 1 22:20:18 21   64    57  153   49   52   150  332  126  157  0.62 0.54 0.61 0.67

28JUN2016  22:20:28  Gain: 21  Zoff: 236 281 192 205
No   Time    G  PAR    F1   F2   F3   F4   Fm1  Fm2  Fm3  Fm4    Y1   Y2   Y3   Y4
 1 22:20:29 21   64    62  155   54   57   151  321  134  165  0.59 0.52 0.60 0.65
 2 22:20:50 21   16    54  142   45   48   159  304  126  168  0.66 0.53 0.64 0.71
 3 22:21:11 21   64    57  153   49   52   147  326  129  169  0.61 0.53 0.62 0.69
 4 22:21:31 21  128    60  158   53   55   144  336  125  162  0.58 0.53 0.58 0.66
 5 22:21:51 21  192    59  159   53   56   140  319  123  155  0.58 0.50 0.57 0.64
 6 22:22:12 21  256    58  161   55   58   134  322  121  152  0.57 0.50 0.55 0.62
 7 22:22:32 21  320    61  165   59   63   131  308  123  146  0.53 0.46 0.52 0.57
 8 22:22:52 21  384    62  167   62   66   131  305  124  149  0.53 0.45 0.50 0.56
 9 22:23:12 21    1    59  167   64   67   122  297  121  152  0.52 0.44 0.47 0.56
10 22:23:33 21  512    58  167   65   68   119  296  120  150  0.51 0.44 0.46 0.55
11 22:23:53 21  576    62  166   68   71   119  296  126  146  0.48 0.44 0.46 0.51
12 22:24:13 21  640    62  174   68   71   114  302  120  144  0.46 0.42 0.43 0.51
13 22:24:33 21  704    62  175   70   73   115  297  120  148  0.46 0.41 0.42 0.51
14 22:24:54 21    1    61  177   73   76   112  287  126  143  0.46 0.38 0.42 0.47
;            Ch1    Ch2    Ch3    Ch4      blue   green  brown
;  alpha:   1.406  1.244  1.441  1.603     1.537 -0.000  1.359
; ETRmax:  1366.7 2402.5 1994.0 2519.0    1498.4    0.0 2893.6
;     Ik:   971.8 1931.9 1383.7 1571.4     975.2    0.0 2129.6
;References: BL_US PMDA0174.REF2 GR_US PMDA0174.REF2 BR_US PMDA0174.REF2

LTK 40m_06282016

28JUN2016  22:27:46  Gain: 21  Zoff: 236 281 192 205
No   Time    G  PAR    F1   F2   F3   F4   Fm1  Fm2  Fm3  Fm4    Y1   Y2   Y3   Y4
 1 22:27:58 21   64    93  156   72   76   212  313  167  203  0.56 0.50 0.57 0.63

28JUN2016  22:28:07  Gain: 21  Zoff: 236 281 192 205
No   Time    G  PAR    F1   F2   F3   F4   Fm1  Fm2  Fm3  Fm4    Y1   Y2   Y3   Y4
 1 22:28:08 21   64    93  155   73   77   212  306  175  200  0.56 0.49 0.58 0.61
 2 22:28:29 21   16    80  137   62   66   222  267  161  194  0.64 0.49 0.61 0.66
 3 22:28:50 21   64    86  152   68   71   211  315  169  202  0.59 0.52 0.60 0.65
 4 22:29:10 21  128    87  156   70   74   116  116  398  226  0.25 ---- 0.82 0.67
 5 22:29:30 21  192    91  160   75   78   187  308  157  188  0.51 0.48 0.52 0.59
 6 22:29:51 21  256    88  161   75   79   171  305  142  177  0.49 0.47 0.47 0.55
 7 22:30:11 21  320    81  158   72   75   146  281  137  160  0.45 0.44 0.47 0.53
 8 22:30:31 21  384    76  157   71   73   143  280  129  162  0.47 0.44 0.45 0.55
 9 22:30:51 21  448    82  161   77   79   148  279  131  163  0.45 0.42 0.41 0.52
10 22:31:12 21  265    85  164   80   83   147  277  134  163  0.42 0.41 0.40 0.49
11 22:31:32 21  576  -167 -199 -117 -121  -204 -273 -146 -151  ---- ---- ---- ----
12 22:31:52 21  640    72  150   74   76   134  268  137  150  0.46 0.44 0.46 0.49
13 22:32:13 21  704    83  169   84   86   133  270  131  158  0.38 0.37 0.36 0.46
14 22:32:33 21  832    86  172   88   91   133  271  134  161  0.35 0.37 0.34 0.43
;            Ch1    Ch2    Ch3    Ch4      blue   green  brown
;  alpha:   1.236  1.418  1.173  1.316     1.290 -0.000  1.329
; ETRmax:   885.3  835.9  823.3 1023.2     977.7    0.0 1874.3
;     Ik:   716.5  589.6  701.8  777.5     758.1    0.0 1410.3
;References: BL_US PMDA0174.REF2 GR_US PMDA0174.REF2 BR_US PMDA0174.REF2

;LTK 60m_06282016

28JUN2016  22:34:27  Gain: 21  Zoff: 236 281 192 205
No   Time    G  PAR    F1   F2   F3   F4   Fm1  Fm2  Fm3  Fm4    Y1   Y2   Y3   Y4
 1 22:34:50 21   64    66  150   61   62   180  333  161  179  0.63 0.55 0.62 0.65

28JUN2016  22:34:59  Gain: 21  Zoff: 236 281 192 205
No   Time    G  PAR    F1   F2   F3   F4   Fm1  Fm2  Fm3  Fm4    Y1   Y2   Y3   Y4
 1 22:35:00 21   64    67  150   64   64   178  332  156  170  0.62 0.55 0.59 0.62
 2 22:35:21 21    1    52  131   53   52   175  311  141  176  0.70 0.58 0.62 0.70
 3 22:35:42 21   64    61  147   60   60   166  333  150  175  0.63 0.56 0.60 0.66
 4 22:36:02 21  128    57  147   59   58   149  333  141  159  0.62 0.56 0.58 0.64
 5 22:36:22 21  192    64  153   65   65   151  332  144  172  0.58 0.54 0.55 0.62
 6 22:36:43 21  256    62  153   67   67   140  314  140  166  0.56 0.51 0.52 0.60
 7 22:37:03 21  320    59  153   66   65   135  304  134  157  0.56 0.50 0.51 0.59
 8 22:37:23 21  384    61  155   69   69   128  304  134  159  0.52 0.49 0.49 0.57
 9 22:37:43 21  448    60  157   70   70   120  300  133  156  0.50 0.48 0.47 0.55
10 22:38:04 21  512    60  158   71   71   117  295  134  155  0.49 0.46 0.47 0.54
11 22:38:24 21  576    59  159   73   73   108  291  133  145  0.45 0.45 0.45 0.50
12 22:38:44 21  640    59  160   75   74   114  290  125  147  0.48 0.45 0.40 0.50
13 22:39:05 21  704    60  163   77   77   114  283  135  142  0.47 0.42 0.43 0.46
14 22:39:25 21    1    51  145   38   75    88   80  384  164  0.42 ---- 0.90 0.54
;            Ch1    Ch2    Ch3    Ch4      blue   green  brown
;  alpha:   1.437  1.309  1.111  1.517     1.339 -0.000  1.432
; ETRmax:   902.3 1378.8 9093617. 3042.4     900.4    0.0 2825.9
;     Ik:   628.1 1053.2 8181912. 2005.2     672.4    0.0 1973.0
;References: BL_US PMDA0174.REF2 GR_US PMDA0174.REF2 BR_US PMDA0174.REF2

LTK 80m_06282016

28JUN2016  22:42:47  Gain: 21  Zoff: 236 281 192 205
No   Time    G  PAR    F1   F2   F3   F4   Fm1  Fm2  Fm3  Fm4    Y1   Y2   Y3   Y4
 1 22:42:58 21   64    -5  -30    9    4    37   12   47   60  ---- ---- ---- ----

28JUN2016  22:43:06  Gain: 21  Zoff: 236 281 192 205
No   Time    G  PAR    F1   F2   F3   F4   Fm1  Fm2  Fm3  Fm4    Y1   Y2   Y3   Y4
 1 22:43:06 21   64    -7  -32    9    4    36   10   45   58  ---- ---- ---- ----
 2 22:43:28 21   16   -20  -39    0   -8    44   14   48   65  ---- ---- ---- ----
 3 22:43:48 21   64    -9  -33    7    1    37   11   47   55  ---- ---- ---- ----
 4 22:44:08 21  128    -5  -31   10    5    32    7   45   55  ---- ---- ---- ----
 5 22:44:29 21  192    -5  -32   11    5    33    3   39   53  ---- ---- ---- ----
 6 22:44:49 21  256    -4  -33   13    8    34    9   43   49  ---- ---- ---- ----
 7 22:45:09 21  320    -3  -34   15    9    28    2   49   57  ---- ---- ---- ----
 8 22:45:29 21  384    -3  -35   17   12    30   -6   46   51  ---- ---- ---- ----
 9 22:45:50 21  448    -3  -36   18   13    25    0   51   60  ---- ---- ---- ----
10 22:46:10 21  512    -2  -36   19   15    26    3   46   63  ---- ---- ---- ----
11 22:46:30 21  576     0  -36   22   17    28   -3   54   59  ---- ---- 0.59 ----
12 22:46:51 21  640     1  -37   23   19    29   -6   51   63  ---- ---- 0.55 ----
13 22:47:11 21  704     1  -38   24   20    30   -2   49   66  ---- ---- 0.51 ----
14 22:47:31 21  832     3  -39   29   25    38  -12   61   57  ---- ---- 0.52 0.56
;            Ch1    Ch2    Ch3    Ch4      blue   green  brown
;  alpha:  -0.000 -0.000  1.620  3.229    -0.000 -0.000 -0.000
; ETRmax:     0.0    0.0 1287.8 1058.7       0.0    0.0    0.0
;     Ik:     0.0    0.0  795.0  327.8       0.0    0.0    0.0
;References: BL_US PMDA0174.REF2 GR_US PMDA0174.REF2 BR_US PMDA0174.REF2

;LTK 100m_06282016

28JUN2016  22:50:25  Gain: 21  Zoff: 236 281 192 205
No   Time    G  PAR    F1   F2   F3   F4   Fm1  Fm2  Fm3  Fm4    Y1   Y2   Y3   Y4
 1 22:50:38 21   64   -46  -52  -21  -30   -15  -22    6   14  ---- ---- ---- ----

28JUN2016  22:50:51  Gain: 21  Zoff: 236 281 192 205
No   Time    G  PAR    F1   F2   F3   F4   Fm1  Fm2  Fm3  Fm4    Y1   Y2   Y3   Y4
 1 22:51:14 21   64    80   70  -62   94   -18  -17    6   17  ---- ---- ---- ----
 2 22:51:36 21   16   -46  -52  -21  -29    -9  -13   14   23  ---- ---- ---- ----
 3 22:51:56 21   64   -44  -51  -19  -28    -8  -26   11   12  ---- ---- ---- ----
 4 22:52:16 21    1   -45  -52  -18  -27   -14  -18    5   18  ---- ---- ---- ----
 5 22:52:37 21  192   -42  -52  -16  -25   -14  -19   15   18  ---- ---- ---- ----
 6 22:52:57 21  256   -41  -53  -14  -23    -9  -17   12   16  ---- ---- ---- ----
 7 22:53:17 21  320   -40  -54  -12  -21   -14  -24   13   16  ---- ---- ---- ----
 8 22:53:37 21  384   -39  -55  -11  -19   -15  -29    8   17  ---- ---- ---- ----
 9 22:53:58 21  448   -37  -55   -8  -17    -6  -28   14   25  ---- ---- ---- ----
10 22:54:18 21  512   -37  -56   -7  -15    -9  -31   23   23  ---- ---- ---- ----
11 22:54:38 21  576   -36  -56   -4  -12    -5  -23   20   33  ---- ---- ---- ----
12 22:54:59 21  640   -32  -55   -3   -8    -4  -39   24   25  ---- ---- ---- ----
13 22:55:19 21  704   -33  -58   -1   -9    -6  -37   22   30  ---- ---- ---- ----
14 22:55:39 21  832   -33  -60    2   -6    -2  -34   24   30  ---- ---- ---- ----
;            Ch1    Ch2    Ch3    Ch4      blue   green  brown
;  alpha:  -0.000 -0.000 -0.000 -0.000    -0.000 -0.000 -0.000
; ETRmax:     0.0    0.0    0.0    0.0       0.0    0.0    0.0
;     Ik:     0.0    0.0    0.0    0.0       0.0    0.0    0.0
;References: BL_US PMDA0174.REF2 GR_US PMDA0174.REF2 BR_US PMDA0174.REF2

;LTK 110m_06282016

28JUN2016  22:58:16  Gain: 21  Zoff: 236 281 192 205
No   Time    G  PAR    F1   F2   F3   F4   Fm1  Fm2  Fm3  Fm4    Y1   Y2   Y3   Y4
 1 22:58:29 21   64    42  133   42   39   120  289  118  136  0.65 0.54 0.64 0.71

28JUN2016  22:58:39  Gain: 21  Zoff: 236 281 192 205
No   Time    G  PAR    F1   F2   F3   F4   Fm1  Fm2  Fm3  Fm4    Y1   Y2   Y3   Y4
 1 22:58:40 21   64    41  130   44   41   126  277  115  148  0.67 0.53 0.62 0.72
 2 22:59:01 21    1    37  119   39   36   134  256  112  141  0.72 0.54 0.65 0.74
 3 22:59:22 21   64    36  129   40   37   125  288  118  138  0.71 0.55 0.66 0.73
 4 22:59:42 21  128    40  135   44   41   122  286  110  129  0.67 0.53 0.60 0.68
 5 23:00:02 21  192    46  139   49   47   119  278  118  142  0.61 0.50 0.58 0.67
 6 23:00:22 21  256    42  139   50   48   110  270  108  132  0.62 0.49 0.54 0.64
 7 23:00:43 21  320    42  141   51   49   109  275  108  129  0.61 0.49 0.53 0.62
 8 23:01:03 21  384    43  143   54   51   101  267  102  129  0.57 0.46 0.47 0.60
 9 23:01:23 21  448    44  146   56   54   108  270  109  133  0.59 0.46 0.49 0.59
10 23:01:44 21  512    49  150   61   59    93  262  110  131  0.47 0.43 0.45 0.55
11 23:02:04 21  576    46  149   61   59    98  263  116  122  0.53 0.43 0.47 0.52
12 23:02:24 21  640    45  151   62   61    95  259  109  128  0.53 0.42 0.43 0.52
13 23:02:44 21  704    49  154   66   64    99  253  113  125  0.51 0.39 0.42 0.49
14 23:03:05 21  832    49  157   68   67    95  255  116  123  0.48 0.38 0.41 0.46
;            Ch1    Ch2    Ch3    Ch4      blue   green  brown
;  alpha:   1.638  1.247  1.350  1.700     1.367 -0.000  1.437
; ETRmax:  2472.4 1117.6  811.3 1100.7     668.2    0.0 1940.9
;     Ik:  1509.6  896.4  601.1  647.6     488.7    0.0 1350.5
;References: BL_US PMDA0174.REF2 GR_US PMDA0174.REF2 BR_US PMDA0174.REF2

;LTK 120m_06282016

28JUN2016  23:05:53  Gain: 21  Zoff: 236 281 192 205
No   Time    G  PAR    F1   F2   F3   F4   Fm1  Fm2  Fm3  Fm4    Y1   Y2   Y3   Y4
 1 23:06:05 21   64    43   41    0   -8    70   72   32   33  0.39 0.43 ---- ----

28JUN2016  23:06:25  Gain: 21  Zoff: 236 281 192 205
No   Time    G  PAR    F1   F2   F3   F4   Fm1  Fm2  Fm3  Fm4    Y1   Y2   Y3   Y4
 1 23:06:30 21   64   192  194  -44   66    16  -64  105   70  ---- ---- ---- ----
 2 23:06:52 21   16    39   38   -1  -10    69   69   31   35  0.43 0.45 ---- ----
 3 23:07:12 21   64    39   37   -1  -10    74   70   34   35  0.47 0.47 ---- ----
 4 23:07:32 21  128    37   34    0   -9    64   63   18   30  0.42 0.46 ---- ----
 5 23:07:53 21  192    37   31    1   -7    65   65   32   29  0.43 0.52 ---- ----
 6 23:08:13 21  256    38   31    4   -4    66   69   30   43  0.42 0.55 ---- ----
 7 23:08:33 21  320    37   28    5   -3    67   61   31   38  0.45 0.54 ---- ----
 8 23:08:53 21  384    36   25    6   -2    59   51   30   41  0.39 0.51 ---- ----
 9 23:09:14 21  448    35   23    7   -1    58   54   29   39  0.40 0.57 ---- ----
10 23:09:34 21  512    35   21    8    1    63   48   32   40  0.44 0.56 ---- ----
11 23:09:54 21  576    34   18    9    2    56   47   31   41  0.39 ---- ---- ----
12 23:10:15 21  640    34   16   11    3    60   42   35   43  0.43 ---- ---- ----
13 23:10:35 21  704    34   14   12    5    58   42   36   45  0.41 ---- ---- ----
14 23:10:55 21  832    34   12   15    8    64   44   50   43  0.47 ---- ---- ----
;            Ch1    Ch2    Ch3    Ch4      blue   green  brown
;  alpha:   0.929  0.969 -0.000 -0.000    -0.000  3.749  1.282
; ETRmax:  14620036  483.4    0.0    0.0       0.0 1189.2 2722.4
;     Ik:  15738389  498.9    0.0    0.0       0.0  317.2 2123.1
;References: BL_US PMDA0174.REF2 GR_US PMDA0174.REF2 BR_US PMDA0174.REF2

;LTK 130m_06282016

28JUN2016  23:14:00  Gain: 21  Zoff: 236 281 192 205
No   Time    G  PAR    F1   F2   F3   F4   Fm1  Fm2  Fm3  Fm4    Y1   Y2   Y3   Y4
 1 23:14:17 21   64   599  613  160  157   631  653  184  203  0.05 0.06 0.13 0.23

28JUN2016  23:14:25  Gain: 21  Zoff: 236 281 192 205
No   Time    G  PAR    F1   F2   F3   F4   Fm1  Fm2  Fm3  Fm4    Y1   Y2   Y3   Y4
 1 23:14:25 21   64   598  609  162  160   618  646  188  199  0.03 0.06 0.14 0.20
 2 23:14:47 21   16   597  603  162  157   625  641  194  199  0.04 0.06 0.16 0.21
 3 23:15:07 21   64   593  606  160  156   632  646  188  200  0.06 0.06 0.15 0.22
 4 23:15:27 21  128   592  604  161  158   619  635  180  205  0.04 0.05 0.11 0.23
 5 23:15:48 21  192   586  598  162  158   610  626  187  199  0.04 0.04 0.13 0.21
 6 23:16:08 21  256   579  589  160  157   599  615  184  200  0.03 0.04 0.13 0.22
 7 23:16:28 21  320   575  582  160  157   598  610  183  199  0.04 0.05 0.13 0.21
 8 23:16:49 21  384   570  575  161  158   593  614  187  192  0.04 0.06 0.14 0.18
 9 23:17:09 21  448   564  568  161  157   589  588  186  197  0.04 0.03 0.13 0.20
10 23:17:29 21  512   559  560  161  157   588  586  189  188  0.05 0.04 0.15 0.16
11 23:17:49 21  576   553  553  160  157   578  580  183  194  0.04 0.05 0.13 0.19
12 23:18:10 21  640   548  547  161  157   573  569  183  195  0.04 0.04 0.12 0.19
13 23:18:30 21  704   542  539  161  157   555  564  187  193  0.02 0.04 0.14 0.19
14 23:18:50 21  832   536  528  162  159   544  554  188  192  ---- 0.05 0.14 0.17
;            Ch1    Ch2    Ch3    Ch4      blue   green  brown
;  alpha:   0.066  0.105  0.298  0.439    -0.000 -0.000  0.124
; ETRmax:    33.1  486.4 152465.7  314.9       0.0    0.0   63.8
;     Ik:   500.1 4648.7 511417.5  717.7       0.0    0.0  515.7
;References: BL_US PMDA0174.REF2 GR_US PMDA0174.REF2 BR_US PMDA0174.REF2

;LTK 140m_06282016

28JUN2016  23:22:00  Gain: 21  Zoff: 236 281 192 205
No   Time    G  PAR    F1   F2   F3   F4   Fm1  Fm2  Fm3  Fm4    Y1   Y2   Y3   Y4
 1 23:22:11 21   64   556  567  150  145   584  590  185  194  0.05 0.04 0.19 0.25

28JUN2016  23:22:20  Gain: 21  Zoff: 236 281 192 205
No   Time    G  PAR    F1   F2   F3   F4   Fm1  Fm2  Fm3  Fm4    Y1   Y2   Y3   Y4
 1 23:22:20 21   64   553  561  152  147   578  586  178  187  0.04 0.04 0.15 0.21
 2 23:22:42 21   16   543  555  147  143   574  590  179  190  0.05 0.06 0.18 0.25
 3 23:23:02 21   64   536  546  145  141   566  575  167  183  0.05 0.05 0.13 0.23
 4 23:23:22 21  128   528  537  144  139   556  568  169  182  0.05 0.05 0.15 0.24
 5 23:23:43 21  192   518  525  142  137   547  550  172  175  0.05 0.05 0.17 0.22
 6 23:24:03 21  256   505  511  139  135   528  540  158  164  0.04 0.05 0.12 0.18
 7 23:24:23 21  320   493  497  137  131   512  518  167  174  0.04 0.04 0.18 0.25
 8 23:24:43 21  384   482  485  134  130   504  511  161  176  0.04 0.05 0.17 0.26
 9 23:25:04 21  448   472  472  133  128   485  497  156  168  0.03 0.05 0.15 0.24
10 23:25:24 21  512   463  461  133  128   488  487  151  169  0.05 0.05 0.12 0.24
11 23:25:44 21  576   457  451  133  128   477  478  160  170  0.04 0.06 0.17 0.25
12 23:26:05 21  640   448  440  131  127   461  459  155  168  0.03 0.04 0.15 0.24
13 23:26:25 21  704   435  427  129  124   449  455  151  158  0.03 0.06 0.15 0.22
14 23:26:45 21  832   426  344  128  124   441  439  153  153  0.03 0.22 0.16 0.19
;            Ch1    Ch2    Ch3    Ch4      blue   green  brown
;  alpha:   0.127  0.048  0.345  0.503    -0.000 -0.000  0.116
; ETRmax:   129.3  328.7 49603.0  594.1       0.0    0.0 26128.7
;     Ik:  1014.8 6778.2 143892.3 1181.9       0.0    0.0 225078.9
;References: BL_US PMDA0174.REF2 GR_US PMDA0174.REF2 BR_US PMDA0174.REF2

;LTK 150m_06282016

28JUN2016  23:29:08  Gain: 21  Zoff: 236 281 192 205
No   Time    G  PAR    F1   F2   F3   F4   Fm1  Fm2  Fm3  Fm4    Y1   Y2   Y3   Y4
 1 23:29:20 21   64   210  213   45   38   234  245   71   79  0.10 0.13 0.37 0.52

28JUN2016  23:29:29  Gain: 21  Zoff: 236 281 192 205
No   Time    G  PAR    F1   F2   F3   F4   Fm1  Fm2  Fm3  Fm4    Y1   Y2   Y3   Y4
 1 23:29:29 21   64   211  211   47   40   239  238   71   86  0.12 0.11 0.34 0.53
 2 23:29:51 21   16   207  210   46   37   241  234   68   86  0.14 0.10 0.32 0.57
 3 23:30:11 21   64   202  204   44   36   221  237   70   77  0.09 0.14 0.37 0.53
 4 23:30:32 21  128   192  193   41   34   216  219   68   77  0.11 0.12 0.40 0.56
 5 23:30:52 21  192   191  191   42   35   217  223   72   79  0.12 0.14 0.42 0.56
 6 23:31:12 21  256   189  186   43   36   215  206   70   82  0.12 0.10 0.39 0.56
 7 23:31:32 21    1   184  179   44   36   206  211   65   80  0.11 0.15 0.32 0.55
 8 23:31:53 21  384   180  173   44   37   203  202   67   74  0.11 0.14 0.34 0.50
 9 23:32:13 21    1   177  168   45   38   207  192   69   76  0.14 0.13 0.35 0.50
10 23:32:33 21  512   173  161   46   39   197  189   74   76  0.12 0.15 0.38 0.49
11 23:32:54 21  576   169  154   46   39   196  178   69   75  0.14 0.13 0.33 0.48
12 23:33:14 21  640   163  148   45   38   188  177   66   76  0.13 0.16 0.32 0.50
13 23:33:34 21  704   160  143   45   38   181  174   72   73  0.12 0.18 0.38 0.48
14 23:33:54 21  832   158  138   48   41   186  171   79   80  0.15 0.19 0.39 0.49
;            Ch1    Ch2    Ch3    Ch4      blue   green  brown
;  alpha:   0.324  0.253  0.815  1.203    -0.000 -0.000  0.366
; ETRmax:   892.2 41151.2 4017.9 1009.9       0.0    0.0 1299.6
;     Ik:  2756.9 162821.5 4932.5  839.7       0.0    0.0 3549.4
;References: BL_US PMDA0174.REF2 GR_US PMDA0174.REF2 BR_US PMDA0174.REF2

;LTK 160m_06282016

28JUN2016  23:36:40  Gain: 21  Zoff: 236 281 192 205
No   Time    G  PAR    F1   F2   F3   F4   Fm1  Fm2  Fm3  Fm4    Y1   Y2   Y3   Y4
 1 23:36:53 21   64   155  157   30   22   184  180   61   68  0.16 0.13 0.51 0.68

28JUN2016  23:37:05  Gain: 21  Zoff: 236 281 192 205
No   Time    G  PAR    F1   F2   F3   F4   Fm1  Fm2  Fm3  Fm4    Y1   Y2   Y3   Y4
 1 23:37:05 21   64   153  152   31   23   180  183   53   71  0.15 0.17 0.42 0.68
 2 23:37:27 21   16   148  150   28   19   180  191   56   57  0.18 0.21 0.50 ----
 3 23:37:47 21    1   146  148   28   19   173  179   59   62  0.16 0.17 0.53 ----
 4 23:38:07 21  128   145  145   29   21   171  175   55   65  0.15 0.17 0.47 0.68
 5 23:38:27 21  192   143  141   31   23   165  173   54   68  0.13 0.18 0.43 0.66
 6 23:38:48 21  256   138  134   30   22   166  164   55   67  0.17 0.18 0.45 0.67
 7 23:39:08 21  320   132  126   30   22   150  156   52   67  0.12 0.19 0.42 0.67
 8 23:39:28 21  384   123  112   25   21   146  141   54   59  0.16 0.21 0.54 0.64
 9 23:39:49 21  448   123  114   30   21   153  142   61   65  0.20 0.20 0.51 0.68
10 23:40:09 21  512   123  111   32   24   148  143   57   65  0.17 0.22 0.44 0.63
11 23:40:29 21  576   123  109   33   26   150  136   56   64  0.18 0.20 0.41 0.59
12 23:40:49 21    1   122  106   35   27   154  127   62   63  0.21 0.17 0.44 0.57
13 23:41:10 21  704   119  102   36   28   141  129   61   68  0.16 0.21 0.41 0.59
14 23:41:30 21  832   116   95   37   30   141  121   69   61  0.18 0.21 0.46 0.51
;            Ch1    Ch2    Ch3    Ch4      blue   green  brown
;  alpha:   0.339  0.454  1.004  1.429    -0.000 -0.000  0.632
; ETRmax:   634.6 6211.2  806.2  705.6       0.0    0.0  453.8
;     Ik:  1874.2 13683.7  802.8  493.7       0.0    0.0  718.2
;References: BL_US PMDA0174.REF2 GR_US PMDA0174.REF2 BR_US PMDA0174.REF2

;LTK 170m_06282016

28JUN2016  23:44:18  Gain: 21  Zoff: 236 281 192 205
No   Time    G  PAR    F1   F2   F3   F4   Fm1  Fm2  Fm3  Fm4    Y1   Y2   Y3   Y4
 1 23:44:30 21   64    44   45   -2  -15    81   78   19   29  0.46 0.42 ---- ----

28JUN2016  23:44:40  Gain: 21  Zoff: 236 281 192 205
No   Time    G  PAR    F1   F2   F3   F4   Fm1  Fm2  Fm3  Fm4    Y1   Y2   Y3   Y4
 1 23:44:41 21   64   199  194  -43   72    68   69   22   30  ---- ---- ---- ----
 2 23:45:02 21   16    42   43   -3  -14    74   75   26   22  0.43 0.43 ---- ----
 3 23:45:23 21    1    42   43   -1  -13    68   72   23   31  0.38 0.40 ---- ----
 4 23:45:43 21  128    40   40   -1  -13    71   71   22   28  0.44 0.44 ---- ----
 5 23:46:03 21  192    38   37    0  -12    72   62   27   25  0.47 0.40 ---- ----
 6 23:46:23 21  256    38   35    1  -11    67   61   25   31  0.43 0.43 ---- ----
 7 23:46:44 21  320    38   32    3   -9    62   65   26   33  0.39 0.51 ---- ----
 8 23:47:04 21    1    38   31    5   -7    66   62   32   29  0.42 0.50 ---- ----
 9 23:47:24 21  448    38   29    6   -6    62   52   33   31  0.39 0.44 ---- ----
10 23:47:45 21  512    36   26    7   -4    57   53   33   30  0.37 0.51 ---- ----
11 23:48:05 21  576    36   24    9   -3    59   55   33   35  0.39 0.56 ---- ----
12 23:48:25 21  640    37   22   10   -1    65   49   33   30  0.43 0.55 ---- ----
13 23:48:45 21  704    37   21   11    0    64   40   30   38  0.42 0.47 ---- ----
14 23:49:06 21  832    38   18   15    4    68   48   46   42  0.44 ---- ---- ----
;            Ch1    Ch2    Ch3    Ch4      blue   green  brown
;  alpha:   0.901  0.954 -0.000 -0.000    -0.000  9.863  1.213
; ETRmax:   917.3  746.2    0.0    0.0       0.0 1883.7 1059.2
;     Ik:  1018.5  782.1    0.0    0.0       0.0  191.0  873.2
;References: BL_US PMDA0174.REF2 GR_US PMDA0174.REF2 BR_US PMDA0174.REF2

;LTK 180m_06282016

28JUN2016  23:51:53  Gain: 21  Zoff: 236 281 192 205
No   Time    G  PAR    F1   F2   F3   F4   Fm1  Fm2  Fm3  Fm4    Y1   Y2   Y3   Y4
 1 23:52:03 21   64    46   45   -1  -15    78   73   31   30  0.41 0.38 ---- ----

28JUN2016  23:52:16  Gain: 21  Zoff: 236 281 192 205
No   Time    G  PAR    F1   F2   F3   F4   Fm1  Fm2  Fm3  Fm4    Y1   Y2   Y3   Y4
 1 23:52:24 21   64   197  189  -44   69   -16  -46  153   94  ---- ---- ---- 0.27
 2 23:52:46 21    1    42   42   -2  -15    71   62   26   29  0.41 0.32 ---- ----
 3 23:53:06 21   64    41   39   -1  -15    68   71   30   29  0.40 0.45 ---- ----
 4 23:53:26 21  128    41   38    0  -14    73   69   31   30  0.44 0.45 ---- ----
 5 23:53:47 21  192    39   35    1  -13    66   72   25   29  0.41 0.51 ---- ----
 6 23:54:07 21  256    39   32    2  -12    68   61   25   29  0.43 0.48 ---- ----
 7 23:54:27 21  320    39   30    4   -9    64   63   33   28  0.39 0.52 ---- ----
 8 23:54:48 21  384    38   28    6   -8    70   57   39   33  0.46 0.51 ---- ----
 9 23:55:08 21  448    37   26    7   -6    63   55   32   31  0.41 0.53 ---- ----
10 23:55:28 21  512    37   23    8   -5    65   47   33   33  0.43 0.51 ---- ----
11 23:55:48 21  576    36   21    9   -4    67   49   32   40  0.46 0.57 ---- ----
12 23:56:09 21  640    36   19   11   -2    56   52   37   36  0.36 ---- ---- ----
13 23:56:29 21  704    36   18   12    0    60   45   39   38  0.40 ---- ---- ----
14 23:56:49 21  832    37   15   15    4    65   41   44   45  0.43 ---- ---- ----
;            Ch1    Ch2    Ch3    Ch4      blue   green  brown
;  alpha:   0.965  1.014 -0.000  0.841    -0.000  3.811  1.290
; ETRmax:  18816.8 3299.7    0.0   43.6       0.0 1155.3 4137.1
;     Ik:  19503.4 3252.7    0.0   51.8       0.0  303.2 3208.2
;References: BL_US PMDA0174.REF2 GR_US PMDA0174.REF2 BR_US PMDA0174.REF2

;LTK 190m_06282016

29JUN2016  00:00:52  Gain: 21  Zoff: 236 281 192 205
No   Time    G  PAR    F1   F2   F3   F4   Fm1  Fm2  Fm3  Fm4    Y1   Y2   Y3   Y4
 1 00:01:03 21   64    19   15  -10  -25    51   48   12   15  ---- ---- ---- ----

29JUN2016  00:01:12  Gain: 21  Zoff: 236 281 192 205
No   Time    G  PAR    F1   F2   F3   F4   Fm1  Fm2  Fm3  Fm4    Y1   Y2   Y3   Y4
 1 00:01:13 21    1   163  149  -50   20    89    5   33    5  ---- ---- ---- ----
 2 00:01:34 21   16    19   15   -9  -24    48   51   26   17  ---- ---- ---- ----
 3 00:01:55 21   64    17   12  -10  -25    42   43   10   16  ---- ---- ---- ----
 4 00:02:15 21  128    16   10   -9  -24    39   39   21   19  ---- ---- ---- ----
 5 00:02:35 21  192    16    8   -7  -22    51   38   19   23  ---- ---- ---- ----
 6 00:02:55 21  256    17    7   -6  -20    43   39   17   21  ---- ---- ---- ----
 7 00:03:16 21  320    17    6   -4  -18    44   39   27   25  ---- ---- ---- ----
 8 00:03:36 21  384    18    4   -2  -16    47   27   19   25  ---- ---- ---- ----
 9 00:03:56 21  448    75   58  -16   -1    43   24   24   25  ---- ---- ---- ----
10 00:04:17 21  512    19    1    1  -13    47   29   24   29  ---- ---- ---- ----
11 00:04:37 21  576    19    0    3  -11    45   29   23   22  ---- ---- ---- ----
12 00:04:57 21  640    19   -2    5   -9    46   24   24   30  ---- ---- ---- ----
13 00:05:17 21  704    20   -3    6   -7    43   21   29   31  ---- ---- ---- ----
14 00:05:38 21  832    21   -5    9   -4    46   21   41   34  0.54 ---- ---- ----
;            Ch1    Ch2    Ch3    Ch4      blue   green  brown
;  alpha:   3.021 -0.000 -0.000 -0.000    -0.000  2.037  1.887
; ETRmax:  1021.4    0.0    0.0    0.0       0.0 2661.2 1438.5
;     Ik:   338.1    0.0    0.0    0.0       0.0 1306.3  762.1
;References: BL_US PMDA0174.REF2 GR_US PMDA0174.REF2 BR_US PMDA0174.REF2

;LTK 200m_06282016

29JUN2016  00:08:23  Gain: 21  Zoff: 236 281 192 205
No   Time    G  PAR    F1   F2   F3   F4   Fm1  Fm2  Fm3  Fm4    Y1   Y2   Y3   Y4
 1 00:08:38 21   64     6    2  -14  -27    38   31   10   17  ---- ---- ---- ----

29JUN2016  00:08:49  Gain: 21  Zoff: 236 281 192 205
No   Time    G  PAR    F1   F2   F3   F4   Fm1  Fm2  Fm3  Fm4    Y1   Y2   Y3   Y4
 1 00:09:07 21   64   362  348 -125   11    31   36    9   18  ---- ---- ---- ----
 2 00:09:29 21   16     7    3  -14  -27    37   32   14   10  ---- ---- ---- ----
 3 00:09:49 21   64     5    0  -13  -27    36   34   19   19  ---- ---- ---- ----
 4 00:10:09 21  128     6   -1  -12  -25    32   32   12   19  ---- ---- ---- ----
 5 00:10:30 21  192     6   -2  -10  -24    39   23   12   20  ---- ---- ---- ----
 6 00:10:50 21  256     6   -3   -8  -22    28   30   23   23  ---- ---- ---- ----
 7 00:11:10 21  320     7   -4   -7  -20    32   24   23   15  ---- ---- ---- ----
 8 00:11:31 21  384     8   -5   -5  -18    34   16   17   22  ---- ---- ---- ----
 9 00:11:51 21  448     9   -7   -3  -16    37   25   24   29  ---- ---- ---- ----
10 00:12:11 21  512    10   -8   -1  -14    42   16   22   27  ---- ---- ---- ----
11 00:12:31 21  576    11   -8    1  -12    41   20   24   26  ---- ---- ---- ----
12 00:12:52 21  640    11  -10    2  -10    39   14   26   32  ---- ---- ---- ----
13 00:13:12 21  704    12  -11    4   -9    43   17   23   31  ---- ---- ---- ----
14 00:13:32 21  832    14  -12    7   -5    38   14   35   36  ---- ---- ---- ----
;            Ch1    Ch2    Ch3    Ch4      blue   green  brown
;  alpha:  -0.000 -0.000 -0.000 -0.000    -0.000 -0.000 -0.000
; ETRmax:     0.0    0.0    0.0    0.0       0.0    0.0    0.0
;     Ik:     0.0    0.0    0.0    0.0       0.0    0.0    0.0
;References: BL_US PMDA0174.REF2 GR_US PMDA0174.REF2 BR_US PMDA0174.REF2
