
;LTK 0m_12152015
15DEC2015  16:27:29  Gain: 21  Zoff: 141 178 149 140
No   Time    G  PAR    F1   F2   F3   F4   Fm1  Fm2  Fm3  Fm4    Y1   Y2   Y3   Y4
;    Time    G  PAR    F1   F2   F3   F4     c(Bl)   c(Gr)   c(Br)   Sum c  Total c  c/F(Bl) c/F(Br)
cF 16:39:43 21    1   178  193   85  180     0.32    ----    0.70    1.02    1.21    1.25    0.75
; Based on Chlorophyll Calibration file default_PMDA0174.cal

15DEC2015  16:40:33  Gain: 21  Zoff: 141 178 149 140
No   Time    G  PAR    F1   F2   F3   F4   Fm1  Fm2  Fm3  Fm4    Y1   Y2   Y3   Y4
 1 16:40:34 21   16   151  173  117  125   273  266  204  237  0.45 0.35 0.43 0.47
 2 16:40:55 21   16   154  174  119  126   267  262  200  242  0.42 0.34 0.41 0.48
 3 16:41:15 21   64   161  186  127  135   267  293  217  252  0.40 0.37 0.41 0.46
 4 16:41:36 21    1   160  191  131  139   249  311  215  252  0.36 0.39 0.39 0.45
 5 16:41:56 21  192   170  202  128  156   245  313  216  244  0.31 0.35 0.41 0.36
 6 16:42:16 21  256   161  195  138  146   230  305  209  247  0.30 0.36 0.34 0.41
 7 16:42:36 21  320   160  196  140  148   235  295  216  246  0.32 0.34 0.35 0.40
 8 16:42:57 21  384   160  197  142  151   225  292  213  237  0.29 0.33 0.33 0.36
 9 16:43:17 21  448   161  198  145  153   224  300  209  234  0.28 0.34 0.31 0.35
10 16:43:37 21  512   160  198  146  155   223  283  201  237  0.28 0.30 0.27 0.35
11 16:43:58 21  576   160  197  147  156   220  280  203  228  0.27 0.30 0.28 0.32
12 16:44:18 21  640   159  196  148  157   212  274  202  227  0.25 0.28 0.27 0.31
13 16:44:38 21  704   159  196  149  157   210  265  201  217  0.24 0.26 0.26 0.28
14 16:44:58 21  832   170  206  148  171   205  272  202  225  0.17 0.24 0.27 0.24
;            Ch1    Ch2    Ch3    Ch4      blue   green  brown
;  alpha:   0.962  0.811  0.983  1.046     1.090 -0.000  0.921
; ETRmax:   771.4  431.1  646.4  503.3     883.3    0.0  502.9
;     Ik:   801.9  531.7  657.5  481.3     810.2    0.0  546.0
;References: BL_US PMDA0174.REF2 GR_US PMDA0174.REF2 BR_US PMDA0174.REF2

;LTK 20m_12152015



15DEC2015  16:45:15  Gain: 21  Zoff: 141 178 149 140
No   Time    G  PAR    F1   F2   F3   F4   Fm1  Fm2  Fm3  Fm4    Y1   Y2   Y3   Y4
;    Time    G  PAR    F1   F2   F3   F4     c(Bl)   c(Gr)   c(Br)   Sum c  Total c  c/F(Bl) c/F(Br)
cF 16:48:41 21    1   234  244    2  296     ----    ----    1.03    1.03    1.48    1.25    0.75
; Based on Chlorophyll Calibration file default_PMDA0174.cal

15DEC2015  16:49:17  Gain: 21  Zoff: 141 178 149 140
No   Time    G  PAR    F1   F2   F3   F4   Fm1  Fm2  Fm3  Fm4    Y1   Y2   Y3   Y4
 1 16:49:17 21   16   180  213  124  133   396  433  301  354  0.55 0.51 0.59 0.62
 2 16:49:39 21    1   238  263   78  273   398  438  304  346  0.40 0.40 0.74 0.21
 3 16:49:59 21   64   206  239  138  150   399  486  311  359  0.48 0.51 0.56 0.58
 4 16:50:19 21  128   216  252  147  161   385  491  305  358  0.44 0.49 0.52 0.55
 5 16:50:40 21  192   224  265  157  172   368  489  305  344  0.39 0.46 0.49 0.50
 6 16:51:00 21  256   233  277  168  183   365  487  304  345  0.36 0.43 0.45 0.47
 7 16:51:20 21  320   248  290  178  195   379  504  306  350  0.35 0.42 0.42 0.44
 8 16:51:41 21  384   266  304  187  205   380  485  299  341  0.30 0.37 0.37 0.40
 9 16:52:01 21  448   250  291  185  201   345  460  292  326  0.28 0.37 0.37 0.38
10 16:52:21 21  512   243  291  188  203   339  450  286  319  0.28 0.35 0.34 0.36
11 16:52:41 21  576   254  304  201  216   347  461  303  334  0.27 0.34 0.34 0.35
12 16:53:02 21  640   255  312  209  225   340  467  301  335  0.25 0.33 0.31 0.33
13 16:53:22 21  704   255  308  209  226   335  442  290  328  0.24 0.30 0.28 0.31
14 16:53:42 21  832   261  306  210  229   317  427  277  309  0.18 0.28 0.24 0.26
;            Ch1    Ch2    Ch3    Ch4      blue   green  brown
;  alpha:   1.161  1.249  1.266  1.364     1.355 -0.000  1.191
; ETRmax:   398.2  776.2  465.4  526.9     453.4    0.0  544.7
;     Ik:   343.2  621.7  367.6  386.3     334.6    0.0  457.2
;References: BL_US PMDA0174.REF2 GR_US PMDA0174.REF2 BR_US PMDA0174.REF2


;LTK 40m_12152015

15DEC2015  17:10:53  Gain: 21  Zoff: 141 178 149 140
No   Time    G  PAR    F1   F2   F3   F4   Fm1  Fm2  Fm3  Fm4    Y1   Y2   Y3   Y4
;    Time    G  PAR    F1   F2   F3   F4     c(Bl)   c(Gr)   c(Br)   Sum c  Total c  c/F(Bl) c/F(Br)
cF 17:14:27 21   16   134  154  -15  285     ----    ----    0.69    0.69    1.07    1.25    0.75
; Based on Chlorophyll Calibration file default_PMDA0174.cal

15DEC2015  17:14:52  Gain: 21  Zoff: 141 178 149 140
No   Time    G  PAR    F1   F2   F3   F4   Fm1  Fm2  Fm3  Fm4    Y1   Y2   Y3   Y4
 1 17:14:53 21   16   146  182   89  100   343  376  232  283  0.57 0.52 0.62 0.65
 2 17:15:15 21   16   145  182   89  100   332  367  222  266  0.56 0.50 0.60 0.62
 3 17:15:35 21   64   159  194   97  109   311  357  204  249  0.49 0.46 0.52 0.56
 4 17:15:55 21  128   161  197   99  112   289  330  192  231  0.44 0.40 0.48 0.52
 5 17:16:15 21  192   168  201  104  119   284  343  193  230  0.41 0.41 0.46 0.48
 6 17:16:36 21  256   178  209  113  128   286  332  187  236  0.38 0.37 0.40 0.46
 7 17:16:56 21  320   188  215  122  139   285  340  194  240  0.34 0.37 0.37 0.42
 8 17:17:16 21  384   195  219  127  145   276  335  194  243  0.29 0.35 0.35 0.40
 9 17:17:36 21  448   201  224  128  146   282  332  200  226  0.29 0.33 0.36 0.35
10 17:17:57 21  512   198  224  131  150   274  328  191  236  0.28 0.32 0.31 0.36
11 17:18:17 21  576   200  227  134  153   272  325  188  229  0.26 0.30 0.29 0.33
12 17:18:37 21  640   202  229  136  155   263  312  193  227  0.23 0.27 0.30 0.32
13 17:18:58 21  704   202  230  138  156   267  309  190  225  0.24 0.26 0.27 0.31
14 17:19:18 21  832   202  231  141  160   249  304  187  219  0.19 0.24 0.25 0.27
;            Ch1    Ch2    Ch3    Ch4      blue   green  brown
;  alpha:   1.307  1.144  1.376  1.440     1.428 -0.000  1.264
; ETRmax:   580.0  804.0  743.2  890.1     765.6    0.0  756.0
;     Ik:   443.8  702.9  540.1  618.3     536.0    0.0  598.0
;References: BL_US PMDA0174.REF2 GR_US PMDA0174.REF2 BR_US PMDA0174.REF2

;LTK 60m_12152015

15DEC2015  17:19:24  Gain: 21  Zoff: 141 178 149 140
No   Time    G  PAR    F1   F2   F3   F4   Fm1  Fm2  Fm3  Fm4    Y1   Y2   Y3   Y4
;    Time    G  PAR    F1   F2   F3   F4     c(Bl)   c(Gr)   c(Br)   Sum c  Total c  c/F(Bl) c/F(Br)
cF 17:22:21 21   16   126  134   84   96     0.26    ----    0.47    0.73    0.84    1.25    0.75
; Based on Chlorophyll Calibration file default_PMDA0174.cal

15DEC2015  17:22:39  Gain: 21  Zoff: 141 178 149 140
No   Time    G  PAR    F1   F2   F3   F4   Fm1  Fm2  Fm3  Fm4    Y1   Y2   Y3   Y4
 1 17:22:40 21   16   123  133   82   94   296  288  206  255  0.58 0.54 0.60 0.63
 2 17:23:01 21   16   122  133   82   93   290  285  208  258  0.58 0.53 0.61 0.64
 3 17:23:21 21    1   149  151   98  113   283  278  193  238  0.47 0.46 0.49 0.53
 4 17:23:42 21  128   157  157  104  121   265  264  175  222  0.41 0.41 0.41 0.45
 5 17:24:02 21  192   167  162  112  129   254  267  183  224  0.34 0.39 0.39 0.42
 6 17:24:22 21    1   168  163  116  133   251  250  179  211  0.33 0.35 0.35 0.37
 7 17:24:43 21  320   170  164  119  137   241  250  174  222  0.29 0.34 0.32 0.38
 8 17:25:03 21  384   176  169  124  144   243  246  176  219  0.28 0.31 0.30 0.34
 9 17:25:23 21  448   181  175  128  148   240  252  177  211  0.25 0.31 0.28 0.30
10 17:25:43 21  512   181  175  129  149   233  249  180  210  0.22 0.30 0.28 0.29
11 17:26:04 21  576   181  175  130  150   236  237  172  212  0.23 0.26 0.24 0.29
12 17:26:24 21  640   183  176  132  151   234  241  176  215  0.22 0.27 0.25 0.30
13 17:26:44 21  704   183  178  134  154   229  235  182  200  0.20 0.24 0.26 0.23
14 17:27:05 21  832   187  181  140  159   230  246  179  206  0.19 0.26 0.22 0.23
;            Ch1    Ch2    Ch3    Ch4      blue   green  brown
;  alpha:   1.198  1.113  1.022  1.110     1.019 -0.000  1.200
; ETRmax:   498.3  817.5  445.1  416.9     750.4    0.0  669.2
;     Ik:   415.8  734.7  435.4  375.4     736.5    0.0  557.5
;References: BL_US PMDA0174.REF2 GR_US PMDA0174.REF2 BR_US PMDA0174.REF2


;LTK 80m_12152015

15DEC2015  17:36:05  Gain: 23  Zoff: 304 384 322 302
No   Time    G  PAR    F1   F2   F3   F4   Fm1  Fm2  Fm3  Fm4    Y1   Y2   Y3   Y4
;    Time    G  PAR    F1   F2   F3   F4     c(Bl)   c(Gr)   c(Br)   Sum c  Total c  c/F(Bl) c/F(Br)
cF 17:39:49 23 1389   216  142 -481  337     ----    ----    ----    0.00    0.19    1.25    0.75
; Based on Chlorophyll Calibration file default_PMDA0174.cal

15DEC2015  17:40:06  Gain: 23  Zoff: 304 384 322 302
No   Time    G  PAR    F1   F2   F3   F4   Fm1  Fm2  Fm3  Fm4    Y1   Y2   Y3   Y4
 1 17:40:06 23   16   109   77   38   95   206  166  142  197  0.47 0.54 0.73 0.52
 2 17:40:28 23   16    98   73   64   84   214  177  139  212  0.54 0.59 0.54 0.60
 3 17:40:48 23   64   113   82   74   95   196  172  142  202  0.42 0.52 0.48 0.53
 4 17:41:08 23  128   119   63   81  103   187  158  132  174  0.36 0.60 0.39 0.41
 5 17:41:28 23  192   123   84   85  107   174  156  142  194  0.29 0.46 0.40 0.45
 6 17:41:49 23  256   127   85   88  112   171  150  127  203  0.26 0.43 0.31 0.45
 7 17:42:09 23  320   128   86   90  114   179  143  147  184  0.28 0.40 0.39 0.38
 8 17:42:29 23  384   130   87   93  117   184  141  128  185  0.29 0.38 0.27 0.37
 9 17:42:49 23  448   131   87   95  119   174  137  126  195  0.25 0.36 0.25 0.39
10 17:43:10 23  512   132   87   97  121   179  143  128  197  0.26 0.39 0.24 0.39
11 17:43:30 23  576   132   87   98  123   181  138  127  204  0.27 0.37 0.23 0.40
12 17:43:50 23  640   134   87  100  126   173  132  129  186  0.23 0.34 0.22 0.32
13 17:44:11 23  704   135   87  102  128   184  133  130  189  0.27 0.35 0.22 0.32
14 17:44:31 23  832    79   53   59  111   159  140  135  188  0.50 0.62 0.56 0.41
;            Ch1    Ch2    Ch3    Ch4      blue   green  brown
;  alpha:   0.987  1.063  0.642  1.058     1.453  0.996  1.423
; ETRmax:  1064.6 2665.7 3969559. 1582.1    1354.5 2152524. 11016.5
;     Ik:  1078.9 2508.3 6185415. 1494.7     931.9 2160903. 7741.1
;References: BL_US PMDA0174.REF2 GR_US PMDA0174.REF2 BR_US PMDA0174.REF2


LTK 100m_12152015

15DEC2015  17:52:53  Gain: 23  Zoff: 304 384 322 302
No   Time    G  PAR    F1   F2   F3   F4   Fm1  Fm2  Fm3  Fm4    Y1   Y2   Y3   Y4
;    Time    G  PAR    F1   F2   F3   F4     c(Bl)   c(Gr)   c(Br)   Sum c  Total c  c/F(Bl) c/F(Br)
cF 17:55:00 23   16    56   37   30   44     0.02    0.08    0.04    0.14    0.15    1.25    0.75
; Based on Chlorophyll Calibration file default_PMDA0174.cal

15DEC2015  17:55:20  Gain: 23  Zoff: 304 384 322 302
No   Time    G  PAR    F1   F2   F3   F4   Fm1  Fm2  Fm3  Fm4    Y1   Y2   Y3   Y4
 1 17:55:21 23   16    57   40   31   46   115  102   90  137  0.50 0.61 0.66 0.66
 2 17:55:42 23   16    61   41   33   49   114  114   93  148  0.46 0.64 0.65 0.67
 3 17:56:03 23   64    73   51   40   59   132  106   88  129  0.45 0.52 0.55 0.54
 4 17:56:23 23  128    74   48   43   61   119   98   80  136  0.38 0.51 0.46 0.55
 5 17:56:43 23  192    71   42   43   61   107   97   84  122  0.34 0.57 0.49 0.50
 6 17:57:04 23  256    73   45   46   65   125  101   81  127  0.42 0.55 0.43 0.49
 7 17:57:24 23  320    80   48   51   70   115   93   77  136  0.30 0.48 0.34 0.49
 8 17:57:44 23  384    81   46   50   70   106  107   90  137  0.24 0.57 0.44 0.49
 9 17:58:04 23  448    79   43   52   71   121   85   68  120  0.35 0.49 0.24 0.41
10 17:58:25 23  512    78   41   53   74   114   88   80  131  0.32 0.53 0.34 0.44
11 17:58:45 23  576    79   42   55   77   113   80   88  147  0.30 0.47 0.38 0.48
12 17:59:05 23  640    80   40   57   77   100   78   92  142  0.20 0.49 0.38 0.46
13 17:59:25 23  704    80   40   58   80   106   78   96  133  0.25 0.49 0.40 0.40
14 17:59:46 23  832    31   10   18   67   101   90   94  134  0.69 ---- ---- 0.50
;            Ch1    Ch2    Ch3    Ch4      blue   green  brown
;  alpha:   0.940  1.158  1.393  1.190     1.621  0.437  1.526
; ETRmax:  2466.9  747.2  926.0 4343.3    2185.0 1976.5 5940.3
;     Ik:  2623.1  645.3  664.7 3650.5    1347.8 4523.3 3892.7
;References: BL_US PMDA0174.REF2 GR_US PMDA0174.REF2 BR_US PMDA0174.REF2

;LTK 110m_12152015

15DEC2015  17:59:52  Gain: 23  Zoff: 304 384 322 302
No   Time    G  PAR    F1   F2   F3   F4   Fm1  Fm2  Fm3  Fm4    Y1   Y2   Y3   Y4
;    Time    G  PAR    F1   F2   F3   F4     c(Bl)   c(Gr)   c(Br)   Sum c  Total c  c/F(Bl) c/F(Br)
cF 18:02:53 23   16    62   31   23   31     ----    0.09    0.03    0.12    0.13    1.25    0.75
; Based on Chlorophyll Calibration file default_PMDA0174.cal

15DEC2015  18:03:12  Gain: 23  Zoff: 304 384 322 302
No   Time    G  PAR    F1   F2   F3   F4   Fm1  Fm2  Fm3  Fm4    Y1   Y2   Y3   Y4
 1 18:03:12 23   16    64   33   25   33   115   81   76  121  0.44 0.59 0.67 0.73
 2 18:03:34 23   16    64   33   25   33   107   86   72  112  0.40 0.62 0.65 0.71
 3 18:03:54 23   64    68   34   27   36   117   89   62  123  0.42 0.62 0.56 0.71
 4 18:04:14 23  128    75   35   34   44   118   88   85  110  0.36 0.60 0.60 0.60
 5 18:04:34 23  192    80   36   39   49   123   76   65  127  0.35 0.53 0.40 0.61
 6 18:04:55 23  256    81   -9   40  -12   133   75   73  112  0.39 ---- 0.45 ----
 7 18:05:15 23  320    81   34   41   52   120   76   76  109  0.33 0.55 0.46 0.52
 8 18:05:35 23  384    84   35   44   56   124   71   60  115  0.32 0.51 0.27 0.51
 9 18:05:56 23  448    86   33   47   59   121   83   80  121  0.29 0.60 0.41 0.51
10 18:06:16 23  512    85   31   48   60   118   68   71  120  0.28 0.54 0.32 0.50
11 18:06:36 23  576    84   29   49   61   103   57   81  113  0.18 0.49 0.40 0.46
12 18:06:56 23  640    83   27   49   62   111   54   66  109  0.25 0.50 0.26 0.43
13 18:07:17 23  704    80   25   49   62   107   51   71  121  0.25 0.51 0.31 0.49
14 18:07:37 23  832    27   -9    9   46    82   60   76  121  0.67 ---- ---- 0.62
;            Ch1    Ch2    Ch3    Ch4      blue   green  brown
;  alpha:   0.915  1.335  1.531  1.861    566.109  1.377 25.736
; ETRmax:  1944.8 3776.0  765.5 1078.6    1003.0 1920.9  191.4
;     Ik:  2125.0 2828.0  500.1  579.7       1.8 1395.0    7.4
;References: BL_US PMDA0174.REF2 GR_US PMDA0174.REF2 BR_US PMDA0174.REF2

;LTK 120m_12152015

15DEC2015  18:07:43  Gain: 23  Zoff: 304 384 322 302
No   Time    G  PAR    F1   F2   F3   F4   Fm1  Fm2  Fm3  Fm4    Y1   Y2   Y3   Y4
;    Time    G  PAR    F1   F2   F3   F4     c(Bl)   c(Gr)   c(Br)   Sum c  Total c  c/F(Bl) c/F(Br)
cF 18:10:31 23   16    18  -27  -66   38     ----    ----    ----    0.00 ----    1.25    0.75
; Based on Chlorophyll Calibration file default_PMDA0174.cal

15DEC2015  18:11:05  Gain: 23  Zoff: 304 384 322 302
No   Time    G  PAR    F1   F2   F3   F4   Fm1  Fm2  Fm3  Fm4    Y1   Y2   Y3   Y4
 1 18:11:05 23   16    68   67   36   46   160  162  111  164  0.57 0.59 0.68 0.72
 2 18:11:27 23   16    65   66   37   47   155  165  106  162  0.58 0.60 0.65 0.71
 3 18:11:47 23   64    75   77   47   57   169  171  118  154  0.56 0.55 0.60 0.63
 4 18:12:07 23  128    82   81   53   64   157  180  130  168  0.48 0.55 0.59 0.62
 5 18:12:28 23  192    89   86   60   72   148  185  133  165  0.40 0.54 0.55 0.56
 6 18:12:48 23  256    87   84   60   72   154  187  110  174  0.44 0.55 0.45 0.59
 7 18:13:08 23  320    88   83   60   73   140  154  110  161  0.37 0.46 0.45 0.55
 8 18:13:28 23  384    93   85   64   78   153  168  116  157  0.39 0.49 0.45 0.50
 9 18:13:49 23  448   105   96   69   84   162  186  120  170  0.35 0.48 0.42 0.51
10 18:14:09 23  512   130  118   81  101   189  202  135  183  0.31 0.42 0.40 0.45
11 18:14:29 23  576   146  134   92  115   196  221  126  197  0.26 0.39 0.27 0.42
12 18:14:50 23  640   152  137   95  118   198  208  147  198  0.23 0.34 0.35 0.40
13 18:15:10 23  704   152  132   93  114   209  196  133  188  0.27 0.33 0.30 0.39
14 18:15:30 23  832    83   81   38   87   165  189  122  189  0.50 0.57 0.69 0.54
;            Ch1    Ch2    Ch3    Ch4      blue   green  brown
;  alpha:   1.220  1.319  1.448  1.568     1.601 -0.000  1.276
; ETRmax:  1068.2 2110.6 1443.1 1741.5    1784.3    0.0 1753.6
;     Ik:   875.5 1600.7  996.8 1110.5    1114.3    0.0 1374.5
;References: BL_US PMDA0174.REF2 GR_US PMDA0174.REF2 BR_US PMDA0174.REF2

;LTK 130m_12152015

15DEC2015  18:15:36  Gain: 23  Zoff: 304 384 322 302
No   Time    G  PAR    F1   F2   F3   F4   Fm1  Fm2  Fm3  Fm4    Y1   Y2   Y3   Y4
;    Time    G  PAR    F1   F2   F3   F4     c(Bl)   c(Gr)   c(Br)   Sum c  Total c  c/F(Bl) c/F(Br)
cF 18:18:34 23   16   634  598    7  368     ----    ----    1.10    1.10    1.42    1.25    0.75
; Based on Chlorophyll Calibration file default_PMDA0174.cal

15DEC2015  18:19:15  Gain: 23  Zoff: 304 384 322 302
No   Time    G  PAR    F1   F2   F3   F4   Fm1  Fm2  Fm3  Fm4    Y1   Y2   Y3   Y4
 1 18:19:15 23   16   399  413  148  159   482  505  217  261  0.17 0.18 0.32 0.39
 2 18:19:37 23   16   402  416  149  161   490  494  217  265  0.18 0.16 0.31 0.39
 3 18:19:57 23   64   403  416  149  162   462  496  214  266  0.13 0.16 0.30 0.39
 4 18:20:18 23  128   402  411  151  164   455  492  208  260  0.12 0.16 0.27 0.37
 5 18:20:38 23  192   395  406  152  164   446  477  198  266  0.11 0.15 0.23 0.38
 6 18:20:58 23  256   392  406  154  167   442  482  206  252  0.11 0.16 0.25 0.34
 7 18:21:18 23    1   392  406  158  172   457  485  199  258  0.14 0.16 0.21 0.33
 8 18:21:39 23  384   395  409  165  178   245  172  556  446  ---- ---- 0.70 0.60
 9 18:21:59 23  448   393  404  164  179   445  468  213  247  0.12 0.14 0.23 0.28
10 18:22:19 23  512   388  395  160  176   434  457  195  248  0.11 0.14 0.18 0.29
11 18:22:40 23  576   384  389  158  174   423  449  203  232  0.09 0.13 0.22 0.25
12 18:23:00 23  640   383  390  163  178   407  469  206  243  0.06 0.17 0.21 0.27
13 18:23:20 23  704   382  390  166  183   422  443  194  256  0.09 0.12 0.14 0.29
14 18:23:40 23  832   297  331   99  144   384  440  199  245  0.23 0.25 0.50 0.41
;            Ch1    Ch2    Ch3    Ch4      blue   green  brown
;  alpha:   0.232  0.423  1.520  1.258     1.840 -0.000  0.423
; ETRmax:  629595.0  788.7  393.4  781.6    1259.2    0.0  594.3
;     Ik:  2717885. 1862.5  258.8  621.3     684.4    0.0 1406.0
;References: BL_US PMDA0174.REF2 GR_US PMDA0174.REF2 BR_US PMDA0174.REF2

;LTK 140m_12152015

15DEC2015  18:24:22  Gain: 23  Zoff: 304 384 322 302
No   Time    G  PAR    F1   F2   F3   F4   Fm1  Fm2  Fm3  Fm4    Y1   Y2   Y3   Y4
;    Time    G  PAR    F1   F2   F3   F4     c(Bl)   c(Gr)   c(Br)   Sum c  Total c  c/F(Bl) c/F(Br)
cF 18:27:25 23    1   524  497   -8  201     ----    ----    0.88    0.88    1.07    1.25    0.75
; Based on Chlorophyll Calibration file default_PMDA0174.cal

15DEC2015  18:28:11  Gain: 23  Zoff: 304 384 322 302
No   Time    G  PAR    F1   F2   F3   F4   Fm1  Fm2  Fm3  Fm4    Y1   Y2   Y3   Y4
 1 18:28:11 23   16   548  548  181  198   652  656  242  305  0.16 0.16 0.25 0.35
 2 18:28:33 23   16   519  530  173  186   584  610  228  268  0.11 0.13 0.24 0.31
 3 18:28:53 23   64   508  521  172  185   554  594  226  272  0.08 0.12 0.24 0.32
 4 18:29:14 23  128   501  512  173  186   554  594  212  281  0.10 0.14 0.18 0.34
 5 18:29:34 23  192   496  504  172  187   547  567  214  269  0.09 0.11 0.20 0.30
 6 18:29:54 23  256   490  494  171  186   532  566  221  266  0.08 0.13 0.23 0.30
 7 18:30:14 23  320   484  485  170  185   531  542  216  260  0.09 0.11 0.21 0.29
 8 18:30:35 23  384   477  477  169  185   528  540  201  248  0.10 0.12 0.16 0.25
 9 18:30:55 23  448   471  470  169  186   502  536  215  260  0.06 0.12 0.21 0.28
10 18:31:15 23  512   466  465  170  186   511  541  204  248  0.09 0.14 0.17 0.25
11 18:31:35 23  576   460  459  170  187   488  509  210  250  0.06 0.10 0.19 0.25
12 18:31:56 23  640   455  453  171  187   496  497  211  250  0.08 0.09 0.19 0.25
13 18:32:16 23  704   450  447  170  187   489  510  202  243  0.08 0.12 0.16 0.23
14 18:32:36 23  832   364  384  101  149   462  494  196  246  0.21 0.22 0.48 0.39
;            Ch1    Ch2    Ch3    Ch4      blue   green  brown
;  alpha:   0.213  0.264  0.402  0.681     2.375 -0.000  0.311
; ETRmax:  215008.8 102737.9 258747.3 6733.5     730.7    0.0 901382.9
;     Ik:  1009954. 389000.2 643556.3 9884.3     307.6    0.0 2896072.
;References: BL_US PMDA0174.REF2 GR_US PMDA0174.REF2 BR_US PMDA0174.REF2

;LTK 150m_12152015

15DEC2015  18:32:43  Gain: 23  Zoff: 304 384 322 302
No   Time    G  PAR    F1   F2   F3   F4   Fm1  Fm2  Fm3  Fm4    Y1   Y2   Y3   Y4
;    Time    G  PAR    F1   F2   F3   F4     c(Bl)   c(Gr)   c(Br)   Sum c  Total c  c/F(Bl) c/F(Br)
cF 18:35:48 23   16   602  587 -283   46     ----    ----    ----    0.00    0.84    1.25    0.75
; Based on Chlorophyll Calibration file default_PMDA0174.cal

15DEC2015  18:36:22  Gain: 23  Zoff: 304 384 322 302
No   Time    G  PAR    F1   F2   F3   F4   Fm1  Fm2  Fm3  Fm4    Y1   Y2   Y3   Y4
 1 18:36:23 23   16   318  374  216  239   685  719  476  569  0.54 0.48 0.55 0.58
 2 18:36:44 23   16   293  357  204  220   609  668  435  494  0.52 0.47 0.53 0.55
 3 18:37:04 23   64   292  371  210  224   528  695  418  479  0.45 0.47 0.50 0.53
 4 18:37:25 23  128   277  369  207  223   474  686  388  464  0.42 0.46 0.47 0.52
 5 18:37:45 23  192   274  374  212  226   466  663  382  450  0.41 0.44 0.45 0.50
 6 18:38:05 23  256   280  385  222  238   443  669  381  464  0.37 0.42 0.42 0.49
 7 18:38:26 23  320   287  397  231  248   461  663  390  433  0.38 0.40 0.41 0.43
 8 18:38:46 23  384   294  408  239  256   452  670  378  449  0.35 0.39 0.37 0.43
 9 18:39:06 23  448   305  419  248  267   468  670  390  456  0.35 0.37 0.36 0.41
10 18:39:26 23    1   345  451  239  272   453  662  392  456  0.24 0.32 0.39 0.40
11 18:39:47 23  576   269  365  194  211   529  709  408  492  0.49 0.49 0.52 0.57
12 18:40:07 23  640   351  460  275  304   477  674  393  457  0.26 0.32 0.30 0.33
13 18:40:27 23  704   350  456  275  304   455  651  379  441  0.23 0.30 0.27 0.31
14 18:40:48 23  832   253  386  189  249   403  633  347  426  0.37 0.39 0.46 0.42
;            Ch1    Ch2    Ch3    Ch4      blue   green  brown
;  alpha:   1.202  1.128  1.205  1.337     1.216 -0.000  1.192
; ETRmax:   865.6  984.1 1390.0 1396.3    1411.0    0.0 1274.3
;     Ik:   719.9  872.5 1153.4 1044.3    1160.5    0.0 1069.2
;References: BL_US PMDA0174.REF2 GR_US PMDA0174.REF2 BR_US PMDA0174.REF2

;LTK 160m_12152015

15DEC2015  18:40:53  Gain: 23  Zoff: 304 384 322 302
No   Time    G  PAR    F1   F2   F3   F4   Fm1  Fm2  Fm3  Fm4    Y1   Y2   Y3   Y4
;    Time    G  PAR    F1   F2   F3   F4     c(Bl)   c(Gr)   c(Br)   Sum c  Total c  c/F(Bl) c/F(Br)
cF 18:44:29 23    1   210  217   70   74     ----    ----    0.38    0.38    0.51    1.25    0.75
; Based on Chlorophyll Calibration file default_PMDA0174.cal

15DEC2015  18:44:45  Gain: 23  Zoff: 304 384 322 302
No   Time    G  PAR    F1   F2   F3   F4   Fm1  Fm2  Fm3  Fm4    Y1   Y2   Y3   Y4
 1 18:44:46 23   16   212  217   71   75   264  271  125  158  0.20 0.20 0.43 0.53
 2 18:45:07 23   16   212  215   72   75   257  271  117  161  0.18 0.21 0.38 0.53
 3 18:45:28 23   64   210  215   72   77   262  281  119  154  0.20 0.23 0.39 0.50
 4 18:45:48 23  128   205  209   72   77   259  270  125  171  0.21 0.23 0.42 0.55
 5 18:46:08 23  192   202  203   73   78   233  265  113  144  0.13 0.23 0.35 0.46
 6 18:46:28 23  256   200  199   75   81   242  273  128  158  0.17 0.27 0.41 0.49
 7 18:46:49 23  320   199  196   76   82   238  254  106  157  0.16 0.23 0.28 0.48
 8 18:47:09 23  384   196  194   77   84   235  253  118  163  0.17 0.23 0.35 0.48
 9 18:47:29 23  448   195  193   82   89   232  264  119  153  0.16 0.27 0.31 0.42
10 18:47:50 23  512   195  193   85   92   226  255  118  161  0.14 0.24 0.28 0.43
11 18:48:10 23  576   217  206   48   85   228  241  114  162  0.05 0.15 0.58 0.48
12 18:48:30 23  640   192  186   85   94   224  246  110  149  0.14 0.24 0.23 0.37
13 18:48:50 23  704   189  181   84   93   226  236   99  153  0.16 0.23 0.15 0.39
14 18:49:11 23  832   126  138   34   73   209  220  114  167  0.40 0.37 0.70 0.56
;            Ch1    Ch2    Ch3    Ch4      blue   green  brown
;  alpha:   0.859  0.707  1.227  1.241     3.733 -0.000  0.944
; ETRmax:   204.4  874.2  783.2 2116.0     635.4    0.0  476.5
;     Ik:   237.9 1237.2  638.4 1705.0     170.2    0.0  504.9
;References: BL_US PMDA0174.REF2 GR_US PMDA0174.REF2 BR_US PMDA0174.REF2

;LTK 170m_12152015

15DEC2015  18:49:16  Gain: 23  Zoff: 304 384 322 302
No   Time    G  PAR    F1   F2   F3   F4   Fm1  Fm2  Fm3  Fm4    Y1   Y2   Y3   Y4
;    Time    G  PAR    F1   F2   F3   F4     c(Bl)   c(Gr)   c(Br)   Sum c  Total c  c/F(Bl) c/F(Br)
cF 18:53:09 23   16   183  180   57   62     ----    ----    0.32    0.32    0.43    1.25    0.75
; Based on Chlorophyll Calibration file default_PMDA0174.cal

15DEC2015  18:53:17  Gain: 23  Zoff: 304 384 322 302
No   Time    G  PAR    F1   F2   F3   F4   Fm1  Fm2  Fm3  Fm4    Y1   Y2   Y3   Y4
 1 18:53:18 23   16   183  180   59   62   244  239  107  134  0.25 0.25 0.45 0.54
 2 18:53:39 23   16   180  180   58   62   248  262  112  144  0.27 0.31 0.48 0.57
 3 18:54:00 23   64   181  182   61   65   240  254  116  155  0.25 0.28 0.47 0.58
 4 18:54:20 23  128   182  179   63   69   226  243  116  155  0.19 0.26 0.46 0.55
 5 18:54:40 23  192   182  176   66   73   232  241  108  161  0.22 0.27 0.39 0.55
 6 18:55:01 23  256   181  178   70   76   219  241  113  152  0.17 0.26 0.38 0.50
 7 18:55:21 23  320   179  180   73   80   217  247  113  169  0.18 0.27 0.35 0.53
 8 18:55:41 23  384   179  177   74   81   214  239  118  157  0.16 0.26 0.37 0.48
 9 18:56:01 23  448   180  175   75   83   216  239  128  163  0.17 0.27 0.41 0.49
10 18:56:22 23  512   180  173   77   86   215  224  114  163  0.16 0.23 0.32 0.47
11 18:56:42 23  576   180  172   81   89   222  221  118  161  0.19 0.22 0.31 0.45
12 18:57:02 23  640   182  171   83   93   219  224  115  156  0.17 0.24 0.28 0.40
13 18:57:23 23  704   181  170   85   96   220  219  139  159  0.18 0.22 0.39 0.40
14 18:57:43 23  832   119  129   35   74   198  215  123  161  0.40 0.40 0.72 0.54
;            Ch1    Ch2    Ch3    Ch4      blue   green  brown
;  alpha:   0.347  0.567  0.817  1.189     1.580 -0.000  0.550
; ETRmax:  165523.1 1163240. 3222110. 1595.5     611.1    0.0  621.3
;     Ik:  476707.0 2049827. 3942098. 1341.4     386.8    0.0 1129.7
;References: BL_US PMDA0174.REF2 GR_US PMDA0174.REF2 BR_US PMDA0174.REF2

;LTK 180m_12152015

15DEC2015  18:57:49  Gain: 23  Zoff: 304 384 322 302
No   Time    G  PAR    F1   F2   F3   F4   Fm1  Fm2  Fm3  Fm4    Y1   Y2   Y3   Y4
;    Time    G  PAR    F1   F2   F3   F4     c(Bl)   c(Gr)   c(Br)   Sum c  Total c  c/F(Bl) c/F(Br)
cF 19:00:46 23   16   125  218   -5  122     ----    ----    0.30    0.30    0.41    1.25    0.75
; Based on Chlorophyll Calibration file default_PMDA0174.cal

15DEC2015  19:01:03  Gain: 23  Zoff: 304 384 322 302
No   Time    G  PAR    F1   F2   F3   F4   Fm1  Fm2  Fm3  Fm4    Y1   Y2   Y3   Y4
 1 19:01:04 23   16   151  132   31   35   196  175   74  108  0.23 0.25 0.58 0.68
 2 19:01:25 23   16   150  128   30   43   192  194   71   99  0.22 0.34 0.58 0.57
 3 19:01:46 23   64   151  130   33   37   198  177   68  117  0.24 0.27 0.51 0.68
 4 19:02:06 23  128   150  128   35   39   195  169   71  114  0.23 0.24 0.51 0.66
 5 19:02:26 23  192   150  126   38   43   188  163   61  108  0.20 0.23 0.38 0.60
 6 19:02:46 23  256   151  123   40   46   182  167   67  109  0.17 0.26 0.40 0.58
 7 19:03:07 23  320   150  120   42   49   185  178   71  123  0.19 0.33 0.41 0.60
 8 19:03:27 23  384   151  118   45   53   182  166   67  109  0.17 0.29 0.33 0.51
 9 19:03:47 23  448   151  117   47   55   185  161   77  122  0.18 0.27 0.39 0.55
10 19:04:08 23  512   151  115   48   56   173  154   75  110  0.13 0.25 0.36 0.49
11 19:04:28 23  576   150  114   50   58   175  152   86  110  0.14 0.25 0.42 0.47
12 19:04:48 23  640   149  112   50   59   183  156   76  109  0.19 0.28 0.34 0.46
13 19:05:08 23  704   149  111   51   61   174  157   74  126  0.14 0.29 0.31 0.52
14 19:05:29 23  832   127   62   -6   54   164  147   80  121  0.23 0.58 ---- 0.55
;            Ch1    Ch2    Ch3    Ch4      blue   green  brown
;  alpha:   0.462  0.432  1.263  1.484    -0.000 69.139  0.578
; ETRmax:  1333.0 2916924. 1105.2 3062.7       0.0  930.0  652.2
;     Ik:  2886.3 6749884.  875.3 2063.8       0.0   13.5 1128.6
;References: BL_US PMDA0174.REF2 GR_US PMDA0174.REF2 BR_US PMDA0174.REF2

;LTK 190m_12152015

15DEC2015  19:05:58  Gain: 23  Zoff: 304 384 322 302
No   Time    G  PAR    F1   F2   F3   F4   Fm1  Fm2  Fm3  Fm4    Y1   Y2   Y3   Y4
;    Time    G  PAR    F1   F2   F3   F4     c(Bl)   c(Gr)   c(Br)   Sum c  Total c  c/F(Bl) c/F(Br)
cF 19:08:52 23   16   427  323 -105  165     ----    ----    ----    0.00    0.72    1.25    0.75
; Based on Chlorophyll Calibration file default_PMDA0174.cal

15DEC2015  19:09:13  Gain: 23  Zoff: 304 384 322 302
No   Time    G  PAR    F1   F2   F3   F4   Fm1  Fm2  Fm3  Fm4    Y1   Y2   Y3   Y4
 1 19:09:14 23   16   108   82   11   12   131  129   47   76  0.18 0.36 ---- ----
 2 19:09:35 23   16   108   81   11   14   149  123   56   76  0.28 0.34 ---- ----
 3 19:09:55 23   64   108   81   11   14   144  132   53   78  0.25 0.39 ---- ----
 4 19:10:16 23  128   109   80   14   17   139  122   39   78  0.22 0.34 ---- ----
 5 19:10:36 23  192   109   78   17   20   138  125   51   77  0.21 0.38 ---- ----
 6 19:10:56 23  256   111   76   18   22   150  123   44   94  0.26 0.38 ---- 0.77
 7 19:11:16 23  320   110   72   20   23   141  110   54   86  0.22 0.35 ---- 0.73
 8 19:11:37 23  384   109   70   21   25   133  104   33   70  0.18 0.33 0.36 0.64
 9 19:11:57 23  448   109   69   23   27   142  106   57   88  0.23 0.35 0.60 0.69
10 19:12:17 23  512   110   69   24   29   152  116   60   74  0.28 0.41 0.60 0.61
11 19:12:38 23  576   111   67   26   32   139  102   50   90  0.20 0.34 0.48 0.64
12 19:12:58 23  640   112   66   28   34   138   95   55   90  0.19 0.31 0.49 0.62
13 19:13:18 23  704   111   65   29   35   134  115   50   87  0.17 0.43 0.42 0.60
14 19:13:38 23  832    61   36   -7   25   142  106   59  101  0.57 0.66 ---- 0.75
;            Ch1    Ch2    Ch3    Ch4      blue   green  brown
;  alpha:   0.322  0.609  0.237  1.674    -0.000 -0.000  0.993
; ETRmax:  2073542. 654699.3   69.2 8176.2       0.0    0.0 2436.1
;     Ik:  6438604. 1075653.  292.6 4884.7       0.0    0.0 2452.9
;References: BL_US PMDA0174.REF2 GR_US PMDA0174.REF2 BR_US PMDA0174.REF2


;LTK 200m_12152015

15DEC2015  19:21:39  Gain: 23  Zoff: 304 384 322 302
No   Time    G  PAR    F1   F2   F3   F4   Fm1  Fm2  Fm3  Fm4    Y1   Y2   Y3   Y4
;    Time    G  PAR    F1   F2   F3   F4     c(Bl)   c(Gr)   c(Br)   Sum c  Total c  c/F(Bl) c/F(Br)
cF 19:25:59 23    1   137  140   44   71     ----    ----    0.25    0.25    0.35    1.25    0.75
; Based on Chlorophyll Calibration file default_PMDA0174.cal

15DEC2015  19:27:20  Gain: 23  Zoff: 304 384 322 302
No   Time    G  PAR    F1   F2   F3   F4   Fm1  Fm2  Fm3  Fm4    Y1   Y2   Y3   Y4
 1 19:27:21 23   16   144  158   60   64   225  268  148  186  0.36 0.41 0.59 0.66
 2 19:27:42 23   16   143  159   62   65   226  262  147  188  0.37 0.39 0.58 0.65
 3 19:28:03 23   64   148  166   68   71   227  279  165  194  0.35 0.41 0.59 0.63
 4 19:28:23 23  128   149  167   72   76   214  259  140  173  0.30 0.36 0.49 0.56
 5 19:28:43 23  192   149  164   74   79   199  251  138  173  0.25 0.35 0.46 0.54
 6 19:29:03 23  256   153  164   71   92   217  244  133  191  0.29 0.33 0.47 0.52
 7 19:29:24 23  320   151  163   77   84   197  248  135  177  0.23 0.34 0.43 0.53
 8 19:29:44 23  384   151  164   80   86   206  245  130  174  0.27 0.33 0.38 0.51
 9 19:30:04 23  448   184  174   42  183   193  247  118  170  0.05 0.30 0.64 ----
10 19:30:25 23  512   154  159   84   91   198  227  139  171  0.22 0.30 0.40 0.47
11 19:30:45 23  576   154  162   85   93   199  228  115  180  0.23 0.29 0.26 0.48
12 19:31:05 23  640   155  161   86   95   186  222  117  144  0.17 0.27 0.26 0.34
13 19:31:25 23  704   203  184   35  218   188  210  130  151  ---- 0.12 0.73 ----
14 19:31:46 23  832    84  117   13   91   180  217  123  155  0.53 0.46 ---- 0.41
;            Ch1    Ch2    Ch3    Ch4      blue   green  brown
;  alpha:   1.105  0.950  1.231  1.304     1.871 -0.000  0.944
; ETRmax:   304.5  366.1 2719.8  589.8     646.6    0.0  725.2
;     Ik:   275.6  385.5 2210.3  452.2     345.7    0.0  768.3
;References: BL_US PMDA0174.REF2 GR_US PMDA0174.REF2 BR_US PMDA0174.REF2