
Gain: 20  Zoff: 36 11 48 64
;LTK_08292017_0m

29AUG2017  13:52:07  Gain: 20  Zoff: 36 11 48 64
No   Time    G  PAR    F1   F2   F3   F4   Fm1  Fm2  Fm3  Fm4    Y1   Y2   Y3   Y4
 1 14:04:41 20 3391   230  302  134  147   300  353  184  214  0.23 0.14 0.27 0.31

29AUG2017  14:04:48  Gain: 20  Zoff: 36 11 48 64
No   Time    G  PAR    F1   F2   F3   F4   Fm1  Fm2  Fm3  Fm4    Y1   Y2   Y3   Y4
 1 14:04:48 20 3382   233  302  139  152   296  345  186  212  0.21 0.12 0.25 0.28
 2 14:05:10 20 3386   232  304  137  151   299  351  185  216  0.22 0.13 0.26 0.30
 3 14:05:30 20 3391   235  309  140  154   303  357  185  216  0.22 0.13 0.24 0.29
 4 14:05:50 20 3390   238  313  143  157   300  368  197  222  0.21 0.15 0.27 0.29
 5 14:06:10 20 3385   238  314  144  158   289  369  189  216  0.18 0.15 0.24 0.27
 6 14:06:31 20 3385   234  311  142  156   283  363  183  212  0.17 0.14 0.22 0.26
 7 14:06:51 20 3383   234  311  143  157   282  361  184  209  0.17 0.14 0.22 0.25
 8 14:07:11 20 3385   234  311  144  158   284  356  182  210  0.18 0.13 0.21 0.25
 9 14:07:32 20 3385   235  311  145  160   282  357  186  211  0.17 0.13 0.22 0.24
10 14:07:52 20 3391   236  311  145  161   274  350  182  208  0.14 0.11 0.20 0.23
;            Ch1    Ch2    Ch3    Ch4      blue   green  brown
;  alpha:   0.276  0.276  0.277  0.276     0.277 -0.000  0.277
; ETRmax:   267.6  208.9  337.7  409.1     670.9    0.0  242.7
;     Ik:   968.0  756.0 1219.6 1479.9    2420.6    0.0  877.7
;References: BL_US PMDA0174.REF2 GR_US PMDA0174.REF2 BR_US PMDA0174.REF2 

;LTK_08292017_10m

29AUG2017  14:19:35  Gain: 20  Zoff: 36 11 48 64
No   Time    G  PAR    F1   F2   F3   F4   Fm1  Fm2  Fm3  Fm4    Y1   Y2   Y3   Y4
 1 14:19:46 20 3392   227  292  135  149   336  364  204  239  0.32 0.20 0.34 0.38

29AUG2017  14:19:49  Gain: 20  Zoff: 36 11 48 64
No   Time    G  PAR    F1   F2   F3   F4   Fm1  Fm2  Fm3  Fm4    Y1   Y2   Y3   Y4
 1 14:19:49 20 3386   231  293  139  154   330  355  205  238  0.30 0.17 0.32 0.35
 2 14:20:11 20 3388   224  288  135  150   329  361  199  238  0.32 0.20 0.32 0.37
 3 14:20:31 20 3382   226  294  137  151   316  363  197  231  0.28 0.19 0.30 0.35
 4 14:20:51 20 3384   232  302  139  154   338  400  205  247  0.31 0.25 0.32 0.38
 5 14:21:11 20 3383   228  299  138  153   296  369  191  226  0.23 0.19 0.28 0.32
 6 14:21:32 20 3383   225  297  140  155   290  363  196  221  0.22 0.18 0.29 0.30
 7 14:21:52 20 3381   224  296  140  155   279  360  188  217  0.20 0.18 0.26 0.29
 8 14:22:12 20 3384   224  295  141  155   279  355  185  216  0.20 0.17 0.24 0.28
 9 14:22:32 20 3385   226  297  143  158   280  358  190  212  0.19 0.17 0.25 0.25
10 14:22:53 20 3374   225  296  144  159   273  355  187  210  0.18 0.17 0.23 0.24
;            Ch1    Ch2    Ch3    Ch4      blue   green  brown
;  alpha:   0.276  0.277  0.276  0.285     0.300 -0.000  0.277
; ETRmax:   354.1  267.1  461.2  760.4     750.2    0.0  322.1
;     Ik:  1281.8  965.7 1673.1 2669.8    2501.4    0.0 1164.3
;References: BL_US PMDA0174.REF2 GR_US PMDA0174.REF2 BR_US PMDA0174.REF2

;LTK_08292017_20m

29AUG2017  14:25:33  Gain: 20  Zoff: 36 11 48 64
No   Time    G  PAR    F1   F2   F3   F4   Fm1  Fm2  Fm3  Fm4    Y1   Y2   Y3   Y4
 1 14:25:46 20 3384   253  308  150  166   386  399  231  276  0.34 0.23 0.35 0.40

29AUG2017  14:25:49  Gain: 20  Zoff: 36 11 48 64
No   Time    G  PAR    F1   F2   F3   F4   Fm1  Fm2  Fm3  Fm4    Y1   Y2   Y3   Y4
 1 14:25:49 20 3384   259  311  154  171   378  393  234  273  0.31 0.21 0.34 0.37
 2 14:26:10 20 3384   256  311  154  171   385  401  233  276  0.34 0.22 0.34 0.38
 3 14:26:31 20 3391   259  317  155  171   370  410  228  264  0.30 0.23 0.32 0.35
 4 14:26:51 20 3374   258  320  156  174   358  417  228  270  0.28 0.23 0.32 0.36
 5 14:27:11 20 3384   265  325  160  179   355  418  228  256  0.25 0.22 0.30 0.30
 6 14:27:32 20 3382   256  321  157  174   336  409  216  251  0.24 0.22 0.27 0.31
 7 14:27:52 20 3386   256  322  158  176   335  411  216  252  0.24 0.22 0.27 0.30
 8 14:28:12 20 3386   263  326  163  182   332  405  220  254  0.21 0.20 0.26 0.28
 9 14:28:32 20 3383   262  325  165  183   326  399  212  248  0.20 0.19 0.22 0.26
10 14:28:53 20 3382   259  324  161  180   312  395  206  237  0.17 0.18 0.22 0.24
;            Ch1    Ch2    Ch3    Ch4      blue   green  brown
;  alpha:   0.276  0.277  0.276 264083.1     0.286 -0.000  0.277
; ETRmax:   375.2  299.2  485.3 3620.2     759.3    0.0  357.3
;     Ik:  1358.0 1078.6 1756.8    0.0    2653.9    0.0 1291.2
;References: BL_US PMDA0174.REF2 GR_US PMDA0174.REF2 BR_US PMDA0174.REF2

;LTK_08292017_30m

29AUG2017  14:31:08  Gain: 20  Zoff: 36 11 48 64
No   Time    G  PAR    F1   F2   F3   F4   Fm1  Fm2  Fm3  Fm4    Y1   Y2   Y3   Y4
 1 14:31:19 20 3384   237  331  139  156   378  446  223  264  0.37 0.26 0.38 0.41

29AUG2017  14:31:22  Gain: 20  Zoff: 36 11 48 64
No   Time    G  PAR    F1   F2   F3   F4   Fm1  Fm2  Fm3  Fm4    Y1   Y2   Y3   Y4
 1 14:31:23 20 3388   244  336  144  162   372  444  227  269  0.34 0.24 0.37 0.40
 2 14:31:44 20 3391   240  336  142  159   366  451  217  260  0.34 0.25 0.35 0.39
 3 14:32:04 20 3386   246  345  145  163   366  471  230  264  0.33 0.27 0.37 0.38
 4 14:32:25 20 3389   251  351  149  168   352  476  222  261  0.29 0.26 0.33 0.36
 5 14:32:45 20 3381   251  353  151  171   346  478  220  257  0.27 0.26 0.31 0.33
 6 14:33:05 20 3384   249  353  153  172   335  465  218  252  0.26 0.24 0.30 0.32
 7 14:33:26 20 3384   253  356  155  175   334  469  218  254  0.24 0.24 0.29 0.31
 8 14:33:46 20 3381   257  361  158  178   331  467  214  247  0.22 0.23 0.26 0.28
 9 14:34:06 20 3384   255  360  158  179   324  460  214  248  0.21 0.22 0.26 0.28
10 14:34:26 20 3388   260  364  162  184   324  464  217  248  0.20 0.22 0.25 0.26
;            Ch1    Ch2    Ch3    Ch4      blue   green  brown
;  alpha:   0.277  0.277 7305.293  0.304    20676.83 -0.000  0.276
; ETRmax:   423.8  353.4 3542.4  734.9    4067.8    0.0  425.8
;     Ik:  1531.8 1276.1    0.5 2416.1       0.2    0.0 1540.0
;References: BL_US PMDA0174.REF2 GR_US PMDA0174.REF2 BR_US PMDA0174.REF2

;LTK_08292017_40m

29AUG2017  14:36:56  Gain: 20  Zoff: 36 11 48 64
No   Time    G  PAR    F1   F2   F3   F4   Fm1  Fm2  Fm3  Fm4    Y1   Y2   Y3   Y4
 1 14:37:25 20 3387   252  371  145  163   412  527  244  288  0.39 0.30 0.41 0.43

29AUG2017  14:37:27  Gain: 20  Zoff: 36 11 48 64
No   Time    G  PAR    F1   F2   F3   F4   Fm1  Fm2  Fm3  Fm4    Y1   Y2   Y3   Y4
 1 14:37:28 20 3394   259  377  151  170   406  518  246  288  0.36 0.27 0.39 0.41
 2 14:37:49 20 3383   253  374  149  166   394  525  240  282  0.36 0.29 0.38 0.41
 3 14:38:09 20 3381   262  384  152  171   400  541  243  283  0.34 0.29 0.37 0.40
 4 14:38:30 20 3381   268  390  156  176   388  541  238  283  0.31 0.28 0.34 0.38
 5 14:38:50 20 3380   271  393  158  179   382  535  233  280  0.29 0.27 0.32 0.36
 6 14:39:10 20 3388   274  395  161  181   372  534  233  269  0.26 0.26 0.31 0.33
 7 14:39:30 20 3384   277  399  164  186   370  527  233  275  0.25 0.24 0.30 0.32
 8 14:39:51 20 3385   279  401  167  188   366  522  231  266  0.24 0.23 0.28 0.29
 9 14:40:11 20 3384   281  404  168  190   359  510  228  266  0.22 0.21 0.26 0.29
10 14:40:31 20 3379   280  405  169  191   352  514  225  258  0.20 0.21 0.25 0.26
;            Ch1    Ch2    Ch3    Ch4      blue   green  brown
;  alpha:  170474.6  0.276 298338.0 271477.3    583899.7 -0.000 561932.4
; ETRmax:  235538.1  379.6 2853.2 2921.0    3223.1    0.0 7625.2
;     Ik:     1.4 1373.2    0.0    0.0       0.0    0.0    0.0
;References: BL_US PMDA0174.REF2 GR_US PMDA0174.REF2 BR_US PMDA0174.REF2

;LTK_08292017_50m


29AUG2017  14:43:59  Gain: 20  Zoff: 36 11 48 64
No   Time    G  PAR    F1   F2   F3   F4   Fm1  Fm2  Fm3  Fm4    Y1   Y2   Y3   Y4
 1 14:44:10 20 3382   210  343  126  140   331  474  212  243  0.37 0.28 0.41 0.42

29AUG2017  14:44:13  Gain: 20  Zoff: 36 11 48 64
No   Time    G  PAR    F1   F2   F3   F4   Fm1  Fm2  Fm3  Fm4    Y1   Y2   Y3   Y4
 1 14:44:13 20 3392   214  346  130  144   324  463  208  242  0.34 0.25 0.38 0.40
 2 14:44:34 20 3389   216  347  130  144   339  482  211  251  0.36 0.28 0.38 0.43
 3 14:44:55 20 3384   218  351  130  146   312  468  200  234  0.30 0.25 0.35 0.38
 4 14:45:15 20 3382   221  353  133  148   320  471  205  238  0.31 0.25 0.35 0.38
 5 14:45:35 20 3385   231  361  139  156   314  473  204  239  0.26 0.24 0.32 0.35
 6 14:45:56 20 3380   232  363  141  159   309  465  196  233  0.25 0.22 0.28 0.32
 7 14:46:16 20 3383   238  366  145  164   312  471  198  232  0.24 0.22 0.27 0.29
 8 14:46:36 20 3384   241  369  147  166   305  464  198  234  0.21 0.20 0.26 0.29
 9 14:46:56 20 3382   239  369  146  165   295  459  196  230  0.19 0.20 0.26 0.28
10 14:47:17 20 3385   241  372  149  168   301  459  197  230  0.20 0.19 0.24 0.27
;            Ch1    Ch2    Ch3    Ch4      blue   green  brown
;  alpha:   0.276  0.277  0.280  0.313     0.320 -0.000  0.277
; ETRmax:   409.2  329.5  751.8  737.8     744.0    0.0  392.7
;     Ik:  1480.8 1189.7 2688.3 2355.2    2325.1    0.0 1418.0
;References: BL_US PMDA0174.REF2 GR_US PMDA0174.REF2 BR_US PMDA0174.REF2

;LTK_08292017_60m

29AUG2017  14:49:44  Gain: 20  Zoff: 36 11 48 64
No   Time    G  PAR    F1   F2   F3   F4   Fm1  Fm2  Fm3  Fm4    Y1   Y2   Y3   Y4
 1 14:50:02 20 3385   191  287  112  126   277  370  176  200  0.31 0.22 0.36 0.37

29AUG2017  14:50:04  Gain: 20  Zoff: 36 11 48 64
No   Time    G  PAR    F1   F2   F3   F4   Fm1  Fm2  Fm3  Fm4    Y1   Y2   Y3   Y4
 1 14:50:05 20 3384   194  288  116  129   274  362  180  209  0.29 0.20 0.36 0.38
 2 14:50:26 20 3384   193  288  115  128   276  373  174  201  0.30 0.23 0.34 0.36
 3 14:50:46 20 3384   197  292  116  130   266  376  172  201  0.26 0.22 0.33 0.35
 4 14:51:07 20 3380   201  296  120  135   273  372  172  201  0.26 0.20 0.30 0.33
 5 14:51:27 20 3382   202  297  121  136   266  367  169  202  0.24 0.19 0.28 0.33
 6 14:51:47 20 3381   205  299  124  140   267  367  169  201  0.23 0.19 0.27 0.30
 7 14:52:08 20 3386   210  301  127  142   264  363  170  199  0.20 0.17 0.25 0.29
 8 14:52:28 20 3382   206  299  125  141   256  361  164  192  0.20 0.17 0.24 0.27
 9 14:52:48 20 3382   217  307  129  146   265  367  169  198  0.18 0.16 0.24 0.26
10 14:53:08 20 3382   211  303  130  147   250  358  162  196  0.16 0.15 0.20 0.25
;            Ch1    Ch2    Ch3    Ch4      blue   green  brown
;  alpha:   0.277  0.277 35420.35  0.284    107170.9 -0.000  0.277
; ETRmax:   333.7  270.8 5542.3  752.4    2643.3    0.0  313.1
;     Ik:  1205.8  978.8    0.2 2650.4       0.0    0.0 1130.7
;References: BL_US PMDA0174.REF2 GR_US PMDA0174.REF2 BR_US PMDA0174.REF2

;LTK_08292017_70m

29AUG2017  14:55:49  Gain: 20  Zoff: 36 11 48 64
No   Time    G  PAR    F1   F2   F3   F4   Fm1  Fm2  Fm3  Fm4    Y1   Y2   Y3   Y4
 1 14:56:06 20 3386   175  229  100  112   255  290  160  184  0.31 0.21 0.38 0.39

29AUG2017  14:56:08  Gain: 20  Zoff: 36 11 48 64
No   Time    G  PAR    F1   F2   F3   F4   Fm1  Fm2  Fm3  Fm4    Y1   Y2   Y3   Y4
 1 14:56:09 20 3388   180  231  104  117   271  293  165  195  0.34 0.21 0.37 0.40
 2 14:56:30 20 3390   180  231  103  115   244  285  149  180  0.26 0.19 0.31 0.36
 3 14:56:50 20 3382   181  233  103  116   242  283  148  176  0.25 0.18 0.30 0.34
 4 14:57:11 20 3380   188  236  106  121   244  281  151  176  0.23 0.16 0.30 0.31
 5 14:57:31 20 3390   194  240  110  125   248  283  151  179  0.22 0.15 0.27 0.30
 6 14:57:51 20 3385   198  242  113  129   248  281  152  177  0.20 0.14 0.26 0.27
 7 14:58:11 20 3390   200  242  115  131   241  277  150  182  0.17 0.13 0.23 0.28
 8 14:58:32 20 3387   202  242  117  135   245  276  151  181  0.18 0.12 0.23 0.25
 9 14:58:52 20 3390   205  243  120  137   245  275  149  179  0.16 0.12 0.19 0.23
10 14:59:12 20 3379   201  241  117  134   238  271  149  173  0.16 0.11 0.21 0.23
;            Ch1    Ch2    Ch3    Ch4      blue   green  brown
;  alpha:   0.277  0.276  0.241  0.277     0.321 -0.000  0.277
; ETRmax:   307.4  226.1  703.6  577.3     739.1    0.0  271.7
;     Ik:  1111.4  819.1 2914.0 2086.9    2304.5    0.0  980.8
;References: BL_US PMDA0174.REF2 GR_US PMDA0174.REF2 BR_US PMDA0174.REF2

;LTK_08292017_80m

29AUG2017  15:01:44  Gain: 20  Zoff: 36 11 48 64
No   Time    G  PAR    F1   F2   F3   F4   Fm1  Fm2  Fm3  Fm4    Y1   Y2   Y3   Y4
 1 15:01:55 20 3368   183  217  104  114   262  266  165  189  0.30 0.18 0.37 0.40

29AUG2017  15:01:59  Gain: 20  Zoff: 36 11 48 64
No   Time    G  PAR    F1   F2   F3   F4   Fm1  Fm2  Fm3  Fm4    Y1   Y2   Y3   Y4
 1 15:01:59 20 3383   186  217  108  119   266  265  168  191  0.30 0.18 0.36 0.38
 2 15:02:21 20 3386   187  218  108  119   256  263  161  184  0.27 0.17 0.33 0.35
 3 15:02:41 20 3385   195  222  111  124   252  262  159  182  0.23 0.15 0.30 0.32
 4 15:03:01 20 3384   197  223  114  126   247  257  154  179  0.20 0.13 0.26 0.30
 5 15:03:22 20 3385   202  225  117  130   248  260  159  185  0.19 0.13 0.26 0.30
 6 15:03:42 20 3384   207  226  121  135   247  255  155  179  0.16 0.11 0.22 0.25
 7 15:04:02 20 3388   209  226  123  137   246  255  154  176  0.15 0.11 0.20 0.22
 8 15:04:22 20 3389   208  226  124  138   242  252  158  174  0.14 0.10 0.22 0.21
 9 15:04:43 20 3382   208  225  124  138   242  247  151  174  0.14 0.09 0.18 0.21
10 15:05:03 20 3383   207  223  124  139   238  251  155  174  0.13 0.11 0.20 0.20
;            Ch1    Ch2    Ch3    Ch4      blue   green  brown
;  alpha:   0.276  0.276  0.277  0.260     0.301 -0.000  0.276
; ETRmax:   272.2  204.9  373.8  680.8     859.8    0.0  241.8
;     Ik:   985.1  741.7 1351.5 2623.2    2859.7    0.0  876.9
;References: BL_US PMDA0174.REF2 GR_US PMDA0174.REF2 BR_US PMDA0174.REF2

;LTK_08292017_90m

29AUG2017  15:09:57  Gain: 20  Zoff: 36 11 48 64
No   Time    G  PAR    F1   F2   F3   F4   Fm1  Fm2  Fm3  Fm4    Y1   Y2   Y3   Y4
 1 15:10:08 20 3386   166  210   92  102   230  253  143  159  0.28 0.17 0.36 0.36

29AUG2017  15:10:11  Gain: 20  Zoff: 36 11 48 64
No   Time    G  PAR    F1   F2   F3   F4   Fm1  Fm2  Fm3  Fm4    Y1   Y2   Y3   Y4
 1 15:10:12 20 3389   169  209   95  106   227  248  146  166  0.26 0.16 0.35 0.36
 2 15:10:33 20 3391   167  208   94  104   224  244  140  161  0.25 0.15 0.33 0.35
 3 15:10:53 20 3389   171  211   96  107   218  246  136  154  0.22 0.14 0.29 0.31
 4 15:11:14 20 3390   176  213   99  111   214  240  134  156  0.18 0.11 0.26 0.29
 5 15:11:34 20 3374   176  212  100  112   215  241  131  153  0.18 0.12 0.24 0.27
 6 15:11:54 20 3383   179  213  102  114   213  240  133  154  0.16 0.11 0.23 0.26
 7 15:12:15 20 3387   179  212  103  115   207  231  130  156  0.14 0.08 0.21 0.26
 8 15:12:35 20 3381   178  210  104  116   208  231  133  152  0.14 0.09 0.22 0.24
 9 15:12:55 20 3380   178  209  104  116   206  231  133  154  0.14 0.10 0.22 0.25
10 15:13:15 20 3381   178  209  105  118   199  229  134  154  0.11 0.09 0.22 0.23
;            Ch1    Ch2    Ch3    Ch4      blue   green  brown
;  alpha:   0.276  0.278  0.277  0.276     0.344 -0.000  0.277
; ETRmax:   255.0  189.7  382.8  466.5     751.4    0.0  221.3
;     Ik:   924.0  681.9 1384.4 1690.4    2181.1    0.0  799.6
;References: BL_US PMDA0174.REF2 GR_US PMDA0174.REF2 BR_US PMDA0174.REF2

;LTK_08292017_100m

29AUG2017  15:16:02  Gain: 20  Zoff: 36 11 48 64
No   Time    G  PAR    F1   F2   F3   F4   Fm1  Fm2  Fm3  Fm4    Y1   Y2   Y3   Y4
 1 15:16:15 20 3388   221  293  130  144   313  356  195  224  0.29 0.18 0.33 0.36

29AUG2017  15:16:18  Gain: 20  Zoff: 36 11 48 64
No   Time    G  PAR    F1   F2   F3   F4   Fm1  Fm2  Fm3  Fm4    Y1   Y2   Y3   Y4
 1 15:16:19 20 3384   226  295  135  149   311  353  196  230  0.27 0.16 0.31 0.35
 2 15:16:40 20 3386   225  298  135  150   308  366  197  228  0.27 0.19 0.31 0.34
 3 15:17:01 20 3382   230  306  138  152   312  378  201  230  0.26 0.19 0.31 0.34
 4 15:17:21 20 3386   232  310  140  155   309  381  195  231  0.25 0.19 0.28 0.33
 5 15:17:41 20 3383   229  310  139  154   288  377  194  217  0.20 0.18 0.28 0.29
 6 15:18:01 20 3377   227  310  138  153   289  378  189  218  0.21 0.18 0.27 0.30
 7 15:18:22 20 3385   240  319  143  159   296  379  188  217  0.19 0.16 0.24 0.27
 8 15:18:42 20 3384   228  310  141  157   279  371  187  211  0.18 0.16 0.25 0.26
 9 15:19:02 20 3382   227  310  143  158   274  367  185  212  0.17 0.16 0.23 0.25
10 15:19:22 20 3384   225  308  143  158   270  361  181  207  0.17 0.15 0.21 0.24
;            Ch1    Ch2    Ch3    Ch4      blue   green  brown
;  alpha:   0.277  0.276  0.277 120053.5     0.303 -0.000  0.277
; ETRmax:   310.5  248.4  419.2 2989.6     737.4    0.0  287.2
;     Ik:  1121.1  901.4 1515.5    0.0    2431.6    0.0 1036.7
;References: BL_US PMDA0174.REF2 GR_US PMDA0174.REF2 BR_US PMDA0174.REF2

;LTK_08292017_110m

29AUG2017  15:21:16  Gain: 20  Zoff: 36 11 48 64
No   Time    G  PAR    F1   F2   F3   F4   Fm1  Fm2  Fm3  Fm4    Y1   Y2   Y3   Y4
 1 15:21:28 20 3384   241  306  100  107   272  331  131  146  0.11 0.08 0.24 0.27

29AUG2017  15:21:32  Gain: 20  Zoff: 36 11 48 64
No   Time    G  PAR    F1   F2   F3   F4   Fm1  Fm2  Fm3  Fm4    Y1   Y2   Y3   Y4
 1 15:21:32 20 3383   242  305  103  110   270  326  135  156  0.10 0.06 0.24 0.29
 2 15:21:53 20 3380   239  302  101  108   269  325  130  148  0.11 0.07 0.22 0.27
 3 15:22:13 20 3377   237  301  100  108   266  326  131  150  0.11 0.08 0.24 0.28
 4 15:22:34 20 3380   237  298  101  110   263  320  126  145  0.10 0.07 0.20 0.24
 5 15:22:54 20 3390   235  297  102  110   264  316  125  144  0.11 0.06 0.18 0.24
 6 15:23:14 20 3384   233  293  102  111   260  314  130  139  0.10 0.07 0.22 0.20
 7 15:23:35 20 3381   232  290  102  111   256  311  128  146  0.09 0.07 0.20 0.24
 8 15:23:55 20 3383   230  288  103  112   254  307  126  146  0.09 0.06 0.18 0.23
 9 15:24:15 20 3380   229  286  103  112   253  307  132  146  0.09 0.07 0.22 0.23
10 15:24:35 20 3384   228  283  104  113   250  300  131  146  0.09 0.06 0.21 0.23
;            Ch1    Ch2    Ch3    Ch4      blue   green  brown
;  alpha:   0.279  0.278  0.277  0.277     0.468 -0.000  0.279
; ETRmax:   175.5  139.2  298.8  358.2     844.2    0.0  175.6
;     Ik:   629.4  500.0 1077.9 1294.5    1803.5    0.0  629.7
;References: BL_US PMDA0174.REF2 GR_US PMDA0174.REF2 BR_US PMDA0174.REF2

;LTK_08292017_120m
29AUG2017  15:28:15  Gain: 20  Zoff: 36 11 48 64
No   Time    G  PAR    F1   F2   F3   F4   Fm1  Fm2  Fm3  Fm4    Y1   Y2   Y3   Y4
 1 15:28:27 20 3382   135  193   73   81   172  222  107  125  0.22 0.13 0.32 0.35

29AUG2017  15:28:32  Gain: 20  Zoff: 36 11 48 64
No   Time    G  PAR    F1   F2   F3   F4   Fm1  Fm2  Fm3  Fm4    Y1   Y2   Y3   Y4
 1 15:28:32 20 3384   137  192   77   85   173  218  108  124  0.21 0.12 0.29 0.31
 2 15:28:54 20 3386   137  194   76   84   172  218  108  122  0.20 0.11 0.30 0.31
 3 15:29:14 20 3386   137  195   76   84   170  221  106  122  0.19 0.12 0.28 0.31
 4 15:29:34 20 3384   137  194   77   85   165  219  104  119  0.17 0.11 0.26 0.29
 5 15:29:54 20 3384   139  194   78   86   168  216  106  121  0.17 0.10 0.26 0.29
 6 15:30:15 20 3384   140  194   80   88   170  219  111  125  0.18 0.11 0.28 0.30
 7 15:30:35 20 3390   142  195   81   90   168  220  109  124  0.15 0.11 0.26 0.27
 8 15:30:55 20 3383   141  193   82   90   169  213  110  121  0.17 0.09 0.25 0.26
 9 15:31:15 20 3382   140  192   82   90   163  212  107  125  0.14 0.09 0.23 0.28
10 15:31:36 20 3384   142  191   84   92   167  211  109  122  0.15 0.09 0.23 0.25
;            Ch1    Ch2    Ch3    Ch4      blue   green  brown
;  alpha:   0.276  0.277  0.277  0.257     0.375 -0.000  0.276
; ETRmax:   251.4  181.8  403.6  760.2    1015.8    0.0  212.7
;     Ik:   911.7  656.6 1459.3 2962.5    2709.3    0.0  770.3
;References: BL_US PMDA0174.REF2 GR_US PMDA0174.REF2 BR_US PMDA0174.REF2

;LTK_08292017_130m

29AUG2017  15:33:26  Gain: 20  Zoff: 36 11 48 64
No   Time    G  PAR    F1   F2   F3   F4   Fm1  Fm2  Fm3  Fm4    Y1   Y2   Y3   Y4
 1 15:33:36 20 3384   153  224   84   93   205  267  124  145  0.25 0.16 0.32 0.36

29AUG2017  15:33:39  Gain: 20  Zoff: 36 11 48 64
No   Time    G  PAR    F1   F2   F3   F4   Fm1  Fm2  Fm3  Fm4    Y1   Y2   Y3   Y4
 1 15:33:39 20 3385   156  225   87   96   205  262  132  153  0.24 0.14 0.34 0.37
 2 15:34:01 20 3388   157  226   87   96   203  275  128  148  0.23 0.18 0.32 0.35
 3 15:34:21 20 3378   157  228   87   97   198  271  124  144  0.21 0.16 0.30 0.33
 4 15:34:41 20 3383   158  228   89   99   198  271  128  145  0.20 0.16 0.30 0.32
 5 15:35:01 20 3383   160  230   91  101   204  272  128  146  0.22 0.15 0.29 0.31
 6 15:35:22 20 3383   162  231   93  104   199  273  129  149  0.19 0.15 0.28 0.30
 7 15:35:42 20 3384   163  230   94  104   196  264  126  145  0.17 0.13 0.25 0.28
 8 15:36:02 20 3383   161  228   93  104   194  264  124  144  0.17 0.14 0.25 0.28
 9 15:36:23 20 3384   162  229   95  105   194  264  124  146  0.16 0.13 0.23 0.28
10 15:36:43 20 3385   165  230   98  109   198  263  128  149  0.17 0.13 0.23 0.27
;            Ch1    Ch2    Ch3    Ch4      blue   green  brown
;  alpha:   0.276  0.276  0.253  0.280     0.385 -0.000  0.276
; ETRmax:   277.2  222.1  743.9  807.7     787.2    0.0  249.7
;     Ik:  1003.0  804.8 2936.3 2886.4    2043.1    0.0  905.7
;References: BL_US PMDA0174.REF2 GR_US PMDA0174.REF2 BR_US PMDA0174.REF2

;LTK_08292017_140m

29AUG2017  15:39:55  Gain: 20  Zoff: 36 11 48 64
No   Time    G  PAR    F1   F2   F3   F4   Fm1  Fm2  Fm3  Fm4    Y1   Y2   Y3   Y4
 1 15:40:07 20 3382   144  204   72   79   173  227  100  114  0.17 0.10 0.28 0.31

29AUG2017  15:40:10  Gain: 20  Zoff: 36 11 48 64
No   Time    G  PAR    F1   F2   F3   F4   Fm1  Fm2  Fm3  Fm4    Y1   Y2   Y3   Y4
 1 15:40:10 20 3391   146  203   75   82   172  219  103  118  0.15 0.07 0.27 0.31
 2 15:40:31 20 3384   145  203   73   81   174  225  100  120  0.17 0.10 0.27 0.33
 3 15:40:52 20 3381   145  203   73   81   171  225  102  114  0.15 0.10 0.28 0.29
 4 15:41:12 20 3380   145  202   74   82   173  225  100  119  0.16 0.10 0.26 0.31
 5 15:41:32 20 3382   147  202   76   83   174  223  106  118  0.16 0.09 0.28 0.30
 6 15:41:53 20 3378   147  201   77   84   172  223  102  118  0.15 0.10 0.25 0.29
 7 15:42:13 20 3382   147  200   78   86   168  222  104  118  0.13 0.10 0.25 0.27
 8 15:42:33 20 3384   147  200   79   87   174  218  103  119  0.16 0.08 0.23 0.27
 9 15:42:53 20 3387   148  199   80   87   172  219  104  121  0.14 0.09 0.23 0.28
10 15:43:14 20 3384   148  198   81   89   174  217  110  121  0.15 0.09 0.26 0.26
;            Ch1    Ch2    Ch3    Ch4      blue   green  brown
;  alpha:   0.276  0.278  0.277 10210.79    9578.631 -0.000  0.278
; ETRmax:   225.5  166.9  389.0 49821.8    3512.6    0.0  191.2
;     Ik:   817.5  599.8 1403.6    4.9       0.4    0.0  688.4
;References: BL_US PMDA0174.REF2 GR_US PMDA0174.REF2 BR_US PMDA0174.REF2