Gain: 21  Zoff: 241 312 392 223
;LTM 0m_06302016
30JUN2016  22:07:27  Gain: 21  Zoff: 241 312 392 223
No   Time    G  PAR    F1   F2   F3   F4   Fm1  Fm2  Fm3  Fm4    Y1   Y2   Y3   Y4
 1 22:12:20 21   64   121  251   91   96   239  420  177  205  0.49 0.40 0.49 0.53

30JUN2016  22:12:30  Gain: 21  Zoff: 241 312 392 223
No   Time    G  PAR    F1   F2   F3   F4   Fm1  Fm2  Fm3  Fm4    Y1   Y2   Y3   Y4
 1 22:12:30 21   64   118  248   91   96   222  415  168  207  0.47 0.40 0.46 0.54
 2 22:12:52 21    1   106  230   82   86   239  396  174  211  0.56 0.42 0.53 0.59
 3 22:13:12 21   64   109  242   85   89   226  428  172  208  0.52 0.43 0.51 0.57
 4 22:13:33 21    1   109  245   87   91   215  421  167  198  0.49 0.42 0.48 0.54
 5 22:13:53 21    1   108  246   88   92   199  410  162  186  0.46 0.40 0.46 0.51
 6 22:14:13 21  256   109  249   90   95   196  404  167  190  0.44 0.38 0.46 0.50
 7 22:14:33 21  320   110  250   93   97   181  408  163  184  0.39 0.39 0.43 0.47
 8 22:14:54 21  384   111  253   94  100   174  396  159  180  0.36 0.36 0.41 0.44
 9 22:15:14 21  448   112  255   97  102   177  390  157  180  0.37 0.35 0.38 0.43
10 22:15:34 21  512   113  259   98  103   175  398  156  189  0.35 0.35 0.37 0.46
11 22:15:55 21  576   114  259  101  106   173  395  150  181  0.34 0.34 0.33 0.41
12 22:16:15 21  640   114  261  102  107   166  379  156  176  0.31 0.31 0.35 0.39
13 22:16:35 21  704   115  263  105  110   173  388  156  180  0.34 0.32 0.33 0.39
14 22:16:55 21  832   118  267  109  115   166  387  153  182  0.29 0.31 0.29 0.37
;            Ch1    Ch2    Ch3    Ch4      blue   green  brown
;  alpha:   1.076  0.905  1.086  1.197     1.071 -0.000  1.142
; ETRmax:   991.4  808.7  567.3 1748.0     519.8    0.0  803.1
;     Ik:   921.5  893.3  522.4 1460.5     485.5    0.0  703.3
;References: BL_US PMDA0174.REF2 GR_US PMDA0174.REF2 BR_US PMDA0174.REF2

;LTM 0m_2_06302016

30JUN2016  22:19:07  Gain: 21  Zoff: 241 312 392 223
No   Time    G  PAR    F1   F2   F3   F4   Fm1  Fm2  Fm3  Fm4    Y1   Y2   Y3   Y4
 1 22:19:19 21   64   114  243   86   93   235  417  170  214  0.51 0.42 0.49 0.57

30JUN2016  22:19:28  Gain: 21  Zoff: 241 312 392 223
No   Time    G  PAR    F1   F2   F3   F4   Fm1  Fm2  Fm3  Fm4    Y1   Y2   Y3   Y4
 1 22:19:29 21   64   115  242   88   95   231  428  175  209  0.50 0.43 0.50 0.55
 2 22:19:50 21   16   107  227   82   88   243  404  178  219  0.56 0.44 0.54 0.60
 3 22:20:11 21   64   115  243   88   95   242  430  190  226  0.52 0.43 0.54 0.58
 4 22:20:31 21  128   117  249   92   99   224  429  179  215  0.48 0.42 0.49 0.54
 5 22:20:51 21  192   119  252   94  102   212  423  167  205  0.44 0.40 0.44 0.50
 6 22:21:12 21  256   120  254   96  103   201  418  163  205  0.40 0.39 0.41 0.50
 7 22:21:32 21  320   119  255   96  104   197  406  163  196  0.40 0.37 0.41 0.47
 8 22:21:52 21  384   118  256   97  105   188  400  163  187  0.37 0.36 0.40 0.44
 9 22:22:12 21  448   117  256   97  105   182  395  152  190  0.36 0.35 0.36 0.45
10 22:22:33 21  512   116  257   99  106   185  393  154  179  0.37 0.35 0.36 0.41
11 22:22:53 21  576   115  258   99  107   170  380  157  189  0.32 0.32 0.37 0.43
12 22:23:13 21  640   114  259  101  108   178  377  157  180  0.36 0.31 0.36 0.40
13 22:23:34 21    1   113  260  102  110   168  382  147  174  0.33 0.32 0.31 0.37
14 22:23:54 21  832   115  263  107  114   160  374  159  185  0.28 0.30 0.33 0.38
;            Ch1    Ch2    Ch3    Ch4      blue   green  brown
;  alpha:   1.206  0.997  1.215  1.330     1.165 -0.000  1.143
; ETRmax:  1180.9  692.8 1295.7 1743.4    1334.6    0.0 1340.3
;     Ik:   979.4  694.7 1066.0 1310.6    1145.4    0.0 1172.8
;References: BL_US PMDA0174.REF2 GR_US PMDA0174.REF2 BR_US PMDA0174.REF2

;LTM 20m_06302016

30JUN2016  22:27:42  Gain: 21  Zoff: 241 312 392 223
No   Time    G  PAR    F1   F2   F3   F4   Fm1  Fm2  Fm3  Fm4    Y1   Y2   Y3   Y4
 1 22:27:56 21   64   105  231   74   81   234  414  169  208  0.55 0.44 0.56 0.61

30JUN2016  22:28:12  Gain: 21  Zoff: 241 312 392 223
No   Time    G  PAR    F1   F2   F3   F4   Fm1  Fm2  Fm3  Fm4    Y1   Y2   Y3   Y4
 1 22:28:13 21   64   106  232   76   84   232  426  176  204  0.54 0.46 0.57 0.59
 2 22:28:34 21   16   105  220   75   82   249  384  177  223  0.58 0.43 0.58 0.63
 3 22:28:55 21   64   111  235   80   89   240  430  184  220  0.54 0.45 0.57 0.60
 4 22:29:15 21  128   113  239   82   91   224  417  167  215  0.50 0.43 0.51 0.58
 5 22:29:35 21  192   113  242   85   93   213  412  163  198  0.47 0.41 0.48 0.53
 6 22:29:55 21  256   113  243   86   94   193  408  157  189  0.41 0.40 0.45 0.50
 7 22:30:16 21    1   110  244   86   94   184  395  148  181  0.40 0.38 0.42 0.48
 8 22:30:36 21  384   108  244   86   95   187  380  147  181  0.42 0.36 0.41 0.48
 9 22:30:56 21  448   108  246   88   96   178  375  139  175  0.39 0.34 0.37 0.45
10 22:31:17 21  512   110  250   91   99   170  384  142  176  0.35 0.35 0.36 0.44
11 22:31:37 21  576   113  254   95  104   174  383  143  177  0.35 0.34 0.34 0.41
12 22:31:57 21  640   115  256   97  107   173  377  149  181  0.34 0.32 0.35 0.41
13 22:32:17 21  704   116  257  100  109   171  371  148  178  0.32 0.31 0.32 0.39
14 22:32:38 21  832   117  261  103  113   159  376  145  178  0.26 0.31 0.29 0.37
;            Ch1    Ch2    Ch3    Ch4      blue   green  brown
;  alpha:   1.078  0.951  1.107  1.219     1.131 -0.000  1.030
; ETRmax:   508.3  576.4  513.5  676.5     503.4    0.0  582.2
;     Ik:   471.4  606.1  463.8  554.8     444.9    0.0  565.0
;References: BL_US PMDA0174.REF2 GR_US PMDA0174.REF2 BR_US PMDA0174.REF2

LTM 20m_2_06302016

30JUN2016  22:36:08  Gain: 21  Zoff: 241 312 392 223
No   Time    G  PAR    F1   F2   F3   F4   Fm1  Fm2  Fm3  Fm4    Y1   Y2   Y3   Y4
 1 22:36:21 21   64   125  236   83   98   253  413  186  231  0.51 0.43 0.55 0.58

30JUN2016  22:36:29  Gain: 21  Zoff: 241 312 392 223
No   Time    G  PAR    F1   F2   F3   F4   Fm1  Fm2  Fm3  Fm4    Y1   Y2   Y3   Y4
 1 22:36:29 21   64   124  235   84   99   246  402  169  217  0.50 0.42 0.50 0.54
 2 22:36:51 21   16   108  216   74   86   245  374  171  209  0.56 0.42 0.57 0.59
 3 22:37:11 21   64   114  231   77   91   241  417  177  214  0.53 0.45 0.56 0.57
 4 22:37:31 21  128   115  236   79   94   221  413  162  210  0.48 0.43 0.51 0.55
 5 22:37:51 21  192   120  241   84   99   214  413  161  204  0.44 0.42 0.48 0.51
 6 22:38:12 21  256   121  245   87  102   204  411  159  196  0.41 0.40 0.45 0.48
 7 22:38:32 21  320   117  243   86  102   191  394  149  181  0.39 0.38 0.42 0.44
 8 22:38:52 21  384   116  244   88  103   191  386  141  192  0.39 0.37 0.38 0.46
 9 22:39:13 21   94   149  309   -3  124   181  373  158  194  0.18 0.17 ---- 0.36
10 22:39:33 21  512   120  251   94  112   184  383  151  184  0.35 0.34 0.38 0.39
11 22:39:53 21  576   120  253   96  113   178  372  150  186  0.33 0.32 0.36 0.39
12 22:40:13 21  640   121  257   98  115   175  374  148  189  0.31 0.31 0.34 0.39
13 22:40:34 21  704   119  257   99  115   176  368  152  184  0.32 0.30 0.35 0.38
14 22:40:54 21  832   120  259  103  120   175  370  148  189  0.31 0.30 0.30 0.37
;            Ch1    Ch2    Ch3    Ch4      blue   green  brown
;  alpha:   1.110  0.965  1.196  1.223     1.188 -0.000  1.084
; ETRmax:  1134.1 1447.7 1301.8 1878.1     836.4    0.0 1620.9
;     Ik:  1021.6 1500.3 1088.4 1535.7     703.7    0.0 1495.4
;References: BL_US PMDA0174.REF2 GR_US PMDA0174.REF2 BR_US PMDA0174.REF2

;LTM 40m_1_06302016

30JUN2016  22:45:04  Gain: 21  Zoff: 241 312 392 223
No   Time    G  PAR    F1   F2   F3   F4   Fm1  Fm2  Fm3  Fm4    Y1   Y2   Y3   Y4
 1 22:45:18 21   64   115  228   73   85   246  414  172  211  0.53 0.45 0.58 0.60

30JUN2016  22:45:31  Gain: 21  Zoff: 241 312 392 223
No   Time    G  PAR    F1   F2   F3   F4   Fm1  Fm2  Fm3  Fm4    Y1   Y2   Y3   Y4
 1 22:45:32 21   64   121  230   78   90   251  416  177  220  0.52 0.45 0.56 0.59
 2 22:45:53 21   16   105  210   68   77   238  375  164  199  0.56 0.44 0.59 0.61
 3 22:46:14 21   64    96  214   63   72   209  396  150  186  0.54 0.46 0.58 0.61
 4 22:46:34 21  128   101  221   67   77   207  400  150  183  0.51 0.45 0.55 0.58
 5 22:46:54 21  192   108  226   74   84   206  402  159  193  0.48 0.44 0.53 0.56
 6 22:47:14 21  256   110  227   76   87   202  385  146  183  0.46 0.41 0.48 0.52
 7 22:47:35 21  320   109  230   77   87   191  389  146  180  0.43 0.41 0.47 0.52
 8 22:47:55 21  384   112  232   80   91   193  372  147  186  0.42 0.38 0.46 0.51
 9 22:48:15 21  448   114  236   83   95   191  371  140  185  0.40 0.36 0.41 0.49
10 22:48:36 21  512   116  239   86   99   191  385  143  180  0.39 0.38 0.40 0.45
11 22:48:56 21  576   117  241   87  100   181  369  145  181  0.35 0.35 0.40 0.45
12 22:49:16 21  640   117  242   89  102   189  374  146  175  0.38 0.35 0.39 0.42
13 22:49:36 21  704   118  244   91  104   178  358  143  177  0.34 0.32 0.36 0.41
14 22:49:57 21  832   122  248   96  109   176  363  140  176  0.31 0.32 0.31 0.38
;            Ch1    Ch2    Ch3    Ch4      blue   green  brown
;  alpha:   1.282  1.095  1.393  1.421     1.492 -0.000  1.135
; ETRmax:  1042.8 1640.6  836.7  905.4     652.2    0.0  735.0
;     Ik:   813.7 1498.1  600.7  637.2     437.1    0.0  647.4
;References: BL_US PMDA0174.REF2 GR_US PMDA0174.REF2 BR_US PMDA0174.REF2

;LTM 40m_2_06302016

30JUN2016  22:55:43  Gain: 21  Zoff: 241 312 392 223
No   Time    G  PAR    F1   F2   F3   F4   Fm1  Fm2  Fm3  Fm4    Y1   Y2   Y3   Y4
 1 22:55:58 21   64   131  237   84   95   261  434  189  233  0.50 0.45 0.56 0.59

30JUN2016  22:56:04  Gain: 21  Zoff: 241 312 392 223
No   Time    G  PAR    F1   F2   F3   F4   Fm1  Fm2  Fm3  Fm4    Y1   Y2   Y3   Y4
 1 22:56:05 21   64   128  235   84   94   252  420  177  211  0.49 0.44 0.53 0.55
 2 22:56:26 21   16   109  216   70   79   254  389  167  215  0.57 0.44 0.58 0.63
 3 22:56:47 21   64   112  226   73   81   243  431  171  205  0.54 0.48 0.57 0.60
 4 22:57:07 21  128   114  229   74   83   225  418  155  201  0.49 0.45 0.52 0.59
 5 22:57:27 21  192   116  232   76   86   215  408  155  197  0.46 0.43 0.51 0.56
 6 22:57:47 21  256   118  236   79   89   206  402  155  183  0.43 0.41 0.49 0.51
 7 22:58:08 21  320   122  239   84   93   210  402  149  185  0.42 0.41 0.44 0.50
 8 22:58:28 21  384   126  243   86   97   203  394  150  185  0.38 0.38 0.43 0.48
 9 22:58:48 21  448   127  245   88   99   201  391  148  185  0.37 0.37 0.41 0.46
10 22:59:09 21  512   126  246   89  100   188  383  147  177  0.33 0.36 0.39 0.44
11 22:59:29 21  576   122  245   89   99   180  377  149  175  0.32 0.35 0.40 0.43
12 22:59:49 21  640   118  245   88   98   174  372  144  175  0.32 0.34 0.39 0.44
13 23:00:09 21  704   117  246   89   99   185  367  141  160  0.37 0.33 0.37 0.38
14 23:00:30 21  832   119  249   94  104   169  364  137  170  0.30 0.32 0.31 0.39
;            Ch1    Ch2    Ch3    Ch4      blue   green  brown
;  alpha:   1.048  0.928  1.125  1.301     1.163 -0.000  1.058
; ETRmax:   537.7  515.0  558.4 2118.6     494.0    0.0 1792.2
;     Ik:   513.3  554.9  496.2 1628.9     424.9    0.0 1693.8
;References: BL_US PMDA0174.REF2 GR_US PMDA0174.REF2 BR_US PMDA0174.REF2

;LTM 60m_1_06302016


30JUN2016  23:00:36  Gain: 21  Zoff: 241 312 392 223
No   Time    G  PAR    F1   F2   F3   F4   Fm1  Fm2  Fm3  Fm4    Y1   Y2   Y3   Y4
 1 23:04:17 21   64    70  187   46   57   160  350  127  161  0.56 0.47 0.64 0.65

30JUN2016  23:04:26  Gain: 21  Zoff: 241 312 392 223
No   Time    G  PAR    F1   F2   F3   F4   Fm1  Fm2  Fm3  Fm4    Y1   Y2   Y3   Y4
 1 23:04:27 21   64    74  188   49   61   171  351  125  162  0.57 0.46 0.61 0.62
 2 23:04:48 21   16    70  174   46   56   188  352  126  181  0.63 0.51 0.63 0.69
 3 23:05:09 21   64    73  186   49   59   173  369  134  171  0.58 0.50 0.63 0.65
 4 23:05:29 21  128    72  188   50   60   156  357  125  162  0.54 0.47 0.60 0.63
 5 23:05:49 21  192    75  191   53   63   156  364  121  161  0.52 0.48 0.56 0.61
 6 23:06:09 21  256    75  194   56   67   150  350  120  160  0.50 0.45 0.53 0.58
 7 23:06:30 21  320    73  193   56   68   142  344  120  154  0.49 0.44 0.53 0.56
 8 23:06:50 21  384    72  193   57   68   134  331  115  143  0.46 0.42 0.50 0.52
 9 23:07:10 21  448    72  195   58   70   129  335  119  149  0.44 0.42 0.51 0.53
10 23:07:31 21  512    72  197   61   72   126  332  116  153  0.43 0.41 0.47 0.53
11 23:07:51 21  576    76  200   63   75   133  331  123  152  0.43 0.40 0.49 0.51
12 23:08:11 21  640    78  203   67   78   136  322  120  146  0.43 0.37 0.44 0.47
13 23:08:31 21  704    79  206   69   81   135  326  116  146  0.41 0.37 0.41 0.45
14 23:08:52 21  832    81  208   72   84   134  320  121  146  0.40 0.35 0.40 0.42
;            Ch1    Ch2    Ch3    Ch4      blue   green  brown
;  alpha:   1.294  1.138  1.442  1.481     1.608 -0.000  1.281
; ETRmax:  2189.5 1569.6 1532.4  977.2     881.5    0.0 2188.9
;     Ik:  1691.8 1379.5 1063.0  659.9     548.3    0.0 1708.7
;References: BL_US PMDA0174.REF2 GR_US PMDA0174.REF2 BR_US PMDA0174.REF2

;LTM 60m_2_06302016
30JUN2016  23:12:03  Gain: 21  Zoff: 241 312 392 223
No   Time    G  PAR    F1   F2   F3   F4   Fm1  Fm2  Fm3  Fm4    Y1   Y2   Y3   Y4
 1 23:12:15 21   64    79  193   49   59   180  363  137  161  0.56 0.47 0.64 0.63

30JUN2016  23:12:21  Gain: 21  Zoff: 241 312 392 223
No   Time    G  PAR    F1   F2   F3   F4   Fm1  Fm2  Fm3  Fm4    Y1   Y2   Y3   Y4
 1 23:12:21 21   64    80  192   52   62   182  365  136  177  0.56 0.47 0.62 0.65
 2 23:12:43 21   16    75  177   50   58   213  358  141  186  0.65 0.51 0.65 0.69
 3 23:13:03 21   64    78  189   51   60   183  376  128  173  0.57 0.50 0.60 0.65
 4 23:13:23 21  128    79  193   52   62   176  375  133  166  0.55 0.49 0.61 0.63
 5 23:13:44 21  192    83  197   56   66   175  358  130  171  0.53 0.45 0.57 0.61
 6 23:14:04 21  256    86  200   60   71   167  365  126  167  0.49 0.45 0.52 0.57
 7 23:14:24 21  320    89  203   63   74   165  362  127  161  0.46 0.44 0.50 0.54
 8 23:14:45 21  384    87  205   63   75   159  352  119  155  0.45 0.42 0.47 0.52
 9 23:15:05 21  448    87  205   65   77   151  351  123  161  0.42 0.42 0.47 0.52
10 23:15:25 21  512    86  207   67   78   142  344  124  154  0.39 0.40 0.46 0.49
11 23:15:45 21  576    83  206   67   78   148  332  115  148  0.44 0.38 0.42 0.47
12 23:16:06 21  187    84  209   70   81   143  333  124  147  0.41 0.37 0.44 0.45
13 23:16:26 21  704    87  213   72   83   142  333  127  146  0.39 0.36 0.43 0.43
14 23:16:46 21  832    89  217   76   88   142  331  124  155  0.37 0.34 0.39 0.43
;            Ch1    Ch2    Ch3    Ch4      blue   green  brown
;  alpha:   1.338  1.157  1.473  1.553     1.520 -0.000  1.315
; ETRmax:  1678.3 1117.6 1721.9 1946.8    1505.9    0.0 1880.2
;     Ik:  1254.6  966.1 1169.1 1253.4     990.5    0.0 1429.5
;References: BL_US PMDA0174.REF2 GR_US PMDA0174.REF2 BR_US PMDA0174.REF2

;LTM 80m_1_06302016

30JUN2016  23:20:11  Gain: 21  Zoff: 241 312 392 223
No   Time    G  PAR    F1   F2   F3   F4   Fm1  Fm2  Fm3  Fm4    Y1   Y2   Y3   Y4
 1 23:20:24 21   64    74  196   46   57   149  345  116  145  0.50 0.43 0.60 0.61

30JUN2016  23:20:32  Gain: 21  Zoff: 241 312 392 223
No   Time    G  PAR    F1   F2   F3   F4   Fm1  Fm2  Fm3  Fm4    Y1   Y2   Y3   Y4
 1 23:20:33 21   64    73  196   49   59   162  339  117  152  0.55 0.42 0.58 0.61
 2 23:20:54 21   16    70  184   45   55   176  336  122  161  0.60 0.45 0.63 0.66
 3 23:21:15 21   64    76  197   49   60   164  353  120  157  0.54 0.44 0.59 0.62
 4 23:21:35 21  128    72  198   49   59   151  355  115  152  0.52 0.44 0.57 0.61
 5 23:21:55 21  192    79  203   54   65   150  342  117  153  0.47 0.41 0.54 0.58
 6 23:22:16 21  256    81  207   57   69   153  353  122  147  0.47 0.41 0.53 0.53
 7 23:22:36 21  320    77  206   57   68   138  331  110  145  0.44 0.38 0.48 0.53
 8 23:22:56 21  384    78  208   59   71   140  335  112  145  0.44 0.38 0.47 0.51
 9 23:23:16 21  448    83  212   63   75   149  341  116  153  0.44 0.38 0.46 0.51
10 23:23:37 21  512    87  218   67   80   142  332  120  157  0.39 0.34 0.44 0.49
11 23:23:57 21  576    87  220   68   82   140  335  119  147  0.38 0.34 0.43 0.44
12 23:24:17 21  640    84  220   68   81   133  325  117  136  0.37 0.32 0.42 0.40
13 23:24:38 21  704    85  222   70   83   136  336  117  146  0.38 0.34 0.40 0.43
14 23:24:58 21  832    94  230   77   91   149  333  129  150  0.37 0.31 0.40 0.39
;            Ch1    Ch2    Ch3    Ch4      blue   green  brown
;  alpha:   1.254  1.054  1.392  1.457     1.552 -0.000  1.213
; ETRmax:  1721.1 1674.7 1852.6  934.3    1021.2    0.0  879.6
;     Ik:  1372.2 1589.5 1330.4  641.3     658.1    0.0  725.2
;References: BL_US PMDA0174.REF2 GR_US PMDA0174.REF2 BR_US PMDA0174.REF2

;LTM 80m_2_06302016

30JUN2016  23:27:52  Gain: 21  Zoff: 241 312 392 223
No   Time    G  PAR    F1   F2   F3   F4   Fm1  Fm2  Fm3  Fm4    Y1   Y2   Y3   Y4
 1 23:28:05 21   64    95  215   57   68   195  376  130  166  0.51 0.43 0.56 0.59

30JUN2016  23:28:11  Gain: 21  Zoff: 241 312 392 223
No   Time    G  PAR    F1   F2   F3   F4   Fm1  Fm2  Fm3  Fm4    Y1   Y2   Y3   Y4
 1 23:28:12 21   64    98  216   60   71   197  377  137  175  0.50 0.43 0.56 0.59
 2 23:28:33 21   16    93  200   56   66   213  360  147  190  0.56 0.44 0.62 0.65
 3 23:28:54 21   64    92  210   57   67   203  387  139  174  0.55 0.46 0.59 0.61
 4 23:29:14 21  128    97  216   60   70   196  377  138  169  0.51 0.43 0.57 0.59
 5 23:29:34 21  192   101  221   64   74   181  374  137  168  0.44 0.41 0.53 0.56
 6 23:29:54 21  256   100  223   65   76   179  371  133  161  0.44 0.40 0.51 0.53
 7 23:30:15 21  320   102  226   67   78   173  368  124  161  0.41 0.39 0.46 0.52
 8 23:30:35 21  384   106  231   71   83   173  363  136  165  0.39 0.36 0.48 0.50
 9 23:30:55 21  448   107  235   74   86   172  361  131  161  0.38 0.35 0.44 0.47
10 23:31:15 21  512   109  237   77   89   172  368  128  163  0.37 0.36 0.40 0.45
11 23:31:36 21  576   109  239   79   92   157  358  129  155  0.31 0.33 0.39 0.41
12 23:31:56 21  640   110  242   81   93   159  355  132  163  0.31 0.32 0.39 0.43
13 23:32:16 21  704   107  242   82   95   155  349  125  159  0.31 0.31 0.34 0.40
14 23:32:37 21    1   110  246   87  100   161  357  136  168  0.32 0.31 0.36 0.40
;            Ch1    Ch2    Ch3    Ch4      blue   green  brown
;  alpha:   0.975  0.891  1.171  1.197     1.004 -0.000  0.988
; ETRmax:   415.7 1306.5  627.2  598.8     439.6    0.0  467.9
;     Ik:   426.3 1466.3  535.6  500.4     438.0    0.0  473.5
;References: BL_US PMDA0174.REF2 GR_US PMDA0174.REF2 BR_US PMDA0174.REF2

;LTM 100m_1_06302016
30JUN2016  23:36:17  Gain: 21  Zoff: 241 312 392 223
No   Time    G  PAR    F1   F2   F3   F4   Fm1  Fm2  Fm3  Fm4    Y1   Y2   Y3   Y4
 1 23:36:35 21   64    86  208   52   62   186  372  130  167  0.54 0.44 0.60 0.63

30JUN2016  23:36:43  Gain: 21  Zoff: 241 312 392 223
No   Time    G  PAR    F1   F2   F3   F4   Fm1  Fm2  Fm3  Fm4    Y1   Y2   Y3   Y4
 1 23:36:44 21   64    86  207   54   64   187  372  131  162  0.54 0.44 0.59 0.60
 2 23:37:05 21   16    78  192   47   56   203  359  140  178  0.62 0.47 0.66 0.69
 3 23:37:26 21   64    81  203   50   59   191  377  126  159  0.58 0.46 0.60 0.63
 4 23:37:46 21  128    81  206   51   60   167  374  120  158  0.51 0.45 0.57 0.62
 5 23:38:06 21  192    82  209   54   63   168  358  121  160  0.51 0.42 0.55 0.61
 6 23:38:27 21  256    83  209   56   66   158  357  121  154  0.47 0.41 0.54 0.57
 7 23:38:47 21  320    84  212   58   68   157  347  122  155  0.46 0.39 0.52 0.56
 8 23:39:07 21  384    86  216   61   71   151  346  119  157  0.43 0.38 0.49 0.55
 9 23:39:27 21  448    88  218   63   76   144  341  120  146  0.39 0.36 0.47 0.48
10 23:39:48 21  512    84  217   64   73   143  340  113  141  0.41 0.36 0.43 0.48
11 23:40:08 21  576    83  218   66   75   136  337  120  146  0.39 0.35 0.45 0.49
12 23:40:28 21  640    85  220   68   78   137  334  113  151  0.38 0.34 0.40 0.48
13 23:40:49 21  704    87  222   70   80   141  339  114  148  0.38 0.35 0.39 0.46
14 23:41:09 21  832    89  227   74   84   138  335  112  152  0.36 0.32 0.34 0.45
;            Ch1    Ch2    Ch3    Ch4      blue   green  brown
;  alpha:   1.314  1.065  1.456  1.708     1.944 -0.000  1.542
; ETRmax:   969.4 1776.0  986.1 1372.3    1000.0    0.0  852.9
;     Ik:   737.7 1668.4  677.4  803.4     514.4    0.0  553.3
;References: BL_US PMDA0174.REF2 GR_US PMDA0174.REF2 BR_US PMDA0174.REF2

;LTM 100m_2_06302016

30JUN2016  23:44:08  Gain: 21  Zoff: 241 312 392 223
No   Time    G  PAR    F1   F2   F3   F4   Fm1  Fm2  Fm3  Fm4    Y1   Y2   Y3   Y4
 1 23:44:20 21   64    99  213   59   71   212  376  141  186  0.53 0.43 0.58 0.62

30JUN2016  23:44:29  Gain: 21  Zoff: 241 312 392 223
No   Time    G  PAR    F1   F2   F3   F4   Fm1  Fm2  Fm3  Fm4    Y1   Y2   Y3   Y4
 1 23:44:29 21   64   100  213   62   74   210  379  150  187  0.52 0.44 0.59 0.60
 2 23:44:51 21   16    86  195   52   62   225  359  140  187  0.62 0.46 0.63 0.67
 3 23:45:11 21   64    89  207   54   65   204  389  139  179  0.56 0.47 0.61 0.64
 4 23:45:31 21  128    92  211   59   70   199  371  141  172  0.54 0.43 0.58 0.59
 5 23:45:52 21  192    91  214   59   69   185  370  128  166  0.51 0.42 0.54 0.58
 6 23:46:12 21  256    99  220   62   74   200  374  134  167  0.51 0.41 0.54 0.56
 7 23:46:32 21  320   102  222   67   80   176  366  136  173  0.42 0.39 0.51 0.54
 8 23:46:52 21  384   100  222   69   82   168  357  130  163  0.40 0.38 0.47 0.50
 9 23:47:13 21  448    98  222   70   83   169  355  128  163  0.42 0.37 0.45 0.49
10 23:47:33 21  512    98  223   72   83   171  355  129  160  0.43 0.37 0.44 0.48
11 23:47:53 21  576    99  226   74   86   159  344  132  165  0.38 0.34 0.44 0.48
12 23:48:14 21  640   102  230   77   89   160  343  129  163  0.36 0.33 0.40 0.45
13 23:48:34 21  704   104  232   78   91   154  345  130  162  0.32 0.33 0.40 0.44
14 23:48:54 21  832   107  236   83   95   166  346  138  159  0.36 0.32 0.40 0.40
;            Ch1    Ch2    Ch3    Ch4      blue   green  brown
;  alpha:   1.353  1.012  1.432  1.477     1.608 -0.000  1.279
; ETRmax:  1339.4  744.3 1155.2 1308.4    1592.1    0.0 1475.2
;     Ik:   989.6  735.1  806.8  885.6     990.3    0.0 1153.8
;References: BL_US PMDA0174.REF2 GR_US PMDA0174.REF2 BR_US PMDA0174.REF2


;LTM 110m_06302016

30JUN2016  23:52:14  Gain: 21  Zoff: 241 312 392 223
No   Time    G  PAR    F1   F2   F3   F4   Fm1  Fm2  Fm3  Fm4    Y1   Y2   Y3   Y4
 1 23:52:40 21   64   240  240   49   53   277  265   81   95  0.13 0.09 0.40 0.44

30JUN2016  23:52:47  Gain: 21  Zoff: 241 312 392 223
No   Time    G  PAR    F1   F2   F3   F4   Fm1  Fm2  Fm3  Fm4    Y1   Y2   Y3   Y4
 1 23:52:47 21   64   240  238   51   55   267  268   83   98  0.10 0.11 0.39 0.44
 2 23:53:09 21   16   237  238   49   53   279  271   87  100  0.15 0.12 0.44 0.47
 3 23:53:29 21   64   237  238   49   54   267  277   82  100  0.11 0.14 0.40 0.46
 4 23:53:49 21    1   237  236   50   55   271  272   81  103  0.13 0.13 0.38 0.47
 5 23:54:10 21  192   235  232   51   56   263  274   82   94  0.11 0.15 0.38 0.40
 6 23:54:30 21  256   234  231   53   57   264  267   79  103  0.11 0.13 0.33 0.45
 7 23:54:50 21  320   234  229   54   59   258  262   84  102  0.09 0.13 0.36 0.42
 8 23:55:10 21  384   236  228   58   63   269  264   83  112  0.12 0.14 0.30 0.44
 9 23:55:31 21  448   235  225   59   64   263  258   83  103  0.11 0.13 0.29 0.38
10 23:55:51 21  512   233  223   59   64   267  252   82  109  0.13 0.12 0.28 0.41
11 23:56:11 21  576   232  220   60   66   259  247   83  101  0.10 0.11 0.28 0.35
12 23:56:32 21  640   230  216   61   66   252  244   87  103  0.09 0.11 0.30 0.36
13 23:56:52 21  704   230  215   63   69   252  251   92  108  0.09 0.14 0.32 0.36
14 23:57:12 21  832   231  213   66   72   259  242   90  118  0.11 0.12 0.27 0.39
;            Ch1    Ch2    Ch3    Ch4      blue   green  brown
;  alpha:   0.254  0.304  0.888  0.982    -0.000 -0.000  0.390
; ETRmax:   202.9 1879.4 1491.9  831.3       0.0    0.0 1760.6
;     Ik:   799.0 6179.1 1679.4  846.8       0.0    0.0 4512.1
;References: BL_US PMDA0174.REF2 GR_US PMDA0174.REF2 BR_US PMDA0174.REF2

;LTM 120m_06302016

01JUL2016  00:01:08  Gain: 21  Zoff: 241 312 392 223
No   Time    G  PAR    F1   F2   F3   F4   Fm1  Fm2  Fm3  Fm4    Y1   Y2   Y3   Y4
 1 00:01:34 21   64   389  391   89   93   411  423  114  137  0.05 0.08 0.22 0.32

01JUL2016  00:01:42  Gain: 21  Zoff: 241 312 392 223
No   Time    G  PAR    F1   F2   F3   F4   Fm1  Fm2  Fm3  Fm4    Y1   Y2   Y3   Y4
 1 00:01:43 21   64   385  384   90   94   409  406  118  140  0.06 0.05 0.24 0.33
 2 00:02:05 21   16   378  379   87   90   405  406  116  137  0.07 0.07 0.25 0.34
 3 00:02:25 21   64   372  372   86   89   403  401  108  132  0.08 0.07 0.20 0.33
 4 00:02:45 21  128   363  362   84   87   385  385  100  131  0.06 0.06 0.16 0.34
 5 00:03:05 21  192   358  355   82   86   380  380  108  121  0.06 0.07 0.24 0.29
 6 00:03:26 21  256   352  346   83   88   381  377  106  136  0.08 0.08 0.22 0.35
 7 00:03:46 21  320   345  337   84   88   365  360  112  132  0.05 0.06 0.25 0.33
 8 00:04:06 21  384   335  325   82   86   365  347  107  122  0.08 0.06 0.23 0.30
 9 00:04:27 21  448   325  314   79   84   355  340  108  127  0.08 0.08 0.27 0.34
10 00:04:47 21  512   319  306   79   84   339  326  104  119  0.06 0.06 0.24 0.29
11 00:05:07 21  576   313  297   79   84   336  326  103  116  0.07 0.09 0.23 0.28
12 00:05:27 21  640   306  289   79   83   329  303  101  121  0.07 0.05 0.22 0.31
13 00:05:48 21  704   298  279   78   82   316  295   95  123  0.06 0.05 0.18 0.33
14 00:06:08 21  832   290  267   78   83   311  296  106  119  0.07 0.10 0.26 0.30
;            Ch1    Ch2    Ch3    Ch4      blue   green  brown
;  alpha:   0.156  0.140  0.463  0.741    -0.000 -0.000  0.210
; ETRmax:  1759.6 13652.9  651.9 7024.5       0.0    0.0 1905.8
;     Ik:  11294.5 97511.2 1409.2 9475.6       0.0    0.0 9082.5
;References: BL_US PMDA0174.REF2 GR_US PMDA0174.REF2 BR_US PMDA0174.REF2


;LTM 130m_06302016

01JUL2016  00:09:52  Gain: 21  Zoff: 241 312 392 223
No   Time    G  PAR    F1   F2   F3   F4   Fm1  Fm2  Fm3  Fm4    Y1   Y2   Y3   Y4
 1 00:10:13 21   64   335  338   73   77   366  375  101  118  0.08 0.10 0.28 0.35

01JUL2016  00:10:19  Gain: 21  Zoff: 241 312 392 223
No   Time    G  PAR    F1   F2   F3   F4   Fm1  Fm2  Fm3  Fm4    Y1   Y2   Y3   Y4
 1 00:10:20 21   64   333  334   75   78   362  361   92  119  0.08 0.07 0.18 0.34
 2 00:10:41 21   16   326  329   72   75   357  369  101  121  0.09 0.11 0.29 0.38
 3 00:11:01 21   64   323  325   70   74   352  358   99  119  0.08 0.09 0.29 0.38
 4 00:11:22 21  128   318  318   70   73   341  353   95  115  0.07 0.10 0.26 0.37
 5 00:11:42 21  192   311  310   70   73   338  330   95  113  0.08 0.06 0.26 0.35
 6 00:12:02 21  256   305  302   70   74   340  326   96  112  0.10 0.07 0.27 0.34
 7 00:12:23 21  320   299  294   70   73   324  321   97  112  0.08 0.08 0.28 0.35
 8 00:12:43 21  384   294  287   70   73   317  318   95  112  0.07 0.10 0.26 0.35
 9 00:13:03 21  448   288  280   69   73   314  303  101  119  0.08 0.08 0.32 0.39
10 00:13:23 21  512   282  272   70   73   310  297   98  116  0.09 0.08 0.29 0.37
11 00:13:44 21  576   276  264   69   72   299  290   96  107  0.08 0.09 0.28 0.33
12 00:14:04 21  640   270  258   69   71   295  285   84  113  0.08 0.09 0.18 0.37
13 00:14:24 21  704   265  251   69   73   290  281   92  108  0.09 0.11 0.25 0.32
14 00:14:45 21  832   262  244   71   75   293  277   95  116  0.11 0.12 0.25 0.35
;            Ch1    Ch2    Ch3    Ch4      blue   green  brown
;  alpha:   0.169  0.156  0.551  0.824    -0.000 -0.000  0.248
; ETRmax:  11998.9  743.4  290.1 11536.6       0.0    0.0 111887.6
;     Ik:  70954.3 4754.7  526.6 14009.2       0.0    0.0 451201.3
;References: BL_US PMDA0174.REF2 GR_US PMDA0174.REF2 BR_US PMDA0174.REF2

;LTM 140m_06302016

01JUL2016  00:18:34  Gain: 21  Zoff: 241 312 392 223
No   Time    G  PAR    F1   F2   F3   F4   Fm1  Fm2  Fm3  Fm4    Y1   Y2   Y3   Y4
 1 00:18:58 21   64   230  227   43   45   255  260   71   84  0.10 0.13 0.39 0.46

01JUL2016  00:19:10  Gain: 21  Zoff: 241 312 392 223
No   Time    G  PAR    F1   F2   F3   F4   Fm1  Fm2  Fm3  Fm4    Y1   Y2   Y3   Y4
 1 00:19:10 21   64   230  225   44   47   263  258   66   90  0.13 0.13 0.33 0.48
 2 00:19:32 21   16   225  223   43   45   252  252   66   88  0.11 0.12 0.35 0.49
 3 00:19:52 21   64   219  216   40   43   251  249   71   81  0.13 0.13 0.44 0.47
 4 00:20:12 21  128   219  215   42   45   243  246   70   87  0.10 0.13 0.40 0.48
 5 00:20:33 21  192   213  207   42   44   237  237   65   82  0.10 0.13 0.35 0.46
 6 00:20:53 21  256   208  200   41   45   236  227   61   88  0.12 0.12 0.33 0.49
 7 00:21:13 21  320   204  194   41   45   224  225   65   83  0.09 0.14 0.37 0.46
 8 00:21:33 21  384   198  186   41   45   220  218   61   80  0.10 0.15 0.33 0.44
 9 00:21:54 21  448   194  180   43   46   224  212   72   86  0.13 0.15 0.40 0.47
10 00:22:14 21  512   191  176   44   49   213  200   71   95  0.10 0.12 0.38 0.48
11 00:22:34 21  576   185  169   45   48   207  191   74   86  0.11 0.12 0.39 0.44
12 00:22:54 21  640   179  161   44   48   205  177   67   86  0.13 0.09 0.34 0.44
13 00:23:15 21  704   175  155   43   47   202  183   67   85  0.13 0.15 0.36 0.45
14 00:23:35 21  832   174  150   45   49   203  174   70   80  0.14 0.14 0.36 0.39
;            Ch1    Ch2    Ch3    Ch4      blue   green  brown
;  alpha:   0.237  0.300  0.837  1.065    -0.000 -0.000  0.380
; ETRmax:  86345.7 4727.7 10230.0 1023.3       0.0    0.0 728961.5
;     Ik:  363907.8 15748.9 12216.6  960.8       0.0    0.0 1916288.
;References: BL_US PMDA0174.REF2 GR_US PMDA0174.REF2 BR_US PMDA0174.REF2

;LTM 150m_06302016

01JUL2016  00:27:29  Gain: 21  Zoff: 241 312 392 223
No   Time    G  PAR    F1   F2   F3   F4   Fm1  Fm2  Fm3  Fm4    Y1   Y2   Y3   Y4
 1 00:27:41 21   64   206  202   37   39   230  228   64   83  0.10 0.11 0.42 0.53

01JUL2016  00:28:02  Gain: 21  Zoff: 241 312 392 223
No   Time    G  PAR    F1   F2   F3   F4   Fm1  Fm2  Fm3  Fm4    Y1   Y2   Y3   Y4
 1 00:28:02 21   64   198  194   35   37   221  224   60   76  0.10 0.13 0.42 0.51
 2 00:28:24 21   16   197  193   35   37   228  220   65   85  0.14 0.12 0.46 0.56
 3 00:28:44 21   64   193  189   33   36   228  215   59   78  0.15 0.12 0.44 0.54
 4 00:29:04 21  128   189  183   33   36   221  209   65   77  0.14 0.12 0.49 0.53
 5 00:29:24 21  192   185  177   34   37   212  207   59   83  0.13 0.14 0.42 0.55
 6 00:29:45 21  256   180  171   34   37   208  198   61   85  0.13 0.14 0.44 0.56
 7 00:30:05 21  320   176  165   34   37   203  192   59   81  0.13 0.14 0.42 0.54
 8 00:30:25 21  384   172  158   35   38   202  183   64   85  0.15 0.14 0.45 0.55
 9 00:30:46 21  448   169  153   35   38   193  178   64   70  0.12 0.14 0.45 0.46
10 00:31:06 21  512   165  147   36   39   190  174   55   73  0.13 0.16 0.35 0.47
11 00:31:26 21  576   161  142   36   40   186  168   63   77  0.13 0.15 0.43 0.48
12 00:31:46 21  640   158  137   36   40   183  155   70   81  0.14 0.12 0.49 0.51
13 00:32:07 21  704   155  132   37   41   175  153   60   84  0.11 0.14 0.38 0.51
14 00:32:27 21  832   152  127   39   44   171  151   61   82  0.11 0.16 0.36 0.46
;            Ch1    Ch2    Ch3    Ch4      blue   green  brown
;  alpha:   0.294  0.298  1.031  1.258    -0.000 -0.000  0.442
; ETRmax:   181.1 3096.0 2070.3 1734.7       0.0    0.0 3519.6
;     Ik:   616.1 10390.9 2007.8 1379.1       0.0    0.0 7965.9
;References: BL_US PMDA0174.REF2 GR_US PMDA0174.REF2 BR_US PMDA0174.REF2

;LTM 160m_06302016

01JUL2016  00:36:18  Gain: 21  Zoff: 241 312 392 223
No   Time    G  PAR    F1   F2   F3   F4   Fm1  Fm2  Fm3  Fm4    Y1   Y2   Y3   Y4
 1 00:36:28 21   64    98   93    6    8   128  118   35   53  0.23 0.21 ---- ----

01JUL2016  00:36:38  Gain: 21  Zoff: 241 312 392 223
No   Time    G  PAR    F1   F2   F3   F4   Fm1  Fm2  Fm3  Fm4    Y1   Y2   Y3   Y4
 1 00:36:38 21   64    97   90    7   10   126  116   28   52  0.23 0.22 ---- ----
 2 00:37:00 21   16    95   91    6    9   123  120   32   52  0.23 0.24 ---- ----
 3 00:37:20 21   64    93   88    5    8   116  117   31   49  0.20 0.25 ---- ----
 4 00:37:40 21  128    93   87    7   10   120  111   27   49  0.23 0.22 ---- ----
 5 00:38:01 21  192    92   84    8   11   120  118   29   57  0.23 0.29 ---- ----
 6 00:38:21 21  256    91   81    9   13   119  111   40   64  0.24 0.27 ---- ----
 7 00:38:41 21  320    89   77   10   14   115  106   37   56  0.23 0.27 ---- ----
 8 00:39:02 21  384    89   75   12   16   114  103   35   61  0.22 0.27 ---- ----
 9 00:39:22 21   94    75   58  -16  134   122  105   42   56  0.39 0.45 ---- ----
10 00:39:42 21  512    82   74    4    9   106  105   28   51  0.23 0.30 ---- ----
11 00:40:02 21  576    88   70   15   20   112   96   40   63  0.21 0.27 ---- ----
12 00:40:23 21  640    88   66   18   23   113   94   37   59  0.22 0.30 ---- 0.61
13 00:40:43 21  704    87   64   20   25   115   91   43   59  0.24 0.30 ---- 0.58
14 00:41:03 21  832    88   62   23   29   119   91   49   71  0.26 0.32 0.53 0.59
;            Ch1    Ch2    Ch3    Ch4      blue   green  brown
;  alpha:   0.498  0.638  2.873  1.402    -0.000 -0.000  0.776
; ETRmax:   347.6  721.6  995.2 2852.8       0.0    0.0 3206.2
;     Ik:   697.6 1131.1  346.4 2034.7       0.0    0.0 4130.8
;References: BL_US PMDA0174.REF2 GR_US PMDA0174.REF2 BR_US PMDA0174.REF2

;LTM 170m_06302016

01JUL2016  00:47:35  Gain: 21  Zoff: 241 312 392 223
No   Time    G  PAR    F1   F2   F3   F4   Fm1  Fm2  Fm3  Fm4    Y1   Y2   Y3   Y4
 1 00:47:47 21   64    79   75   -1   -1   104  107   28   38  0.24 0.30 ---- ----

01JUL2016  00:48:00  Gain: 21  Zoff: 241 312 392 223
No   Time    G  PAR    F1   F2   F3   F4   Fm1  Fm2  Fm3  Fm4    Y1   Y2   Y3   Y4
 1 00:48:00 21   64    79   73    0    1   105  104   30   42  0.25 0.30 ---- ----
 2 00:48:22 21   16    77   73    0    0   106  108   27   39  0.27 0.32 ---- ----
 3 00:48:42 21   64    76   71   -1    0   102  102   24   43  0.25 0.30 ---- ----
 4 00:49:03 21  128    76   70    0    1   101   97   26   37  0.25 0.28 ---- ----
 5 00:49:23 21  192    75   67    2    3   101   92   44   43  0.26 0.27 ---- ----
 6 00:49:43 21  256    74   64    3    4    97   91   34   44  0.24 0.30 ---- ----
 7 00:50:03 21  320    73   62    4    6   106   83   36   57  0.31 0.25 ---- ----
 8 00:50:24 21  384    74   61    6    8   101   89   36   45  0.27 0.31 ---- ----
 9 00:50:44 21  448    73   58    8   10   101   91   34   48  0.28 0.36 ---- ----
10 00:51:04 21  512    72   55    9   11    97   82   28   48  0.26 0.33 ---- ----
11 00:51:25 21  576    62   44  -12   81    97   78   39   53  0.36 0.44 ---- ----
12 00:51:45 21  640    71   51   12   15    94   85   31   52  0.24 0.40 ---- ----
13 00:52:05 21    1    71   49   13   16    95   79   43   51  0.25 0.38 ---- ----
14 00:52:25 21  832    72   46   16   20   103   77   48   63  0.30 0.40 ---- ----
;            Ch1    Ch2    Ch3    Ch4      blue   green  brown
;  alpha:   0.602  0.651 -0.000 -0.000    -0.000 -0.000  0.875
; ETRmax:  3579.4 1301317.    0.0    0.0       0.0    0.0 32891.9
;     Ik:  5944.6 1998664.    0.0    0.0       0.0    0.0 37572.5
;References: BL_US PMDA0174.REF2 GR_US PMDA0174.REF2 BR_US PMDA0174.REF2

;LTM 180m_06302016

01JUL2016  00:55:46  Gain: 21  Zoff: 241 312 392 223
No   Time    G  PAR    F1   F2   F3   F4   Fm1  Fm2  Fm3  Fm4    Y1   Y2   Y3   Y4
 1 00:55:56 21   64    32   25  -15  -14    71   54   13   31  0.55 0.54 ---- ----

01JUL2016  00:56:07  Gain: 21  Zoff: 241 312 392 223
No   Time    G  PAR    F1   F2   F3   F4   Fm1  Fm2  Fm3  Fm4    Y1   Y2   Y3   Y4
 1 00:56:24 21   64   211  204  -15   61   -12  -59  147   80  ---- ---- ---- 0.24
 2 00:56:46 21   16    33   26  -14  -12    65   54   12   30  0.49 0.52 ---- ----
 3 00:57:06 21   64    33   26  -14  -12    62   59   10   35  0.47 0.56 ---- ----
 4 00:57:26 21  128    33   25  -12  -10    63   62   10   30  0.48 0.60 ---- ----
 5 00:57:47 21  192    34   24  -10   -9    61   52   17   27  0.44 0.54 ---- ----
 6 00:58:07 21  256    33   21   -9   -8    61   44   18   37  0.46 0.52 ---- ----
 7 00:58:27 21  320    32   19   -8   -5    56   47   14   29  0.43 ---- ---- ----
 8 00:58:47 21  384    33   19   -6   -4    60   43   27   41  0.45 ---- ---- ----
 9 00:59:08 21  448    33   17   -4   -2    60   49   22   46  0.45 ---- ---- ----
10 00:59:28 21  512    34   16   -2    0    63   40   23   43  0.46 ---- ---- ----
11 00:59:48 21  576    35   15    0    3    59   46   26   39  0.41 ---- ---- ----
12 01:00:09 21  640    36   15    2    5    60   42   27   35  0.40 ---- ---- ----
13 01:00:29 21  704    38   14    4    7    64   45   27   45  0.41 ---- ---- ----
14 01:00:49 21  832    39   12    7   12    63   45   26   51  0.38 ---- ---- ----
;            Ch1    Ch2    Ch3    Ch4      blue   green  brown
;  alpha:   1.032  1.317 -0.000  0.724    -0.000 -0.000  1.325
; ETRmax:   743.5  980.2    0.0   40.2       0.0    0.0  664.1
;     Ik:   720.3  744.0    0.0   55.5       0.0    0.0  501.3
;References: BL_US PMDA0174.REF2 GR_US PMDA0174.REF2 BR_US PMDA0174.REF2

;LTM 190m_06302016

01JUL2016  01:04:39  Gain: 21  Zoff: 241 312 392 223
No   Time    G  PAR    F1   F2   F3   F4   Fm1  Fm2  Fm3  Fm4    Y1   Y2   Y3   Y4
 1 01:04:51 21   64    45   38  -12  -12    82   65   16   30  0.45 0.42 ---- ----

01JUL2016  01:05:00  Gain: 21  Zoff: 241 312 392 223
No   Time    G  PAR    F1   F2   F3   F4   Fm1  Fm2  Fm3  Fm4    Y1   Y2   Y3   Y4
 1 01:05:03 21    1   231  375  -55   88    -5  -55  153   92  ---- ---- ---- ----
 2 01:05:25 21   16    44   37  -12  -12    69   67   13   29  0.36 0.45 ---- ----
 3 01:05:45 21   64    43   35  -12  -12    73   72   16   37  0.41 0.51 ---- ----
 4 01:06:05 21  128    44   36  -10  -10    74   76   16   31  0.41 0.53 ---- ----
 5 01:06:26 21  192    43   33   -9   -9    66   63   13   39  0.35 0.48 ---- ----
 6 01:06:46 21  256    42   30   -7   -8    73   63   19   35  0.42 0.52 ---- ----
 7 01:07:06 21  320    41   28   -6   -6    69   52   19   39  0.41 0.46 ---- ----
 8 01:07:26 21  384    41   26   -4   -5    72   57   13   40  0.43 0.54 ---- ----
 9 01:07:47 21  448    41   24   -3   -3    73   57   26   39  0.44 0.58 ---- ----
10 01:08:07 21  512    41   22   -1   -2    72   52   25   39  0.43 0.58 ---- ----
11 01:08:27 21  576    42   21    0    1    66   46   19   42  0.36 0.54 ---- ----
12 01:08:47 21  640    43   19    2    2    63   49   27   39  0.32 ---- ---- ----
13 01:09:08 21  704    42   17    3    4    70   47   27   41  0.40 ---- ---- ----
14 01:09:28 21  832    43   15    6    7    71   46   33   46  0.39 ---- ---- ----
;            Ch1    Ch2    Ch3    Ch4      blue   green  brown
;  alpha:   0.851  1.016 -0.000 -0.000    -0.000 -0.000  1.293
; ETRmax:   607.0 4197.3    0.0    0.0       0.0    0.0 2783.6
;     Ik:   713.0 4131.8    0.0    0.0       0.0    0.0 2153.2
;References: BL_US PMDA0174.REF2 GR_US PMDA0174.REF2 BR_US PMDA0174.REF2

;LTM 200m_06302016

01JUL2016  01:12:57  Gain: 21  Zoff: 241 312 392 223
No   Time    G  PAR    F1   F2   F3   F4   Fm1  Fm2  Fm3  Fm4    Y1   Y2   Y3   Y4
 1 01:13:09 21   64    62   56   -7   -6    88   92   19   36  0.30 0.39 ---- ----

01JUL2016  01:13:22  Gain: 21  Zoff: 241 312 392 223
No   Time    G  PAR    F1   F2   F3   F4   Fm1  Fm2  Fm3  Fm4    Y1   Y2   Y3   Y4
 1 01:13:34 21   64     7   -1  -53  120     2  -47  175  107  ---- ---- ---- ----
 2 01:13:55 21   16    61   55   -6   -5    87   93   27   32  0.30 0.41 ---- ----
 3 01:14:15 21   64    59   53   -6   -5    86   89   19   41  0.31 0.40 ---- ----
 4 01:14:36 21  128    59   51   -5   -4    84   77   22   39  0.30 0.34 ---- ----
 5 01:14:56 21  192    58   50   -4   -3    86   74   24   40  0.33 0.32 ---- ----
 6 01:15:16 21  256    56   45   -4   -3    78   80   18   38  0.28 0.44 ---- ----
 7 01:15:37 21  320    53   41   -4   -2    83   75   21   33  0.36 0.45 ---- ----
 8 01:15:57 21  384    54   40   -1    0    85   71   26   42  0.36 0.44 ---- ----
 9 01:16:17 21  448    56   40    1    3    85   60   24   43  0.34 0.33 ---- ----
10 01:16:37 21  512    56   39    2    5    77   67   23   45  0.27 0.42 ---- ----
11 01:16:58 21  576    55   35    4    6    81   67   25   46  0.32 0.48 ---- ----
12 01:17:18 21  640    54   33    5    7    83   61   29   51  0.35 0.46 ---- ----
13 01:17:38 21  704    54   31    7    9    79   56   33   47  0.32 0.45 ---- ----
14 01:17:59 21  832    55   29    9   12    81   49   34   47  0.32 0.41 ---- ----
;            Ch1    Ch2    Ch3    Ch4      blue   green  brown
;  alpha:   0.656  0.834 -0.000 -0.000    -0.000 -0.000  0.957
; ETRmax:   484.9  859.7    0.0    0.0       0.0    0.0  679.0
;     Ik:   738.7 1031.4    0.0    0.0       0.0    0.0  709.4
;References: BL_US PMDA0174.REF2 GR_US PMDA0174.REF2 BR_US PMDA0174.REF2