;LTM 0m_20160203

03FEB2016  20:27:39  Gain: 21  Zoff: 188 230 175 173
No   Time    G  PAR    F1   F2   F3   F4   Fm1  Fm2  Fm3  Fm4    Y1   Y2   Y3   Y4
 1 20:27:40 21   16   108  166   71   75   267  294  164  199  0.60 0.44 0.57 0.62
 2 20:28:01 21   16   127  180   79   87   299  318  178  229  0.58 0.43 0.56 0.62
 3 20:28:22 21   64   153  214   94  105   320  366  191  241  0.52 0.42 0.51 0.56
 4 20:28:42 21  128   171  231  104  118   338  398  199  263  0.49 0.42 0.48 0.55
 5 20:29:02 21  192   184  243  111  127   338  413  209  265  0.46 0.41 0.47 0.52
 6 20:29:22 21  256   194  251  115  134   340  418  207  270  0.43 0.40 0.44 0.50
 7 20:29:43 21  320   203  258  120  141   346  420  204  268  0.41 0.39 0.41 0.47
 8 20:30:03 21  384   211  263  124  146   352  424  214  267  0.40 0.38 0.42 0.45
 9 20:30:23 21  448   220  267  129  153   348  405  213  268  0.37 0.34 0.39 0.43
10 20:30:44 21  512   217  265  131  154   332  392  209  263  0.35 0.32 0.37 0.41
11 20:31:04 21  576   208  260  129  153   307  387  195  250  0.32 0.33 0.34 0.39
12 20:31:24 21  640   192  252  123  144   276  357  191  227  0.30 0.29 0.36 0.37
13 20:31:44 21  704   172  241  115  132   252  350  176  221  0.32 0.31 0.35 0.40
14 20:32:05 21  832   160  229  113  124   226  324  161  196  0.29 0.29 0.30 0.37
;            Ch1    Ch2    Ch3    Ch4      blue   green  brown
;  alpha:   1.317  1.000  1.249  1.392     1.194 -0.000  1.239
; ETRmax:   992.6  687.8  845.6 1485.2    1295.2    0.0 1169.8
;     Ik:   753.9  687.6  676.8 1066.8    1084.8    0.0  943.9
;References: BL_US PMDA0174.REF2 GR_US PMDA0174.REF2 BR_US PMDA0174.REF2

;LTM 20m_20160203

03FEB2016  20:35:35  Gain: 21  Zoff: 188 230 175 173
No   Time    G  PAR    F1   F2   F3   F4   Fm1  Fm2  Fm3  Fm4    Y1   Y2   Y3   Y4
 1 20:35:36 21   16   128  209   93   98   288  349  204  249  0.56 0.40 0.54 0.61
 2 20:35:58 21   16   129  210   94  100   280  355  206  244  0.54 0.41 0.54 0.59
 3 20:36:18 21   64   137  233  102  108   276  410  215  242  0.50 0.43 0.53 0.55
 4 20:36:38 21  128   135  239  103  109   247  429  201  238  0.45 0.44 0.49 0.54
 5 20:36:58 21  192   132  240  103  109   222  420  190  217  0.41 0.43 0.46 0.50
 6 20:37:19 21  256   129  241  103  109   212  414  181  208  0.39 0.42 0.43 0.48
 7 20:37:39 21  320   128  242  103  109   199  392  168  199  0.36 0.38 0.39 0.45
 8 20:37:59 21  384   125  243  104  109   194  386  166  190  0.36 0.37 0.37 0.43
 9 20:38:19 21  448   124  245  104  109   186  382  164  195  0.33 0.36 0.37 0.44
10 20:38:40 21  512   124  247  107  111   180  382  166  186  0.31 0.35 0.36 0.40
11 20:39:00 21  576   124  249  110  114   181  381  169  189  0.31 0.35 0.35 0.40
12 20:39:20 21  640   128  255  111  123   179  380  169  195  0.28 0.33 0.34 0.37
13 20:39:41 21  704   125  256  116  120   176  375  172  196  0.29 0.32 0.33 0.39
14 20:40:01 21  832   129  261  121  125   169  379  175  196  0.24 0.31 0.31 0.36
;            Ch1    Ch2    Ch3    Ch4      blue   green  brown
;  alpha:   1.238  1.085  1.238  1.339     1.447 -0.000  1.133
; ETRmax:   833.3 1510.2 1175.5 1524.7     673.8    0.0  851.4
;     Ik:   672.9 1391.6  949.5 1139.0     465.7    0.0  751.8
;References: BL_US PMDA0174.REF2 GR_US PMDA0174.REF2 BR_US PMDA0174.REF2

;LTM 40m_20160203

03FEB2016  20:53:14  Gain: 21  Zoff: 188 230 175 173
No   Time    G  PAR    F1   F2   F3   F4   Fm1  Fm2  Fm3  Fm4    Y1   Y2   Y3   Y4
 1 20:53:15 21   16    98  158   73   75   258  328  179  222  0.62 0.52 0.59 0.66
 2 20:53:36 21   16    87  152   68   70   242  308  186  228  0.64 0.51 0.63 0.69
 3 20:53:57 21   64   101  166   80   83   227  311  174  203  0.56 0.47 0.54 0.59
 4 20:54:17 21  128   104  169   84   88   205  299  170  196  0.49 0.43 0.51 0.55
 5 20:54:37 21  192   103  169   84   89   204  293  159  187  0.50 0.42 0.47 0.52
 6 20:54:57 21  256   103  171   85   91   188  289  159  175  0.45 0.41 0.47 0.48
 7 20:55:18 21  320   106  173   87   92   185  283  147  178  0.43 0.39 0.41 0.48
 8 20:55:38 21  384   110  176   91   97   186  287  149  172  0.41 0.39 0.39 0.44
 9 20:55:58 21  448   115  180   95  102   189  286  156  179  0.39 0.37 0.39 0.43
10 20:56:19 21  512   124  187  100  108   192  289  152  186  0.35 0.35 0.34 0.42
11 20:56:39 21  576   140  201  108  119   209  306  159  194  0.33 0.34 0.32 0.39
12 20:56:59 21  640   161  220  115  129   236  315  161  206  0.32 0.30 0.29 0.37
13 20:57:19 21  704   176  234  121  136   245  319  171  206  0.28 0.27 0.29 0.34
14 20:57:40 21  832   184  239  127  142   231  317  176  211  0.20 0.25 0.28 0.33
;            Ch1    Ch2    Ch3    Ch4      blue   green  brown
;  alpha:   1.237  1.131  1.303  1.403     1.318 -0.000  1.361
; ETRmax:   441.8  530.1  527.9  787.5     923.7    0.0  966.8
;     Ik:   357.0  468.5  405.1  561.4     701.0    0.0  710.3
;References: BL_US PMDA0174.REF2 GR_US PMDA0174.REF2 BR_US PMDA0174.REF2

;LTM 60m_20160203

03FEB2016  21:17:39  Gain: 21  Zoff: 188 230 175 173
No   Time    G  PAR    F1   F2   F3   F4   Fm1  Fm2  Fm3  Fm4    Y1   Y2   Y3   Y4
 1 21:17:39 21   16    43   11   35   35   157   97  114  147  0.73 ---- 0.69 0.76
 2 21:18:01 21   16    38    7   33   32   158   90  116  149  0.76 ---- 0.72 0.79
 3 21:18:21 21   64    52   14   41   43   135   81  101  131  0.61 ---- 0.59 0.67
 4 21:18:41 21  128    54   15   44   46   121   67   92  114  0.55 ---- 0.52 0.60
 5 21:19:02 21  192    56   15   47   49   110   63   86  111  0.49 ---- 0.45 0.56
 6 21:19:22 21  256    58   15   49   51   113   61   87  109  0.49 ---- 0.44 0.53
 7 21:19:42 21  320    60   15   51   54   105   54   89  107  0.43 ---- 0.43 0.50
 8 21:20:03 21  384    62   15   53   56   108   57   89  110  0.43 ---- 0.40 0.49
 9 21:20:23 21  448    64   16   55   59   107   60   81  111  0.40 ---- 0.32 0.47
10 21:20:43 21  512    67   17   58   61   110   58   89  112  0.39 ---- 0.35 0.46
11 21:21:03 21  576    69   18   60   63   108   57   89  113  0.36 ---- 0.33 0.44
12 21:21:24 21  640    70   18   61   65   103   56   93  108  0.32 ---- 0.34 0.40
13 21:21:44 21  704    70   17   63   66   102   55   89  108  0.31 ---- 0.29 0.39
14 21:22:04 21  832    72   15   65   70   100   52   94  113  0.28 ---- 0.31 0.38
;            Ch1    Ch2    Ch3    Ch4      blue   green  brown
;  alpha:   1.489 -0.000  1.406  1.552     1.052  1.644 -0.000
; ETRmax:   701.2    0.0  910.0 1450.1    2482.2 1035.8    0.0
;     Ik:   471.0    0.0  647.3  934.5    2360.3  629.9    0.0
;References: BL_US PMDA0174.REF2 GR_US PMDA0174.REF2 BR_US PMDA0174.REF2

;LTM 60m_20160203

03FEB2016  21:28:53  Gain: 23  Zoff: 406 496 378 373
No   Time    G  PAR    F1   F2   F3   F4   Fm1  Fm2  Fm3  Fm4    Y1   Y2   Y3   Y4
 1 21:28:54 23   16    70   -2   57   60   289  153  190  267  0.76 ---- 0.70 0.78
 2 21:29:15 23   16    64   -7   52   54   273  136  191  264  0.77 ---- 0.73 0.80
 3 21:29:35 23   64    86    2   65   72   223  121  163  217  0.61 ---- 0.60 0.67
 4 21:29:56 23  128    96    8   75   83   209  104  140  212  0.54 ---- 0.46 0.61
 5 21:30:16 23  192   112   15   86   97   209  100  159  209  0.46 ---- 0.46 0.54
 6 21:30:36 23  256   123   24   94  106   197  101  153  193  0.38 0.76 0.39 0.45
 7 21:30:57 23  320   125   25   95  108   197   99  141  194  0.37 0.75 0.33 0.44
 8 21:31:17 23  384   120   18   92  104   166   95  140  171  0.28 ---- 0.34 0.39
 9 21:31:37 23  448   114   13   89  100   167   75  131  183  0.32 ---- 0.32 0.45
10 21:31:57 23  512   111   10   90  100   161   68  130  175  0.31 ---- 0.31 0.43
11 21:32:18 23  576   114   11   92  104   155   56  125  173  0.26 ---- 0.26 0.40
12 21:32:38 23  640   116   13   95  108   167   54  128  167  0.31 ---- 0.26 0.35
13 21:32:58 23  704   119   14   97  111   170   56  130  182  0.30 ---- 0.25 0.39
14 21:33:19 23  832    57  -26   48   89   141   66  136  184  0.60 ---- 0.65 0.52
;            Ch1    Ch2    Ch3    Ch4      blue   green  brown
;  alpha:   1.300  1.862  1.182  1.445    -0.000  1.682 -0.000
; ETRmax:  1029.5 3294.2 1235.3 1502.9       0.0 1162.3    0.0
;     Ik:   791.9 1769.4 1045.0 1040.0       0.0  690.8    0.0
;References: BL_US PMDA0174.REF2 GR_US PMDA0174.REF2 BR_US PMDA0174.REF2

LTM 80m_20160203

03FEB2016  21:36:17  Gain: 23  Zoff: 406 496 378 373
No   Time    G  PAR    F1   F2   F3   F4   Fm1  Fm2  Fm3  Fm4    Y1   Y2   Y3   Y4
 1 21:36:18 23   16    12  -25   15   10   105   52   78  106  ---- ---- ---- ----
 2 21:36:40 23   16    12  -26   16   11   110   61  101  128  ---- ---- ---- ----
 3 21:37:00 23   64    23  -20   21   19    89   49   80  107  0.74 ---- 0.74 ----
 4 21:37:20 23  128    29  -19   27   25    79   40   68  102  0.63 ---- 0.60 0.75
 5 21:37:40 23  192    33  -18   31   29    74   27   65  100  0.55 ---- 0.52 0.71
 6 21:38:01 23  256    37  -18   36   35    86   32   71  109  0.57 ---- 0.49 0.68
 7 21:38:21 23  320    40  -17   38   38    68   20   70  100  0.41 ---- 0.46 0.62
 8 21:38:41 23  384    40  -18   40   40    74   25   80  107  0.46 ---- 0.50 0.63
 9 21:39:01 23  448    39  -20   41   40    74   35   70   85  0.47 ---- 0.41 0.53
10 21:39:22 23  512    39  -21   42   42    63   22   78  113  0.38 ---- 0.46 0.63
11 21:39:42 23  576    42  -21   44   45    79   23   62  101  0.47 ---- 0.29 0.55
12 21:40:02 23  640    42  -21   46   47    77   33   74  101  0.45 ---- 0.38 0.53
13 21:40:23 23  704    42  -22   47   49    77   18   74  113  0.45 ---- 0.36 0.57
14 21:40:43 23  832   -30  -71  -13   18    50   18   62  120  ---- ---- ---- ----
;            Ch1    Ch2    Ch3    Ch4      blue   green  brown
;  alpha:   1.657 -0.000  1.736  1.813     1.744  2.049 -0.000
; ETRmax:  1279.2    0.0  934.2 2400.5    1028.2 2115.2    0.0
;     Ik:   771.9    0.0  538.1 1324.3     589.6 1032.3    0.0
;References: BL_US PMDA0174.REF2 GR_US PMDA0174.REF2 BR_US PMDA0174.REF2

;LTM 100m_20160203

03FEB2016  21:46:57  Gain: 23  Zoff: 406 496 378 373
No   Time    G  PAR    F1   F2   F3   F4   Fm1  Fm2  Fm3  Fm4    Y1   Y2   Y3   Y4
;    Time    G  PAR    F1   F2   F3   F4     c(Bl)   c(Gr)   c(Br)   Sum c  Total c  c/F(Bl) c/F(Br)
cF 21:47:14 23   16   -32  -44  -17  -29     ----    ----    ----    0.00 ----    1.25    0.75
; Based on Chlorophyll Calibration file default_PMDA0174.cal

03FEB2016  22:01:51  Gain: 23  Zoff: 0 0 0 0
No   Time    G  PAR    F1   F2   F3   F4   Fm1  Fm2  Fm3  Fm4    Y1   Y2   Y3   Y4
Gain: 23  Zoff: 0 0 0 0
 1 22:01:51 23   16   372  444  366  348   435  493  417  433  0.14 0.10 0.12 0.20
 2 22:02:13 23   16   372  443  367  350   429  508  410  434  0.13 0.13 0.10 0.19
 3 22:02:33 23   64   379  446  369  354   436  503  406  435  0.13 0.11 0.09 0.19
 4 22:02:53 23  128   383  447  374  359   425  490  414  434  0.10 0.09 0.10 0.17
 5 22:03:14 23  192   386  446  377  364   425  485  402  429  0.09 0.08 0.06 0.15
 6 22:03:34 23  256   388  445  380  367   420  480  413  437  0.08 0.07 0.08 0.16
 7 22:03:54 23  320   390  445  382  369   419  491  426  415  0.07 0.09 0.10 0.11
 8 22:04:14 23  384   391  444  384  372   414  480  414  431  0.06 0.08 0.07 0.14
 9 22:04:35 23  448   393  443  386  374   424  489  422  431  0.07 0.09 0.09 0.13
10 22:04:55 23  512   394  443  388  377   435  488  408  434  0.09 0.09 0.05 0.13
11 22:05:15 23  576   396  443  390  379   421  468  420  438  0.06 0.05 0.07 0.13
12 22:05:36 23  640   396  442  392  381   427  477  426  450  0.07 0.07 0.08 0.15
13 22:05:56 23  704   397  442  393  383   420  475  419  433  0.05 0.07 0.06 0.12
14 22:06:16 23  832   333  398  340  358   413  483  421  440  0.19 0.18 0.19 0.19
;            Ch1    Ch2    Ch3    Ch4      blue   green  brown
;  alpha:   0.265  0.227  0.176  0.408     0.270 -0.000  0.180
; ETRmax:   377.2  709.3 481225.5  774.8    271576.7    0.0 153737.4
;     Ik:  1423.9 3126.0 2729112. 1899.0    1004046.    0.0 852734.8
;References: BL_US PMDA0174.REF2 GR_US PMDA0174.REF2 BR_US PMDA0174.REF2


Gain: 23  Zoff: 327 397 325 305

,LTM 80m_20160203
03FEB2016  22:11:57  Gain: 23  Zoff: 327 397 325 305
No   Time    G  PAR    F1   F2   F3   F4   Fm1  Fm2  Fm3  Fm4    Y1   Y2   Y3   Y4
 1 22:11:57 23   16    48   24   42   49   130   96  103  135  0.63 0.75 0.59 0.64
 2 22:12:19 23   16    46   23   40   45   135  100  103  151  0.66 0.77 0.61 0.70
 3 22:12:39 23   64    54   29   45   53   121   96  106  137  0.55 0.70 0.58 0.61
 4 22:12:59 23  128    60   31   50   57   103   83   87  145  0.42 0.63 0.43 0.61
 5 22:13:20 23  192    63   30   54   63   101   73   91  130  0.38 0.59 0.41 0.52
 6 22:13:40 23  256    66   31   57   67   106   76   87  132  0.38 0.59 0.34 0.49
 7 22:14:00 23  320    70   31   60   70   109   68  101  140  0.36 0.54 0.41 0.50
 8 22:14:20 23  384    71   31   63   74   102   86  101  140  0.30 0.64 0.38 0.47
 9 22:14:41 23  448    73   32   66   77   112   71   98  144  0.35 0.55 0.33 0.47
10 22:15:01 23  512    75   32   68   79   103   74   97  133  0.27 0.57 0.30 0.41
11 22:15:21 23  576    76   31   69   81   100   60  101  147  0.24 0.48 0.32 0.45
12 22:15:42 23  640    75   30   70   83    93   63  100  139  0.19 0.52 0.30 0.40
13 22:16:02 23  704    75   29   72   84   108   73  101  137  0.31 0.60 0.29 0.39
14 22:16:22 23  832    27    1   34   72    88   76  101  143  0.69 ---- 0.66 0.50
;            Ch1    Ch2    Ch3    Ch4      blue   green  brown
;  alpha:   0.943  1.491  0.975  1.381     1.309  1.225 -0.000
; ETRmax:  2854.9 4051.6 3947.6 2011.5    3542.7 3780.5    0.0
;     Ik:  3028.2 2717.3 4047.7 1456.5    2705.9 3085.1    0.0
;References: BL_US PMDA0174.REF2 GR_US PMDA0174.REF2 BR_US PMDA0174.REF2

;LTM 100m_20160203

03FEB2016  22:20:11  Gain: 23  Zoff: 327 397 325 305
No   Time    G  PAR    F1   F2   F3   F4   Fm1  Fm2  Fm3  Fm4    Y1   Y2   Y3   Y4
 1 22:20:11 23   16    80   80   54   64   148  146  102  165  0.46 0.45 0.47 0.61
 2 22:20:33 23   16    79   79   54   62   148  139  110  156  0.47 0.43 0.51 0.60
 3 22:20:53 23   64    86   81   57   68   143  126  100  138  0.40 0.36 0.43 0.51
 4 22:21:14 23  128    92   83   64   75   136  131   96  145  0.32 0.37 0.33 0.48
 5 22:21:34 23  192    96   83   68   81   135  117  109  136  0.29 0.29 0.38 0.40
 6 22:21:54 23  256    98   83   70   83   141  127   95  158  0.30 0.35 0.26 0.47
 7 22:22:15 23  320    98   81   71   84   137  115  102  159  0.28 0.30 0.30 0.47
 8 22:22:35 23  384    98   79   72   85   139  120  107  149  0.29 0.34 0.33 0.43
 9 22:22:55 23  448    99   78   74   87   133  133  110  148  0.26 0.41 0.33 0.41
10 22:23:15 23  512    98   77   75   89   127  122   95  145  0.23 0.37 0.21 0.39
11 22:23:36 23  576   100   77   76   91   139  116  103  153  0.28 0.34 0.26 0.41
12 22:23:56 23  640   101   77   78   93   131  117  105  139  0.23 0.34 0.26 0.33
13 22:24:16 23  704   100   76   79   94   136  114  105  147  0.26 0.33 0.25 0.36
14 22:24:36 23  832    34   31   25   69   110  114   98  141  0.69 0.73 0.74 0.51
;            Ch1    Ch2    Ch3    Ch4      blue   green  brown
;  alpha:   0.475  0.702  0.523  1.401     1.012  5.024  0.875
; ETRmax:  2105780. 4648935. 1818616.  964.0     563.9 1324.8 1051337.
;     Ik:  4428587. 6627129. 3477354.  688.0     557.1  263.7 1201283.
;References: BL_US PMDA0174.REF2 GR_US PMDA0174.REF2 BR_US PMDA0174.REF2

;LTM 110m_20160203

03FEB2016  22:28:24  Gain: 23  Zoff: 327 397 325 305
No   Time    G  PAR    F1   F2   F3   F4   Fm1  Fm2  Fm3  Fm4    Y1   Y2   Y3   Y4
 1 22:28:24 23   16    65   85   49   58   124  158   94  146  0.48 0.46 0.48 0.60
 2 22:28:46 23   16    65   84   48   59   114  138   97  148  0.43 0.39 0.51 0.60
 3 22:29:06 23   64    71   88   51   62   121  157   80  147  0.41 0.44 0.36 0.58
 4 22:29:27 23  128    74   88   54   67   110  146  100  138  0.33 0.40 0.46 0.51
 5 22:29:47 23  192    76   89   58   71   109  150   97  130  0.30 0.41 0.40 0.45
 6 22:30:07 23  256    80   89   62   75   122  145   99  131  0.34 0.39 0.37 0.43
 7 22:30:27 23  320    82   89   65   79   126  150   95  156  0.35 0.41 0.32 0.49
 8 22:30:48 23  384    84   89   67   81   116  132  110  138  0.28 0.33 0.39 0.41
 9 22:31:08 23  448    83   89   68   82   117  144  111  142  0.29 0.38 0.39 0.42
10 22:31:28 23  512    82   87   68   82   112  126   99  141  0.27 0.31 0.31 0.42
11 22:31:49 23  576    83   86   69   84   122  141   89  137  0.32 0.39 0.22 0.39
12 22:32:09 23  640    83   86   71   85   109  129   92  151  0.24 0.33 0.23 0.44
13 22:32:29 23  704    85   86   73   89   119  128  101  151  0.29 0.33 0.28 0.41
14 22:32:49 23  832    18   40   18   62   106  135  102  157  ---- 0.70 ---- 0.61
;            Ch1    Ch2    Ch3    Ch4      blue   green  brown
;  alpha:   0.972  0.837  1.098  1.241     1.227 -0.000  0.604
; ETRmax:   920.6 4284300.  408.7 2966.8    1145.7    0.0 1552867.
;     Ik:   946.8 5118521.  372.3 2391.1     933.9    0.0 2571861.
;References: BL_US PMDA0174.REF2 GR_US PMDA0174.REF2 BR_US PMDA0174.REF2

;LTM 120m_20160203

03FEB2016  22:36:25  Gain: 23  Zoff: 327 397 325 305
No   Time    G  PAR    F1   F2   F3   F4   Fm1  Fm2  Fm3  Fm4    Y1   Y2   Y3   Y4
 1 22:36:25 23   16    36   36   17   19    69   77   44   93  0.48 0.53 ---- ----
 2 22:36:47 23   16    36   35   18   19    58   68   34   79  0.38 0.49 ---- ----
 3 22:37:07 23   64    37   36   18   21    61   77   41   75  0.39 0.53 ---- 0.72
 4 22:37:27 23  128    40   36   21   25    64   71   56   78  0.38 0.49 0.63 0.68
 5 22:37:48 23  192    41   35   24   28    62   80   46   85  0.34 0.56 0.48 0.67
 6 22:38:08 23  256    43   34   27   31    75   70   50   88  0.43 0.51 0.46 0.65
 7 22:38:28 23  320    45   34   29   34    74   73   64  101  0.39 0.53 0.55 0.66
 8 22:38:49 23  384    45   33   32   37    73   69   63   87  0.38 0.52 0.49 0.57
 9 22:39:09 23  448    46   31   34   39    77   68   67   89  0.40 0.54 0.49 0.56
10 22:39:29 23  512    46   32   35   41    70   68   57   85  0.34 0.53 0.39 0.52
11 22:39:49 23  576    47   30   37   43    75   78   50   96  0.37 0.62 0.26 0.55
12 22:40:10 23  640    46   29   39   45    72   82   53  100  0.36 0.65 0.26 0.55
13 22:40:30 23  704    47   28   40   48    74   53   60  102  0.36 0.47 0.33 0.53
14 22:40:50 23  832     3    3    8   39    60   69   65  105  ---- ---- ---- 0.63
;            Ch1    Ch2    Ch3    Ch4      blue   green  brown
;  alpha:   0.944  1.159  1.244  1.611     1.749  2.856  0.957
; ETRmax:  3694.6 1786.9  380.4 3629.1    6298.4  797.8 2939404.
;     Ik:  3912.5 1541.3  305.8 2252.3    3600.5  279.3 3071681.
;References: BL_US PMDA0174.REF2 GR_US PMDA0174.REF2 BR_US PMDA0174.REF2

;LTM 130m_20160203

03FEB2016  22:43:58  Gain: 23  Zoff: 327 397 325 305
No   Time    G  PAR    F1   F2   F3   F4   Fm1  Fm2  Fm3  Fm4    Y1   Y2   Y3   Y4
 1 22:43:58 23   16   823  841  247  257   853  876  267  318  0.04 0.04 0.07 0.19
 2 22:44:20 23   16   821  838  245  256   848  881  269  303  0.03 0.05 0.09 0.16
 3 22:44:40 23   64   813  828  243  254   840  856  263  318  0.03 0.03 0.08 0.20
 4 22:45:00 23  128   809  821  247  258   835  867  272  308  0.03 0.05 0.09 0.16
 5 22:45:21 23  192   801  811  245  257   829  835  267  316  0.03 0.03 0.08 0.19
 6 22:45:41 23  256   791  800  244  256   812  828  258  301  0.03 0.03 0.05 0.15
 7 22:46:01 23  320   783  790  243  255   795  828  274  324  0.02 0.05 0.11 0.21
 8 22:46:21 23  384   774  779  241  255   797  815  261  314  0.03 0.04 0.08 0.19
 9 22:46:42 23  448   766  769  241  254   784  802  273  313  0.02 0.04 0.12 0.19
10 22:47:02 23  512   756  758  239  252   775  773  264  298  0.02 0.02 0.09 0.15
11 22:47:22 23  576   747  748  238  252   755  772  268  306  ---- 0.03 0.11 0.18
12 22:47:43 23  640   737  737  236  250   757  766  263  295  0.03 0.04 0.10 0.15
13 22:48:03 23  704   728  726  235  250   749  753  247  304  0.03 0.04 0.05 0.18
14 22:48:23 23  832   620  640  147  193   690  737  241  314  0.10 0.13 0.39 0.39
;            Ch1    Ch2    Ch3    Ch4      blue   green  brown
;  alpha:   0.031  0.033  0.302  0.268    -0.000 -0.000  0.047
; ETRmax:    60.8  119.6  874.6 138748.9       0.0    0.0 17347.1
;     Ik:  1972.3 3597.4 2892.1 517611.6       0.0    0.0 369319.9
;References: BL_US PMDA0174.REF2 GR_US PMDA0174.REF2 BR_US PMDA0174.REF2

;LTM 140m_20160203

03FEB2016  22:51:32  Gain: 23  Zoff: 327 397 325 305
No   Time    G  PAR    F1   F2   F3   F4   Fm1  Fm2  Fm3  Fm4    Y1   Y2   Y3   Y4
 1 22:51:32 23   16   615  638  204  218   655  695  244  289  0.06 0.08 0.16 0.25
 2 22:51:54 23   16   616  637  204  218   672  672  236  294  0.08 0.05 0.14 0.26
 3 22:52:14 23   64   615  634  203  219   657  678  235  284  0.06 0.06 0.14 0.23
 4 22:52:35 23  128   611  627  205  221   628  674  246  299  0.03 0.07 0.17 0.26
 5 22:52:55 23  192   605  619  205  222   632  645  229  280  0.04 0.04 0.10 0.21
 6 22:53:15 23  256   598  609  205  223   620  639  235  271  0.04 0.05 0.13 0.18
 7 22:53:35 23  320   593  603  205  223   624  643  234  265  0.05 0.06 0.12 0.16
 8 22:53:56 23  384   587  596  206  224   611  648  223  265  0.04 0.08 0.08 0.15
 9 22:54:16 23  448   581  589  206  225   601  614  238  275  0.03 0.04 0.13 0.18
10 22:54:36 23  512   576  581  206  225   605  614  239  294  0.05 0.05 0.14 0.23
11 22:54:57 23  576   570  574  205  224   596  611  237  258  0.04 0.06 0.14 0.13
12 22:55:17 23  640   563  566  204  224   583  592  216  273  0.03 0.04 0.06 0.18
13 22:55:37 23  704   555  558  202  223   570  590  228  277  0.03 0.05 0.11 0.19
14 22:55:57 23  832   444  470  108  159   540  589  208  281  0.18 0.20 0.48 0.43
;            Ch1    Ch2    Ch3    Ch4      blue   green  brown
;  alpha:   0.037  0.062  0.099  0.230    -0.000 -0.000  0.094
; ETRmax:   146.0 55275.4 162124.7 1209998.       0.0    0.0  459.5
;     Ik:  3915.7 887164.6 1643030. 5270773.       0.0    0.0 4889.2
;References: BL_US PMDA0174.REF2 GR_US PMDA0174.REF2 BR_US PMDA0174.REF2

;LTM 150m_20160203

03FEB2016  22:59:26  Gain: 23  Zoff: 327 397 325 305
No   Time    G  PAR    F1   F2   F3   F4   Fm1  Fm2  Fm3  Fm4    Y1   Y2   Y3   Y4
 1 22:59:26 23   16  1016 1046  309  319  1034 1081  335  377  0.02 0.03 0.08 0.15
 2 22:59:48 23   16  1013 1042  308  322  1027 1072  330  374  0.01 0.03 0.07 0.14
 3 23:00:08 23   64  1006 1033  307  320  1027 1081  327  383  0.02 0.04 0.06 0.16
 4 23:00:29 23  128   995 1019  306  318  1011 1062  329  379  0.02 0.04 0.07 0.16
 5 23:00:49 23  192   981 1005  303  316  1002 1027  329  382  0.02 0.02 0.08 0.17
 6 23:01:09 23  256   969  990  301  312   992 1010  322  375  0.02 0.02 0.07 0.17
 7 23:01:29 23  320   957  975  299  311   981 1006  314  367  0.02 0.03 0.05 0.15
 8 23:01:50 23  384   945  960  296  309   972  982  321  363  0.03 0.02 0.08 0.15
 9 23:02:10 23  448   931  947  293  307   940  983  319  360  0.01 0.04 0.08 0.15
10 23:02:30 23  512   920  932  291  305   941  961  310  350  0.02 0.03 0.06 0.13
11 23:02:51 23  576   909  919  289  303   927  953  308  359  0.02 0.04 0.06 0.16
12 23:03:11 23  640   896  906  288  301   923  930  303  345  0.03 0.03 0.05 0.13
13 23:03:31 23  704   885  893  285  300   901  924  298  360  0.02 0.03 0.04 0.17
14 23:03:51 23  832   733  765  154  201   836  918  281  354  0.12 0.17 0.45 0.43
;            Ch1    Ch2    Ch3    Ch4      blue   green  brown
;  alpha:   0.018  0.022  0.050  0.184    -0.000 -0.000  0.034
; ETRmax:    51.5   20.3 27192.4 251738.9       0.0    0.0   53.6
;     Ik:  2823.6  926.8 546260.4 1368019.       0.0    0.0 1598.3
;References: BL_US PMDA0174.REF2 GR_US PMDA0174.REF2 BR_US PMDA0174.REF2

;LTM 160m_20160203

03FEB2016  23:07:32  Gain: 23  Zoff: 327 397 325 305
No   Time    G  PAR    F1   F2   F3   F4   Fm1  Fm2  Fm3  Fm4    Y1   Y2   Y3   Y4
 1 23:07:32 23   16   686  694  211  219   717  738  240  274  0.04 0.06 0.12 0.20
 2 23:07:54 23   16   685  694  210  219   716  728  237  286  0.04 0.05 0.11 0.23
 3 23:08:14 23   64   679  685  210  218   710  729  245  279  0.04 0.06 0.14 0.22
 4 23:08:34 23  128   671  675  209  218   703  711  239  277  0.05 0.05 0.13 0.21
 5 23:08:55 23  192   662  662  207  216   691  699  247  277  0.04 0.05 0.16 0.22
 6 23:09:15 23  256   652  651  206  215   671  689  230  271  0.03 0.06 0.10 0.21
 7 23:09:35 23  320   645  641  206  215   667  679  236  268  0.03 0.06 0.13 0.20
 8 23:09:56 23  384   637  631  204  214   664  656  233  260  0.04 0.04 0.12 0.18
 9 23:10:16 23  448   628  622  204  214   653  649  242  266  0.04 0.04 0.16 0.20
10 23:10:36 23  512   620  611  202  213   654  639  224  270  0.05 0.04 0.10 0.21
11 23:10:56 23  576   610  600  200  212   636  613  234  260  0.04 0.02 0.15 0.18
12 23:11:17 23  640   600  587  199  210   616  624  234  258  0.03 0.06 0.15 0.19
13 23:11:37 23  704   590  577  197  209   605  596  209  251  0.02 0.03 0.06 0.17
14 23:11:57 23  832   494  504  119  161   573  601  196  266  0.14 0.16 0.39 0.39
;            Ch1    Ch2    Ch3    Ch4      blue   green  brown
;  alpha:   0.031  0.130  0.142  0.378    -0.000 -0.000  0.066
; ETRmax:    41.3 1114.3 277404.9 1451914.       0.0    0.0   78.9
;     Ik:  1320.7 8597.4 1950882. 3841671.       0.0    0.0 1201.0
;References: BL_US PMDA0174.REF2 GR_US PMDA0174.REF2 BR_US PMDA0174.REF2

;LTM 170m_20160203

03FEB2016  23:15:08  Gain: 23  Zoff: 327 397 325 305
No   Time    G  PAR    F1   F2   F3   F4   Fm1  Fm2  Fm3  Fm4    Y1   Y2   Y3   Y4
 1 23:15:08 23   16   860  885  263  270   881  921  290  341  0.02 0.04 0.09 0.21
 2 23:15:30 23   16   844  869  260  268   853  903  281  326  0.01 0.04 0.07 0.18
 3 23:15:50 23   64   819  843  250  259   840  873  271  321  0.03 0.03 0.08 0.19
 4 23:16:10 23  128   790  812  243  252   800  842  274  322  0.01 0.04 0.11 0.22
 5 23:16:31 23  192   761  779  236  246   770  800  264  296  0.01 0.03 0.11 0.17
 6 23:16:51 23  256   733  749  230  240   737  772  258  305  ---- 0.03 0.11 0.21
 7 23:17:11 23  320   709  721  225  234   720  751  260  292  0.02 0.04 0.13 0.20
 8 23:17:31 23  384   685  697  219  229   705  709  240  270  0.03 0.02 0.09 0.15
 9 23:17:52 23  448   664  672  214  225   684  712  235  274  0.03 0.06 0.09 0.18
10 23:18:12 23  512   643  650  209  220   660  681  229  272  0.03 0.05 0.09 0.19
11 23:18:32 23  576   624  628  205  215   649  669  226  264  0.04 0.06 0.09 0.19
12 23:18:53 23  640   607  608  201  211   605  631  225  266  ---- 0.04 0.11 0.21
13 23:19:13 23  704   589  590  196  208   595  602  211  253  ---- 0.02 0.07 0.18
14 23:19:33 23  832   464  489   95  138   556  606  204  265  0.17 0.19 0.53 0.48
;            Ch1    Ch2    Ch3    Ch4      blue   green  brown
;  alpha:   0.093  0.113  0.076  0.227    -0.000 -0.000  0.146
; ETRmax:   459.3  658.8  345.8 475752.1       0.0    0.0  545.8
;     Ik:  4956.2 5815.2 4524.3 2098379.       0.0    0.0 3729.3
;References: BL_US PMDA0174.REF2 GR_US PMDA0174.REF2 BR_US PMDA0174.REF2

;LTM 180m_20160203

03FEB2016  23:22:47  Gain: 23  Zoff: 327 397 325 305
No   Time    G  PAR    F1   F2   F3   F4   Fm1  Fm2  Fm3  Fm4    Y1   Y2   Y3   Y4
 1 23:22:48 23   16   520  534  163  169   559  582  191  242  0.07 0.08 0.15 0.30
 2 23:23:09 23   16   516  527  163  168   554  579  192  234  0.07 0.09 0.15 0.28
 3 23:23:29 23   64   508  520  159  166   547  564  196  233  0.07 0.08 0.19 0.29
 4 23:23:50 23  128   502  512  161  168   543  558  203  233  0.08 0.08 0.21 0.28
 5 23:24:10 23  192   496  503  162  170   521  544  190  230  0.05 0.08 0.15 0.26
 6 23:24:30 23  256   486  491  161  169   518  526  198  223  0.06 0.07 0.19 0.24
 7 23:24:51 23  320   477  477  159  167   495  510  176  222  0.04 0.06 0.10 0.25
 8 23:25:11 23  384   465  464  156  166   502  502  190  219  0.07 0.08 0.18 0.24
 9 23:25:31 23  448   454  454  155  164   471  502  192  224  0.04 0.10 0.19 0.27
10 23:25:51 23  512   447  444  154  163   474  474  192  218  0.06 0.06 0.20 0.25
11 23:26:12 23  576   440  437  153  163   446  475  179  214  ---- 0.08 0.15 0.24
12 23:26:32 23  640   432  429  153  163   460  453  188  209  0.06 0.05 0.19 0.22
13 23:26:52 23  704   426  420  152  162   451  461  177  222  0.06 0.09 0.14 0.27
14 23:27:13 23  832   348  363   91  131   412  438  168  211  0.16 0.17 0.46 0.38
;            Ch1    Ch2    Ch3    Ch4      blue   green  brown
;  alpha:   0.062  0.107  0.184  0.583    -0.000 -0.000  0.115
; ETRmax:  49339.6 431661.7  340.4 4580.4       0.0    0.0  438.8
;     Ik:  797673.1 4037265. 1852.5 7860.3       0.0    0.0 3808.5
;References: BL_US PMDA0174.REF2 GR_US PMDA0174.REF2 BR_US PMDA0174.REF2

;LTM 190m_20160203

03FEB2016  23:30:19  Gain: 23  Zoff: 327 397 325 305
No   Time    G  PAR    F1   F2   F3   F4   Fm1  Fm2  Fm3  Fm4    Y1   Y2   Y3   Y4
 1 23:30:19 23   16   234  238   73   77   275  280   94  149  0.15 0.15 0.22 0.48
 2 23:30:41 23   16   232  238   73   77   275  284  115  141  0.16 0.16 0.37 0.45
 3 23:31:01 23   64   228  233   72   77   258  280   92  143  0.12 0.17 0.22 0.46
 4 23:31:21 23  128   225  227   73   79   262  275   98  143  0.14 0.17 0.26 0.45
 5 23:31:41 23  192   220  221   74   79   246  258  101  133  0.11 0.14 0.27 0.41
 6 23:32:02 23  256   216  215   74   79   246  260  106  133  0.12 0.17 0.30 0.41
 7 23:32:22 23  320   213  210   74   81   232  247  108  126  0.08 0.15 0.31 0.36
 8 23:32:42 23  384   208  204   76   83   223  226  117  142  0.07 0.10 0.35 0.42
 9 23:33:03 23  448   205  199   76   84   229  234  103  129  0.10 0.15 0.26 0.35
10 23:33:23 23  512   201  194   77   84   228  229  108  139  0.12 0.15 0.29 0.40
11 23:33:43 23  576   199  191   77   86   218  228  108  148  0.09 0.16 0.29 0.42
12 23:34:03 23  640   196  187   78   87   237  215  108  142  0.17 0.13 0.28 0.39
13 23:34:24 23  704   195  183   79   88   226  217  101  126  0.14 0.16 0.22 0.30
14 23:34:44 23  832   138  147   36   72   198  211   98  138  0.30 0.30 0.63 0.48
;            Ch1    Ch2    Ch3    Ch4      blue   green  brown
;  alpha:   0.140  0.427  0.444  1.003     0.190 -0.000  0.259
; ETRmax:  88320.6 1000.1 2956.8 4081.9      55.7    0.0 1314055.
;     Ik:  631504.9 2340.0 6657.2 4068.1     292.4    0.0 5074578.
;References: BL_US PMDA0174.REF2 GR_US PMDA0174.REF2 BR_US PMDA0174.REF2

;LTM 200m_20160203

03FEB2016  23:37:44  Gain: 23  Zoff: 327 397 325 305
No   Time    G  PAR    F1   F2   F3   F4   Fm1  Fm2  Fm3  Fm4    Y1   Y2   Y3   Y4
 1 23:37:44 23   16   220  221   67   70   249  245  102  138  0.12 0.10 0.34 0.49
 2 23:38:06 23   16   216  218   67   70   240  258   99  140  0.10 0.16 0.32 0.50
 3 23:38:26 23   64   210  211   64   68   245  249   90  122  0.14 0.15 0.29 0.44
 4 23:38:46 23  128   206  204   64   69   234  236   94  136  0.12 0.14 0.32 0.49
 5 23:39:07 23  192   200  197   65   71   231  234   85  138  0.13 0.16 0.24 0.49
 6 23:39:27 23  256   196  190   66   71   219  215   91  120  0.11 0.12 0.27 0.41
 7 23:39:47 23  320   192  183   66   72   211  226   81  127  0.09 0.19 0.19 0.43
 8 23:40:07 23  384   188  178   66   73   207  207  102  126  0.09 0.14 0.35 0.42
 9 23:40:28 23  448   185  172   67   74   215  205   82  138  0.14 0.16 0.18 0.46
10 23:40:48 23  512   181  167   67   74   203  187   91  128  0.11 0.11 0.26 0.42
11 23:41:08 23  576   179  164   68   75   200  190   91  110  0.11 0.14 0.25 0.32
12 23:41:29 23  640   177  159   69   77   193  198  101  129  0.08 0.20 0.32 0.40
13 23:41:49 23  704   174  155   70   78   205  188  103  125  0.15 0.18 0.32 0.38
14 23:42:09 23  832   118  119   27   62   179  176   84  139  0.34 0.32 0.68 0.55
;            Ch1    Ch2    Ch3    Ch4      blue   green  brown
;  alpha:   0.110  0.235  0.438  1.020     2.488 -0.000  0.236
; ETRmax:    92.5 259773.2 4356172. 5526.8    1419.2    0.0 514219.2
;     Ik:   840.1 1103156. 9943890. 5418.0     570.4    0.0 2181577.
;References: BL_US PMDA0174.REF2 GR_US PMDA0174.REF2 BR_US PMDA0174.REF2


