Gain: 22  Zoff: 231 269 394 211

10MAR2016  11:54:45  Gain: 22  Zoff: 231 269 394 211
No   Time    G  PAR    F1   F2   F3   F4   Fm1  Fm2  Fm3  Fm4    Y1   Y2   Y3   Y4
 1 12:06:14 22   64   151  149  113  122   236  251  194  228  0.36 0.41 0.42 0.46

Light - 3m rep 1

10MAR2016  12:10:16  Gain: 22  Zoff: 231 269 394 211
No   Time    G  PAR    F1   F2   F3   F4   Fm1  Fm2  Fm3  Fm4    Y1   Y2   Y3   Y4
 1 12:10:16 22    1   147  146  110  120   237  259  195  238  0.38 0.44 0.44 0.50
 2 12:10:38 22   16   140  138  107  115   254  238  192  238  0.45 0.42 0.44 0.52
 3 12:10:58 22   64   144  144  109  117   235  244  189  226  0.39 0.41 0.42 0.48
 4 12:11:18 22  128   145  147  112  122   226  251  186  227  0.36 0.41 0.40 0.46
 5 12:11:38 22  192   144  146  115  125   207  242  172  223  0.30 0.40 0.33 0.44
 6 12:11:59 22  256   141  144  114  124   198  235  170  200  0.29 0.39 0.33 0.38
 7 12:12:19 22  320   137  142  113  123   188  224  173  191  0.27 0.37 0.35 0.36
 8 12:12:39 22  384   138  143  117  126   189  222  167  207  0.27 0.36 0.30 0.39
 9 12:13:00 22  448   137  143  120  129   186  221  170  199  0.26 0.35 0.29 0.35
10 12:13:20 22  512   135  142  117  127   176  220  154  194  0.23 0.35 0.24 0.35
11 12:13:40 22  576   133  141  117  126   179  214  162  189  0.26 0.34 0.28 0.33
12 12:14:00 22  640   135  143  120  129   174  206  159  185  0.22 0.31 0.25 0.30
13 12:14:21 22  704   136  143  123  132   170  211  164  193  0.20 0.32 0.25 0.32
14 12:14:41 22  832   138  144  127  137   151  201  157  201  0.09 0.28 0.19 0.32
;            Ch1    Ch2    Ch3    Ch4      blue   green  brown
;  alpha:   0.873  0.984  1.007  1.120     1.072 -0.000  0.932
; ETRmax:   295.9 1104.9  476.3  891.2     883.7    0.0  462.3
;     Ik:   338.7 1123.0  473.2  795.4     824.0    0.0  495.9
;References: BL_US PMDA0174.REF2 GR_US PMDA0174.REF2 BR_US PMDA0174.REF2

10MAR2016  12:16:53  Gain: 22  Zoff: 231 269 394 211
No   Time    G  PAR    F1   F2   F3   F4   Fm1  Fm2  Fm3  Fm4    Y1   Y2   Y3   Y4
 1 12:17:19 22   64   131  139   97  105   216  240  171  201  0.39 0.42 0.43 0.48

Light - 3m rep 2

 2 12:23:53 22   64   150  156  116  125   237  263  181  232  0.37 0.41 0.36 0.46

10MAR2016  12:24:25  Gain: 22  Zoff: 231 269 394 211
No   Time    G  PAR    F1   F2   F3   F4   Fm1  Fm2  Fm3  Fm4    Y1   Y2   Y3   Y4
 1 12:24:26 22   64   150  156  115  124   238  266  194  240  0.37 0.41 0.41 0.48
 2 12:24:47 22   16   147  149  114  121   249  243  198  244  0.41 0.39 0.42 0.50
 3 12:25:08 22   64   151  158  118  126   238  269  199  231  0.37 0.41 0.41 0.45
 4 12:25:28 22  128   146  156  118  127   228  265  184  222  0.36 0.41 0.36 0.43
 5 12:25:48 22  192   156  165  129  139   232  268  180  233  0.33 0.38 0.28 0.40
 6 12:26:08 22  256   157  165  131  141   219  260  193  226  0.28 0.37 0.32 0.38
 7 12:26:29 22  320   156  164  134  143   209  260  183  217  0.25 0.37 0.27 0.34
 8 12:26:49 22  384   148  161  130  139   202  247  186  213  0.27 0.35 0.30 0.35
 9 12:27:09 22  448   148  160  134  142   189  238  181  216  0.22 0.33 0.26 0.34
10 12:27:30 22  512   146  156  134  142   187  225  182  205  0.22 0.31 0.26 0.31
11 12:27:50 22  576   141  155  133  142   174  240  179  207  0.19 0.35 0.26 0.31
12 12:28:10 22  640   141  160  137  145   177  231  177  212  0.20 0.31 0.23 0.32
13 12:28:30 22  704   144  161  139  147   183  236  172  202  0.21 0.32 0.19 0.27
14 12:28:51 22  832   147  162  142  150   174  229  168  219  0.16 0.29 0.15 0.32
;            Ch1    Ch2    Ch3    Ch4      blue   green  brown
;  alpha:   0.943  0.963  1.056  1.199     0.933 -0.000  0.950
; ETRmax:   386.7 1709.3  507.6  812.1     555.5    0.0 1330.6
;     Ik:   410.2 1775.3  480.7  677.6     595.5    0.0 1401.1
;References: BL_US PMDA0174.REF2 GR_US PMDA0174.REF2 BR_US PMDA0174.REF2

Light - 10m



10MAR2016  12:32:43  Gain: 22  Zoff: 231 269 394 211
No   Time    G  PAR    F1   F2   F3   F4   Fm1  Fm2  Fm3  Fm4    Y1   Y2   Y3   Y4
 1 12:32:43 22   64   145  145  102  115   253  262  192  240  0.43 0.45 0.47 0.52

10MAR2016  12:33:10  Gain: 22  Zoff: 231 269 394 211
No   Time    G  PAR    F1   F2   F3   F4   Fm1  Fm2  Fm3  Fm4    Y1   Y2   Y3   Y4
 1 12:33:26 22   64   141  142  100  112   244  267  187  239  0.42 0.47 0.47 0.53

10MAR2016  12:34:17  Gain: 22  Zoff: 231 269 394 211
No   Time    G  PAR    F1   F2   F3   F4   Fm1  Fm2  Fm3  Fm4    Y1   Y2   Y3   Y4
 1 12:34:17 22   64   135  138   96  109   242  267  174  225  0.44 0.48 0.45 0.52
 2 12:34:39 22   16   128  129   93  103   255  244  185  219  0.50 0.47 0.50 0.53

10MAR2016  12:35:07  Gain: 22  Zoff: 231 269 394 211
No   Time    G  PAR    F1   F2   F3   F4   Fm1  Fm2  Fm3  Fm4    Y1   Y2   Y3   Y4
 1 12:37:01 22   64   149  155  107  121   249  280  187  242  0.40 0.45 0.43 0.50

10MAR2016  12:37:42  Gain: 22  Zoff: 231 269 394 211
No   Time    G  PAR    F1   F2   F3   F4   Fm1  Fm2  Fm3  Fm4    Y1   Y2   Y3   Y4
 1 12:37:42 22   64   135  149   98  111   227  267  187  215  0.41 0.44 0.48 0.48
 2 12:38:04 22   16   129  142   93  105   248  257  179  220  0.48 0.45 0.48 0.52
 3 12:38:24 22   64   132  148   96  108   237  277  179  224  0.44 0.47 0.46 0.52
 4 12:38:45 22  128   139  154  102  116   230  285  179  233  0.40 0.46 0.43 0.50
 5 12:39:05 22  192   147  158  109  124   231  275  180  224  0.36 0.43 0.39 0.45
 6 12:39:25 22  256   280  274   64  137   227  286  177  216  ---- 0.04 0.64 0.37
 7 12:39:46 22  320   155  164  117  134   232  272  178  225  0.33 0.40 0.34 0.40
 8 12:40:06 22  384   146  160  117  132   205  255  171  211  0.29 0.37 0.32 0.37
 9 12:40:26 22  448   149  164  119  135   216  251  176  224  0.31 0.35 0.32 0.40
10 12:40:46 22  512   153  166  123  140   209  262  169  217  0.27 0.37 0.27 0.35
11 12:41:07 22  576   152  165  124  141   199  250  175  217  0.24 0.34 0.29 0.35
12 12:41:27 22  640   152  163  125  142   199  250  170  218  0.24 0.35 0.26 0.35
13 12:41:47 22  704   154  166  127  145   193  250  172  203  0.20 0.34 0.26 0.29
14 12:42:08 22  832   156  169  131  149   180  250  154  221  0.13 0.32 0.15 0.33
;            Ch1    Ch2    Ch3    Ch4      blue   green  brown
;  alpha:   0.995  0.806  0.987  1.203     1.133 -0.000  1.120
; ETRmax:   316.0 7244.0  273.3 1236.7     871.3    0.0 1196.7
;     Ik:   317.7 8982.1  276.9 1027.8     769.1    0.0 1068.1
;References: BL_US PMDA0174.REF2 GR_US PMDA0174.REF2 BR_US PMDA0174.REF2

;Light - 20m







10MAR2016  12:47:23  Gain: 22  Zoff: 231 269 394 211
No   Time    G  PAR    F1   F2   F3   F4   Fm1  Fm2  Fm3  Fm4    Y1   Y2   Y3   Y4
 1 12:47:24 22   64   243  260  170  185   393  462  286  353  0.38 0.44 0.41 0.48

10MAR2016  12:48:16  Gain: 22  Zoff: 231 269 394 211
No   Time    G  PAR    F1   F2   F3   F4   Fm1  Fm2  Fm3  Fm4    Y1   Y2   Y3   Y4
 1 12:48:16 22   64   239  257  168  183   414  462  296  358  0.42 0.44 0.43 0.49
 2 12:48:38 22   16   215  234  154  166   394  412  278  338  0.45 0.43 0.45 0.51
 3 12:48:58 22   64   219  248  158  172   378  444  283  345  0.42 0.44 0.44 0.50
 4 12:49:19 22  128   228  254  165  181   359  454  277  337  0.36 0.44 0.40 0.46
 5 12:49:39 22  192   225  255  168  182   345  446  269  323  0.35 0.43 0.38 0.44
 6 12:49:59 22  256   232  261  176  192   342  429  276  314  0.32 0.39 0.36 0.39
 7 12:50:19 22  320   231  261  176  192   332  417  258  307  0.30 0.37 0.32 0.37
 8 12:50:40 22  384   227  260  175  192   302  414  251  295  0.25 0.37 0.30 0.35
 9 12:51:00 22  448   230  262  178  195   323  406  257  306  0.29 0.35 0.31 0.36
10 12:51:20 22  512   229  264  179  195   298  401  241  284  0.23 0.34 0.26 0.31
11 12:51:40 22  576   228  266  181  198   293  395  245  280  0.22 0.33 0.26 0.29
12 12:52:01 22  640   229  268  185  201   298  394  243  283  0.23 0.32 0.24 0.29
13 12:52:21 22  704   233  271  188  205   296  391  239  282  0.21 0.31 0.21 0.27
14 12:52:41 22  832   235  274  192  209   249  385  226  285  0.06 0.29 0.15 0.27
;            Ch1    Ch2    Ch3    Ch4      blue   green  brown
;  alpha:   0.934  1.049  1.021  1.220     1.072 -0.000  1.088
; ETRmax:   276.4  741.3  334.6  894.9     325.9    0.0  937.9
;     Ik:   295.8  706.7  327.9  733.2     304.2    0.0  862.2
;References: BL_US PMDA0174.REF2 GR_US PMDA0174.REF2 BR_US PMDA0174.REF2

10MAR2016  12:57:37  Gain: 22  Zoff: 231 269 394 211
No   Time    G  PAR    F1   F2   F3   F4   Fm1  Fm2  Fm3  Fm4    Y1   Y2   Y3   Y4
 1 12:57:37 22   64   271  398  169  192   467  732  316  381  0.42 0.46 0.47 0.50

10MAR2016  12:57:56  Gain: 22  Zoff: 231 269 394 211
No   Time    G  PAR    F1   F2   F3   F4   Fm1  Fm2  Fm3  Fm4    Y1   Y2   Y3   Y4
 1 12:57:57 22   64   267  395  168  191   487  741  326  400  0.45 0.47 0.48 0.52
 2 12:58:18 22   16   247  366  156  176   503  688  308  385  0.51 0.47 0.49 0.54
 3 12:58:39 22   64   259  390  164  187   464  730  313  389  0.44 0.47 0.48 0.52
 4 12:58:59 22  128   279  406  176  202   462  745  324  386  0.40 0.46 0.46 0.48
 5 12:59:19 22  192   279  410  181  207   427  713  298  361  0.35 0.42 0.39 0.43
 6 12:59:39 22  256   292  421  188  215   432  701  288  368  0.32 0.40 0.35 0.42
 7 13:00:00 22  320   302  436  177  224   406  678  291  350  0.26 0.36 0.39 0.36
 8 13:00:20 22  384   288  425  191  219   393  675  284  343  0.27 0.37 0.33 0.36
 9 13:00:40 22  448   295  434  197  224   396  678  283  342  0.26 0.36 0.30 0.35
10 13:01:01 22  512   296  437  199  226   388  647  278  344  0.24 0.32 0.28 0.34
11 13:01:21 22  576   290  438  199  226   375  644  274  323  0.23 0.32 0.27 0.30
12 13:01:41 22  640   284  440  199  226   346  640  274  316  0.18 0.31 0.27 0.28
13 13:02:01 22  704   283  444  202  228   353  641  270  322  0.20 0.31 0.25 0.29
14 13:02:22 22  832   284  451  205  231   329  627  261  324  0.14 0.28 0.21 0.29
;            Ch1    Ch2    Ch3    Ch4      blue   green  brown
;  alpha:   0.651  0.850  0.779  0.901     1.084 -0.000  0.854
; ETRmax:   164.3  325.0  231.4  307.2     374.9    0.0  310.6
;     Ik:   252.6  382.3  297.1  341.0     345.9    0.0  363.9
;References: BL_US PMDA0174.REF2 GR_US PMDA0174.REF2 BR_US PMDA0174.REF2

;Light 40m



10MAR2016  13:06:53  Gain: 22  Zoff: 231 269 394 211
No   Time    G  PAR    F1   F2   F3   F4   Fm1  Fm2  Fm3  Fm4    Y1   Y2   Y3   Y4
 1 13:06:53 22   64  1084 1134  558  690  1639 1601 1591 1661  0.34 0.29 0.65 0.58

10MAR2016  13:08:24  Gain: 22  Zoff: 231 269 394 211
No   Time    G  PAR    F1   F2   F3   F4   Fm1  Fm2  Fm3  Fm4    Y1   Y2   Y3   Y4
 1 13:08:25 22   64   992 1068  516  635  1639 1601 1485 1661  0.39 0.33 0.65 0.62
 2 13:08:46 22   16   898  991  469  572  1639 1601 1532 1661  0.45 0.38 0.69 0.66
 3 13:09:07 22   64   988 1065  515  635  1639 1601 1511 1661  0.40 0.33 0.66 0.62
 4 13:09:27 22  128  1049 1111  553  682  1639 1601 1434 1661  0.36 0.31 0.61 0.59
 5 13:09:47 22  192  1082 1137  573  709  1639 1601 1276 1570  0.34 0.29 0.55 0.55
 6 13:10:08 22  256  1101 1156  587  727  1639 1601 1123 1415  0.33 0.28 0.48 0.49
 7 13:10:28 22  320  1099 1161  588  730  1639 1601 1011 1281  0.33 0.27 0.42 0.43
 8 13:10:48 22  384  1102 1171  595  738  1639 1601  929 1184  0.33 0.27 0.36 0.38
 9 13:11:08 22  448  1089 1169  590  732  1587 1601  863 1105  0.31 0.27 0.32 0.34
10 13:11:29 22  512  1080 1167  592  732  1521 1601  834 1058  0.29 0.27 0.29 0.31
11 13:11:49 22 -458  1062 1161  584  721  1452 1601  797  999  0.27 0.27 0.27 0.28
12 13:12:09 22  640  1040 1156  577  710  1385 1600  777  975  0.25 0.28 0.26 0.27
13 13:12:29 22  704  1035 1156  579  711  1356 1558  754  959  0.24 0.26 0.23 0.26
14 13:12:50 22  832  1024 1156  579  707  1207 1487  681  905  0.15 0.22 0.15 0.22
;            Ch1    Ch2    Ch3    Ch4      blue   green  brown
;  alpha:   0.690  0.772  1.000  0.998     0.965 -0.000  0.656
; ETRmax:   221.1 1115.2  188.6  220.3     127.8    0.0  319.5
;     Ik:   320.2 1444.2  188.7  220.7     132.5    0.0  487.1
;References: BL_US PMDA0174.REF2 GR_US PMDA0174.REF2 BR_US PMDA0174.REF2


; Light 50m

 1 13:17:46 22   64   423  373  265  292   686  622  455  522  0.38 0.40 0.42 0.44

10MAR2016  13:18:14  Gain: 22  Zoff: 231 269 394 211
No   Time    G  PAR    F1   F2   F3   F4   Fm1  Fm2  Fm3  Fm4    Y1   Y2   Y3   Y4
 1 13:18:14 22   64   413  368  260  286   706  622  449  541  0.42 0.41 0.42 0.47
 2 13:18:36 22   16   337  321  211  231   697  612  466  541  0.52 0.48 0.55 0.57
 3 13:18:56 22   64   380  350  239  264   681  611  453  527  0.44 0.43 0.47 0.50
 4 13:19:16 22  128   418  370  263  291   669  585  437  506  0.38 0.37 0.40 0.42
 5 13:19:37 22  192   461  398  299  334   682  612  455  526  0.32 0.35 0.34 0.37
 6 13:19:57 22  256   452  390  290  322   605  558  397  468  0.25 0.30 0.27 0.31
 7 13:20:17 22  320   456  398  293  326   607  552  384  454  0.25 0.28 0.24 0.28
 8 13:20:37 22  384   462  403  297  331   589  533  381  442  0.22 0.24 0.22 0.25
 9 13:20:58 22  448   459  400  297  330   558  527  377  428  0.18 0.24 0.21 0.23
10 13:21:18 22  512   458  399  297  331   562  521  371  438  0.19 0.23 0.20 0.24
11 13:21:38 22  576   462  406  302  337   548  528  379  418  0.16 0.23 0.20 0.19
12 13:21:59 22  640   460  406  302  336   540  497  357  407  0.15 0.18 0.15 0.17
13 13:22:19 22  704   456  405  301  334   526  505  354  408  0.13 0.20 0.15 0.18
14 13:22:39 22  832   456  407  303  336   510  494  353  413  0.11 0.18 0.14 0.19
;            Ch1    Ch2    Ch3    Ch4      blue   green  brown
;  alpha:   1.236  1.051  1.349  1.355     1.381 -0.000  1.120
; ETRmax:   210.5  363.7  321.9  338.6     285.1    0.0  264.4
;     Ik:   170.3  346.0  238.6  249.9     206.4    0.0  236.0
;References: BL_US PMDA0174.REF2 GR_US PMDA0174.REF2 BR_US PMDA0174.REF2
