Gain: 22  Zoff: 198 262 215 204
;LTM 0m 01072016


07JAN2016  18:54:33  Gain: 22  Zoff: 198 262 215 204
No   Time    G  PAR    F1   F2   F3   F4   Fm1  Fm2  Fm3  Fm4    Y1   Y2   Y3   Y4
 1 18:54:33 22   16   193  159  136  143   345  265  239  288  0.44 0.40 0.43 0.50
 2 18:54:55 22   16   189  161  138  143   338  267  254  281  0.44 0.40 0.46 0.49
 3 18:55:15 22   64   195  169  145  151   317  271  235  276  0.38 0.38 0.38 0.45
 4 18:55:36 22  128   193  165  139  147   287  255  217  251  0.33 0.35 0.36 0.41
 5 18:55:56 22  192   187  161  137  146   263  253  205  234  0.29 0.36 0.33 0.38
 6 18:56:16 22  256   186  161  138  147   257  243  200  242  0.28 0.34 0.31 0.39
 7 18:56:36 22  320   187  163  141  150   258  242  189  236  0.28 0.33 0.25 0.36
 8 18:56:57 22  384   192  166  147  157   249  240  211  243  0.23 0.31 0.30 0.35
 9 18:57:17 22  448   192  165  148  158   241  241  196  228  0.20 0.32 0.24 0.31
10 18:57:37 22  512   181  159  141  150   232  228  199  221  0.22 0.30 0.29 0.32
11 18:57:58 22  576   178  158  140  150   229  216  186  220  0.22 0.27 0.25 0.32
12 18:58:18 22  640   183  158  145  155   229  235  186  224  0.20 0.33 0.22 0.31
13 18:58:38 22  704   187  160  149  160   233  217  189  226  0.20 0.26 0.21 0.29
14 18:58:58 22  832   190  161  154  165   202  215  180  222  0.06 0.25 0.14 0.26
;            Ch1    Ch2    Ch3    Ch4      blue   green  brown
;  alpha:   0.890  0.892  0.884  1.102     0.923  6.363  0.867
; ETRmax:   259.7 1397.8  343.6 1043.1     693.1  108.1  482.3
;     Ik:   291.8 1566.2  388.8  946.7     751.0   17.0  556.5
;References: BL_US PMDA0174.REF2 GR_US PMDA0174.REF2 BR_US PMDA0174.REF2

;LTM 20m 01072016



07JAN2016  19:01:47  Gain: 22  Zoff: 198 262 215 204
No   Time    G  PAR    F1   F2   F3   F4   Fm1  Fm2  Fm3  Fm4    Y1   Y2   Y3   Y4
 1 19:01:47 22   16   131  150   94  104   303  294  222  253  0.57 0.49 0.58 0.59
 2 19:02:09 22   16   125  148   91  100   264  274  201  248  0.53 0.46 0.55 0.60
 3 19:02:29 22   64   135  159   96  107   256  308  189  241  0.47 0.48 0.49 0.56
 4 19:02:50 22  128   142  171  104  116   237  322  188  236  0.40 0.47 0.45 0.51
 5 19:03:10 22  192   143  174  108  120   244  326  195  238  0.41 0.47 0.45 0.50
 6 19:03:30 22  256   136  170  107  118   228  302  179  230  0.40 0.44 0.40 0.49
 7 19:03:50 22  320   139  171  109  121   217  305  185  218  0.36 0.44 0.41 0.44
 8 19:04:11 22  384   145  178  115  129   222  310  190  226  0.35 0.43 0.39 0.43
 9 19:04:31 22  448   146  181  117  131   221  302  192  227  0.34 0.40 0.39 0.42
10 19:04:51 22  512   143  176  118  131   199  297  179  222  0.28 0.41 0.34 0.41
11 19:05:11 22  576   141  177  119  132   200  279  175  213  0.29 0.37 0.32 0.38
12 19:05:32 22  640   146  179  121  135   204  285  176  219  0.28 0.37 0.31 0.38
13 19:05:52 22  704   145  180  123  137   199  284  179  217  0.27 0.37 0.31 0.37
14 19:06:12 22  832   150  188  131  147   172  293  182  217  0.13 0.36 0.28 0.32
;            Ch1    Ch2    Ch3    Ch4      blue   green  brown
;  alpha:   1.189  1.118  1.254  1.294     1.173 -0.000  1.195
; ETRmax:   391.5 1033.5 1023.3  962.8    1285.4    0.0  737.7
;     Ik:   329.4  924.8  816.2  744.2    1095.5    0.0  617.5
;References: BL_US PMDA0174.REF2 GR_US PMDA0174.REF2 BR_US PMDA0174.REF2

;LTM 20m 01072016



07JAN2016  19:09:52  Gain: 22  Zoff: 198 262 215 204
No   Time    G  PAR    F1   F2   F3   F4   Fm1  Fm2  Fm3  Fm4    Y1   Y2   Y3   Y4
 1 19:09:52 22   16   116  149   87   99   254  273  182  230  0.54 0.45 0.52 0.57
 2 19:10:14 22   16   117  149   87   99   266  296  199  252  0.56 0.50 0.56 0.61
 3 19:10:34 22   64   123  160   93  105   236  310  177  233  0.48 0.48 0.47 0.55
 4 19:10:54 22  128   122  164   95  107   227  325  186  226  0.46 0.50 0.49 0.53
 5 19:11:15 22  192   124  169  100  113   211  332  188  223  0.41 0.49 0.47 0.49
 6 19:11:35 22  256   122  171  102  115   200  314  185  210  0.39 0.46 0.45 0.45
 7 19:11:55 22  320   127  176  106  119   203  312  179  220  0.37 0.44 0.41 0.46
 8 19:12:16 22  384   135  186  116  130   204  322  195  241  0.34 0.42 0.41 0.46
 9 19:12:36 22  448   135  185  118  133   199  306  183  230  0.32 0.40 0.36 0.42
10 19:12:56 22  512   129  179  113  127   177  301  176  209  0.27 0.41 0.36 0.39
11 19:13:16 22  576   129  178  115  129   190  291  178  213  0.32 0.39 0.35 0.39
12 19:13:37 22  640   132  181  117  132   178  293  174  215  0.26 0.38 0.33 0.39
13 19:13:57 22  704   136  185  123  138   192  292  178  216  0.29 0.37 0.31 0.36
14 19:14:17 22  832   134  189  126  142   169  288  172  221  0.21 0.34 0.27 0.36
;            Ch1    Ch2    Ch3    Ch4      blue   green  brown
;  alpha:   1.172  1.214  1.138  1.286     1.159 -0.000  1.195
; ETRmax:   476.8 1761.8  512.3 1640.4     662.0    0.0  691.9
;     Ik:   406.9 1450.8  450.1 1275.8     571.3    0.0  579.1
;References: BL_US PMDA0174.REF2 GR_US PMDA0174.REF2 BR_US PMDA0174.REF2

;LTM 40m 01072016



07JAN2016  19:19:11  Gain: 22  Zoff: 198 262 215 204
No   Time    G  PAR    F1   F2   F3   F4   Fm1  Fm2  Fm3  Fm4    Y1   Y2   Y3   Y4
 1 19:19:12 22   16   156  360  114  127   385  697  274  338  0.59 0.48 0.58 0.62
 2 19:19:33 22   16   149  353  111  122   360  668  260  330  0.59 0.47 0.57 0.63
 3 19:19:53 22   64   167  372  122  137   340  680  255  321  0.51 0.45 0.52 0.57
 4 19:20:14 22  128   173  380  127  144   325  661  246  311  0.47 0.43 0.48 0.54
 5 19:20:34 22  192   175  385  130  149   307  643  240  304  0.43 0.40 0.46 0.51
 6 19:20:54 22  256   171  385  131  149   288  636  226  280  0.41 0.39 0.42 0.47
 7 19:21:15 22  320   172  390  132  150   290  634  229  285  0.41 0.38 0.42 0.47
 8 19:21:35 22  384   182  403  140  160   282  629  235  279  0.35 0.36 0.40 0.43
 9 19:21:55 22  448   181  407  142  162   274  636  223  277  0.34 0.36 0.36 0.42
10 19:22:15 22  512   190  418  151  172   282  640  242  284  0.33 0.35 0.38 0.39
11 19:22:36 22  576   194  424  155  175   277  618  235  278  0.30 0.31 0.34 0.37
12 19:22:56 22  640   191  427  153  174   266  624  222  272  0.28 0.32 0.31 0.36
13 19:23:16 22  704   189  431  154  174   258  620  222  265  0.27 0.30 0.31 0.34
14 19:23:37 22  832   192  438  158  180   230  605  210  268  0.17 0.28 0.25 0.33
;            Ch1    Ch2    Ch3    Ch4      blue   green  brown
;  alpha:   1.318  1.078  1.298  1.377     1.251 -0.000  1.217
; ETRmax:   435.0 1091.0  630.7 1020.5     595.6    0.0 1234.5
;     Ik:   330.0 1012.4  486.0  741.1     476.2    0.0 1014.2
;References: BL_US PMDA0174.REF2 GR_US PMDA0174.REF2 BR_US PMDA0174.REF2

;LTM 60m 01072016


07JAN2016  19:26:51  Gain: 22  Zoff: 198 262 215 204
No   Time    G  PAR    F1   F2   F3   F4   Fm1  Fm2  Fm3  Fm4    Y1   Y2   Y3   Y4
 1 19:26:51 22   16   238  155  149  171   516  338  332  407  0.54 0.54 0.55 0.58
 2 19:27:13 22   16   235  156  146  169   553  364  350  429  0.58 0.57 0.58 0.61
 3 19:27:33 22   64   274  181  168  197   462  323  303  373  0.41 0.44 0.45 0.47
 4 19:27:54 22  128   294  191  183  213   449  314  280  356  0.35 0.39 0.35 0.40
 5 19:28:14 22  192   286  182  182  212   391  276  269  323  0.27 0.34 0.32 0.34
 6 19:28:34 22  256   299  188  194  225   401  274  260  329  0.25 0.31 0.25 0.32
 7 19:28:54 22  320   294  186  191  223   383  261  253  315  0.23 0.29 0.25 0.29
 8 19:29:15 22  384   295  185  195  227   369  249  264  308  0.20 0.26 0.26 0.26
 9 19:29:35 22  448   292  182  194  226   356  245  246  298  0.18 0.26 0.21 0.24
10 19:29:55 22  512   296  186  197  229   372  252  242  304  0.20 0.26 0.19 0.25
11 19:30:16 22  576   316  204  207  243   382  276  257  317  0.17 0.26 0.19 0.23
12 19:30:36 22  640   321  209  207  243   381  268  252  308  0.16 0.22 0.18 0.21
13 19:30:56 22  704   305  195  201  235   363  253  243  295  0.16 0.23 0.17 0.20
14 19:31:16 22  832   301  189  203  235   321  231  227  292  0.06 0.18 0.11 0.20
;            Ch1    Ch2    Ch3    Ch4      blue   green  brown
;  alpha:   1.092  1.095  1.174  1.179     0.946  1.635  1.073
; ETRmax:   227.8  558.9  352.7  498.1    1133.1  135.5  763.5
;     Ik:   208.6  510.2  300.3  422.4    1198.1   82.9  711.5
;References: BL_US PMDA0174.REF2 GR_US PMDA0174.REF2 BR_US PMDA0174.REF2

;LTM 80m 01072016



07JAN2016  19:35:06  Gain: 22  Zoff: 198 262 215 204
No   Time    G  PAR    F1   F2   F3   F4   Fm1  Fm2  Fm3  Fm4    Y1   Y2   Y3   Y4
 1 19:35:06 22   16    82   46   50   60   194  130  130  177  0.58 0.65 0.62 0.66
 2 19:35:27 22   16    82   45   50   60   206  128  143  183  0.60 0.65 0.65 0.67
 3 19:35:48 22   64   100   56   61   74   180  126  124  168  0.44 0.56 0.51 0.56
 4 19:36:08 22  128   104   56   66   79   166  106  108  153  0.37 0.47 0.39 0.48
 5 19:36:28 22  192   105   54   67   81   155  102  106  147  0.32 0.47 0.37 0.45
 6 19:36:49 22  256   109   54   71   84   158   92  113  145  0.31 0.41 0.37 0.42
 7 19:37:09 22  320   112   55   75   90   164  108  110  149  0.32 0.49 0.32 0.40
 8 19:37:29 22  384   117   57   79   94   152   95   98  160  0.23 0.40 0.19 0.41
 9 19:37:49 22  448   120   59   81   97   160   97  109  159  0.25 0.39 0.26 0.39
10 19:38:10 22  512   113   54   79   93   150   90  112  137  0.25 0.40 0.29 0.32
11 19:38:30 22  576   115   54   80   95   162   89  110  145  0.29 0.39 0.27 0.34
12 19:38:50 22  640   119   56   84   99   159   84  120  141  0.25 0.33 0.30 0.30
13 19:39:11 22 -460   118   53   85  100   150   89  117  150  0.21 0.40 0.27 0.33
14 19:39:31 22  832   122   58   86  107   127   83  107  157  ---- 0.30 0.20 0.32
;            Ch1    Ch2    Ch3    Ch4      blue   green  brown
;  alpha:   1.074  1.051  0.889  1.096     1.507  0.654  1.752
; ETRmax:   572.0  468.7  298.5  419.0     511.9  218.6 3727.9
;     Ik:   532.4  445.9  335.8  382.3     339.8  334.3 2127.3
;References: BL_US PMDA0174.REF2 GR_US PMDA0174.REF2 BR_US PMDA0174.REF2

;LTM 100m 01072016



07JAN2016  19:43:24  Gain: 22  Zoff: 198 262 215 204
No   Time    G  PAR    F1   F2   F3   F4   Fm1  Fm2  Fm3  Fm4    Y1   Y2   Y3   Y4
 1 19:43:24 22   16   124  115   86   97   271  234  194  247  0.54 0.51 0.56 0.61
 2 19:43:46 22   16   121  114   85   95   274  233  198  241  0.56 0.51 0.57 0.61
 3 19:44:06 22   64   132  126   95  107   254  241  191  234  0.48 0.48 0.50 0.54
 4 19:44:26 22  128   141  132  100  114   253  251  190  234  0.44 0.47 0.47 0.51
 5 19:44:47 22  192   143  136  106  120   222  239  172  219  0.36 0.43 0.38 0.45
 6 19:45:07 22  256   137  128  100  114   217  219  160  204  0.37 0.42 0.38 0.44
 7 19:45:27 22  320   136  127  102  115   200  234  165  201  0.32 0.46 0.38 0.43
 8 19:45:48 22  384   138  134  109  123   210  224  173  208  0.34 0.40 0.37 0.41
 9 19:46:08 22  448   144  131  110  125   200  212  162  205  0.28 0.38 0.32 0.39
10 19:46:28 22  512   140  130  109  124   193  214  162  198  0.27 0.39 0.33 0.37
11 19:46:48 22  576   138  130  110  125   192  213  154  198  0.28 0.39 0.29 0.37
12 19:47:09 22  640   140  127  111  126   186  192  160  192  0.25 0.34 0.31 0.34
13 19:47:29 22  704   137  126  110  125   183  205  155  194  0.25 0.39 0.29 0.36
14 19:47:49 22  832   137  127  113  128   164  197  146  192  0.16 0.36 0.23 0.33
;            Ch1    Ch2    Ch3    Ch4      blue   green  brown
;  alpha:   1.169  1.100  1.202  1.336     1.185 -0.000  1.170
; ETRmax:   425.6 2225.9  716.8 1188.2    1019.5    0.0 1226.6
;     Ik:   363.9 2023.4  596.1  889.5     860.3    0.0 1048.7
;References: BL_US PMDA0174.REF2 GR_US PMDA0174.REF2 BR_US PMDA0174.REF2

;LTM 110m 01072016



07JAN2016  19:52:43  Gain: 22  Zoff: 198 262 215 204
No   Time    G  PAR    F1   F2   F3   F4   Fm1  Fm2  Fm3  Fm4    Y1   Y2   Y3   Y4
 1 19:52:44 22    1    43   33   10   13    82   78   36   69  0.48 0.58 ---- ----
 2 19:53:05 22   16    44   33   11   15    84   73   39   65  0.48 0.55 ---- ----
 3 19:53:26 22   64    45   34   11   15    80   74   38   60  0.44 0.54 ---- ----
 4 19:53:46 22  128    45   32   12   15    66   74   37   68  0.32 0.57 ---- ----
 5 19:54:06 22  192    45   29   15   18    70   62   37   65  0.36 0.53 ---- ----
 6 19:54:26 22  256    47   28   17   21    71   65   49   72  0.34 0.57 ---- 0.71
 7 19:54:47 22  320    47   27   18   22    84   62   43   69  0.44 0.56 ---- 0.68
 8 19:55:07 22  384    48   26   20   25    79   56   46   75  0.39 0.54 ---- 0.67
 9 19:55:27 22  448    49   26   22   26    73   69   47   85  0.33 0.62 0.53 0.69
10 19:55:48 22  512    50   25   23   28    75   57   43   75  0.33 0.56 0.47 0.63
11 19:56:08 22  576    52   24   25   31    69   56   43   74  0.25 0.57 0.42 0.58
12 19:56:28 22  640    53   23   28   33    78   54   55   77  0.32 0.57 0.49 0.57
13 19:56:48 22  704    54   23   29   36    72   55   57   80  0.25 0.58 0.49 0.55
14 19:57:09 22  832    55   21   33   39    60   40   41   88  ---- 0.47 ---- 0.56
;            Ch1    Ch2    Ch3    Ch4      blue   green  brown
;  alpha:   0.822  1.159  1.221  1.865    -0.000  1.014  1.170
; ETRmax:   329.8  619.6 5282.3 1697.8       0.0  335.1 1761.0
;     Ik:   401.1  534.7 4325.7  910.3       0.0  330.6 1505.0
;References: BL_US PMDA0174.REF2 GR_US PMDA0174.REF2 BR_US PMDA0174.REF2

;LTM 110m 01072016



07JAN2016  20:00:35  Gain: 23  Zoff: 292 386 317 301
No   Time    G  PAR    F1   F2   F3   F4   Fm1  Fm2  Fm3  Fm4    Y1   Y2   Y3   Y4
 1 20:00:36 23   16    61   45   13   20    88   82   51   87  0.31 0.45 ---- ----
 2 20:00:57 23   16    58   41   12   19   104   73   41   72  0.44 0.44 ---- ----
 3 20:01:17 23   64    58   42   11   19    95   75   43   69  0.39 0.44 ---- ----
 4 20:01:38 23  128    60   41   14   22    95   89   51   93  0.37 0.54 ---- 0.76
 5 20:01:58 23  192    62   42   18   27    99   73   58   81  0.37 0.42 ---- 0.67
 6 20:02:18 23  256    64   41   19   29   103   82   36   89  0.38 0.50 ---- 0.67
 7 20:02:39 23  320    65   40   22   32    96   79   62   93  0.32 0.49 0.65 0.66
 8 20:02:59 23  384    66   40   23   34    92   83   56   95  0.28 0.52 0.59 0.64
 9 20:03:19 23  448    66   38   25   36   100   76   41  100  0.34 0.50 0.39 0.64
10 20:03:39 23  512    67   37   27   39    90   82   53  105  0.26 0.55 0.49 0.63
11 20:04:00 23  576    68   36   29   41    98   64   58   89  0.31 0.44 0.50 0.54
12 20:04:20 23  640    68   35   30   42    97   64   57   96  0.30 0.45 0.47 0.56
13 20:04:40 23  704    68   33   31   43   100   68   58   91  0.32 0.51 0.47 0.53
14 20:05:01 23  832    44   24   19   48    79   71   49   99  0.44 0.66 ---- 0.52
;            Ch1    Ch2    Ch3    Ch4      blue   green  brown
;  alpha:   0.808  0.951  1.948  1.782    -0.000  2.261  1.071
; ETRmax:  5962.2 781922.8 1372.8 1542.1       0.0 1444.3 435448.1
;     Ik:  7382.1 822596.2  704.6  865.6       0.0  638.6 406739.7
;References: BL_US PMDA0174.REF2 GR_US PMDA0174.REF2 BR_US PMDA0174.REF2

;LTM 120m 01072016



07JAN2016  20:07:38  Gain: 23  Zoff: 292 386 317 301
No   Time    G  PAR    F1   F2   F3   F4   Fm1  Fm2  Fm3  Fm4    Y1   Y2   Y3   Y4
 1 20:07:39 23   16   616  608  175  188   638  648  209  249  0.03 0.06 0.16 0.24
 2 20:08:00 23   16   617  608  176  189   645  657  204  258  0.04 0.07 0.14 0.27
 3 20:08:21 23   64   609  600  172  186   643  629  191  239  0.05 0.05 0.10 0.22
 4 20:08:41 23  128   608  596  173  188   626  627  207  245  0.03 0.05 0.16 0.23
 5 20:09:01 23  192   609  595  178  193   648  630  203  252  0.06 0.06 0.12 0.23
 6 20:09:21 23  256   608  591  179  195   634  628  200  251  0.04 0.06 0.11 0.22
 7 20:09:42 23  320   605  587  180  196   634  613  210  247  0.05 0.04 0.14 0.21
 8 20:10:02 23  384   604  585  182  199   624  608  205  251  0.03 0.04 0.11 0.21
 9 20:10:22 23  448   597  577  181  198   607  607  204  244  0.02 0.05 0.11 0.19
10 20:10:43 23  512   591  569  181  198   604  583  204  247  0.02 0.02 0.11 0.20
11 20:11:03 23  576   592  567  183  201   617  590  200  255  0.04 0.04 0.09 0.21
12 20:11:23 23  640   588  562  184  203   623  593  210  253  0.06 0.05 0.12 0.20
13 20:11:43 23  704   581  555  183  203   595  582  190  236  0.02 0.05 ---- 0.14
14 20:12:04 23  832   518  513  137  182   573  577  189  251  0.10 0.11 0.28 0.27
;            Ch1    Ch2    Ch3    Ch4      blue   green  brown
;  alpha:   0.099  0.063  0.340  0.503    -0.000 -0.000  0.161
; ETRmax:   752.0 21963.8  910.1 3601.7       0.0    0.0 1080.6
;     Ik:  7562.9 350310.8 2678.9 7163.2       0.0    0.0 6693.9
;References: BL_US PMDA0174.REF2 GR_US PMDA0174.REF2 BR_US PMDA0174.REF2

;LTM 130m 01072016



07JAN2016  20:16:41  Gain: 23  Zoff: 292 386 317 301
No   Time    G  PAR    F1   F2   F3   F4   Fm1  Fm2  Fm3  Fm4    Y1   Y2   Y3   Y4
 1 20:16:41 23   16   623  615  173  181   652  656  204  242  0.04 0.06 0.15 0.25
 2 20:17:03 23   16   625  618  175  184   641  652  199  250  0.02 0.05 0.12 0.26
 3 20:17:23 23   64   628  623  175  184   665  655  204  224  0.06 0.05 0.14 0.18
 4 20:17:43 23  128   624  611  175  184   652  637  195  234  0.04 0.04 0.10 0.21
 5 20:18:04 23  192   622  607  177  187   656  653  200  247  0.05 0.07 0.12 0.24
 6 20:18:24 23  256   621  604  178  191   625  634  212  239  ---- 0.05 0.16 0.20
 7 20:18:44 23  320   619  600  180  191   649  616  202  235  0.05 0.03 0.11 0.19
 8 20:19:05 23  384   611  589  178  190   634  620  200  247  0.04 0.05 0.11 0.23
 9 20:19:25 23  448   611  587  180  192   637  629  204  253  0.04 0.07 0.12 0.24
10 20:19:45 23  512   605  581  180  192   641  629  211  240  0.06 0.08 0.15 0.20
11 20:20:05 23  576   606  581  182  195   636  607  202  245  0.05 0.04 0.10 0.20
12 20:20:26 23  640   601  573  181  194   622  598  199  244  0.03 0.04 0.09 0.20
13 20:20:46 23  704   598  571  182  197   625  591  211  246  0.04 0.03 0.14 0.20
14 20:21:06 23  832   531  525  133  174   583  601  193  247  0.09 0.13 0.31 0.30
;            Ch1    Ch2    Ch3    Ch4      blue   green  brown
;  alpha:   0.071  0.093  0.196  0.449    -0.000 -0.000  0.124
; ETRmax:   131.3  111.9 236528.5 391653.7       0.0    0.0 5666.4
;     Ik:  1843.6 1199.9 1208738. 872700.7       0.0    0.0 45757.4
;References: BL_US PMDA0174.REF2 GR_US PMDA0174.REF2 BR_US PMDA0174.REF2


;LTM 140m 01072016



07JAN2016  20:25:07  Gain: 23  Zoff: 292 386 317 301
No   Time    G  PAR    F1   F2   F3   F4   Fm1  Fm2  Fm3  Fm4    Y1   Y2   Y3   Y4
 1 20:25:07 23   16   561  550  154  162   593  587  188  216  0.05 0.06 0.18 0.25
 2 20:25:28 23   16   563  550  155  164   589  584  186  229  0.04 0.06 0.17 0.28
 3 20:25:49 23   64   554  539  151  160   580  577  176  208  0.04 0.07 0.14 0.23
 4 20:26:09 23  128   548  531  151  161   582  569  196  224  0.06 0.07 0.23 0.28
 5 20:26:29 23  192   542  522  152  161   566  555  170  211  0.04 0.06 0.11 0.24
 6 20:26:50 23  256   535  514  152  162   557  552  173  229  0.04 0.07 0.12 0.29
 7 20:27:10 23  320   532  508  153  163   541  536  174  230  0.02 0.05 0.12 0.29
 8 20:27:30 23  384   527  501  153  164   553  530  182  208  0.05 0.05 0.16 0.21
 9 20:27:50 23  448   522  495  153  164   544  528  192  220  0.04 0.06 0.20 0.25
10 20:28:11 23  512   516  487  153  164   529  515  173  217  0.02 0.05 0.12 0.24
11 20:28:31 23  576   508  478  151  163   530  496  168  210  0.04 0.04 0.10 0.22
12 20:28:51 23  640   504  473  152  165   532  501  175  206  0.05 0.06 0.13 0.20
13 20:29:12 23  704   498  465  151  164   523  495  175  222  0.05 0.06 0.14 0.26
14 20:29:32 23  832   441  427  113  149   477  485  162  218  0.08 0.12 0.30 0.32
;            Ch1    Ch2    Ch3    Ch4      blue   green  brown
;  alpha:   0.055  0.159  0.170  0.583    -0.000 -0.000  0.114
; ETRmax:   288.8  533.4  176.5 16137.6       0.0    0.0  235.6
;     Ik:  5266.7 3362.7 1040.9 27675.7       0.0    0.0 2065.0
;References: BL_US PMDA0174.REF2 GR_US PMDA0174.REF2 BR_US PMDA0174.REF2

;LTM 150m 01072016



07JAN2016  20:34:19  Gain: 23  Zoff: 292 386 317 301
No   Time    G  PAR    F1   F2   F3   F4   Fm1  Fm2  Fm3  Fm4    Y1   Y2   Y3   Y4
 1 20:34:19 23   16   211  188   48   54   251  238   79  121  0.16 0.21 0.39 0.55
 2 20:34:41 23   16   210  188   48   54   241  224   75  114  0.13 0.16 0.36 0.53
 3 20:35:01 23   64   210  187   47   55   250  222   81  117  0.16 0.16 0.42 0.53
 4 20:35:21 23  128   208  183   48   56   242  229   65  114  0.14 0.20 0.26 0.51
 5 20:35:42 23  192   209  181   50   59   245  219   88  120  0.15 0.17 0.43 0.51
 6 20:36:02 23  256   204  173   51   60   234  201   71  116  0.13 0.14 0.28 0.48
 7 20:36:22 23  320   203  171   53   62   228  210   74  111  0.11 0.19 0.28 0.44
 8 20:36:42 23  384   203  169   54   63   226  209   82  120  0.10 0.19 0.34 0.47
 9 20:37:03 23  448   202  166   56   66   231  188   82  107  0.13 0.12 0.32 0.38
10 20:37:23 23  512   200  163   57   67   236  196   72  121  0.15 0.17 0.21 0.45
11 20:37:43 23  576   199  161   58   69   225  197   84  117  0.12 0.18 0.31 0.41
12 20:38:03 23  640   197  157   58   70   225  200   76  121  0.12 0.22 0.24 0.42
13 20:38:24 23  704   194  153   59   71   212  190   75  132  0.08 0.19 0.21 0.46
14 20:38:44 23  832   162  136   39   71   202  179   78  107  0.20 0.24 0.50 0.34
;            Ch1    Ch2    Ch3    Ch4      blue   green  brown
;  alpha:   0.266  0.376  0.639  1.232    -0.000 -0.000  0.470
; ETRmax:   981.6 777269.7 4035.6 1254.8       0.0    0.0 16944.7
;     Ik:  3687.6 2068383. 6315.1 1018.7       0.0    0.0 36032.6
;References: BL_US PMDA0174.REF2 GR_US PMDA0174.REF2 BR_US PMDA0174.REF2

;LTM 160m 01072016



07JAN2016  20:42:13  Gain: 23  Zoff: 292 386 317 301
No   Time    G  PAR    F1   F2   F3   F4   Fm1  Fm2  Fm3  Fm4    Y1   Y2   Y3   Y4
 1 20:42:13 23   16   179  158   36   42   210  210   55  111  0.15 0.25 0.35 0.62
 2 20:42:35 23   16   176  152   35   42   199  198   71  103  0.12 0.23 0.51 0.59
 3 20:42:55 23   64   177  153   35   42   207  184   68  102  0.14 0.17 0.49 0.59
 4 20:43:15 23  128   174  147   36   43   201  184   65  109  0.13 0.20 0.45 0.61
 5 20:43:36 23  192   172  142   38   46   201  178   63   94  0.14 0.20 0.40 0.51
 6 20:43:56 23  256   171  140   40   48   188  189   76  100  0.09 0.26 0.47 0.52
 7 20:44:16 23  320   170  136   41   49   194  173   64  109  0.12 0.21 0.36 0.55
 8 20:44:37 23  384   168  132   41   50   201  162   63   96  0.16 0.19 0.35 0.48
 9 20:44:57 23  448   167  129   43   53   202  174   75  114  0.17 0.26 0.43 0.54
10 20:45:17 23  512   167  127   46   56   198  157   79   99  0.16 0.19 0.42 0.43
11 20:45:37 23  576   166  124   46   57   200  157   73   94  0.17 0.21 0.37 0.39
12 20:45:58 23  640   165  122   47   57   182  155   72  103  0.09 0.21 0.35 0.45
13 20:46:18 23  704   164  119   47   59   195  145   78   99  0.16 0.18 0.40 0.40
14 20:46:38 23  832   130  101   27   57   164  153   71  118  0.21 0.34 0.62 0.52
;            Ch1    Ch2    Ch3    Ch4      blue   green  brown
;  alpha:   0.288  0.477  0.904  1.374    -0.000 11.353  0.506
; ETRmax:  3768239. 950527.0 3170044. 2459.2       0.0 1570.2 366241.7
;     Ik:  13101316 1992910. 3507752. 1790.4       0.0  138.3 723722.6
;References: BL_US PMDA0174.REF2 GR_US PMDA0174.REF2 BR_US PMDA0174.REF2

;LTM 170m 01072016



07JAN2016  20:49:50  Gain: 23  Zoff: 292 386 317 301
No   Time    G  PAR    F1   F2   F3   F4   Fm1  Fm2  Fm3  Fm4    Y1   Y2   Y3   Y4
 1 20:49:50 23   16   148  122   27   31   178  147   50   93  0.17 0.17 0.46 0.67
 2 20:50:12 23   16   148  122   27   32   176  156   64   97  0.16 0.22 0.58 0.67
 3 20:50:32 23   64   145  117   25   31   176  163   55   89  0.18 0.28 0.55 0.65
 4 20:50:53 23  128   145  115   27   33   182  141   52  116  0.20 0.18 0.48 0.72
 5 20:51:13 23  192   144  110   28   33   165  147   62   88  0.13 0.25 0.55 0.63
 6 20:51:33 23  256   140  104   29   33   165  135   53   88  0.15 0.23 0.45 0.63
 7 20:51:53 23  320   139  101   30   35   176  139   52   86  0.21 0.27 0.42 0.59
 8 20:52:14 23  384   136   96   30   35   164  126   61   85  0.17 0.24 0.51 0.59
 9 20:52:34 23  448   135   93   31   37   165  133   48   98  0.18 0.30 0.35 0.62
10 20:52:54 23  512   135   91   33   39   170  114   60   85  0.21 0.20 0.45 0.54
11 20:53:15 23  576   132   88   33   39   159  123   67   86  0.17 0.28 0.51 0.55
12 20:53:35 23  640   132   86   35   41   165  119   62  100  0.20 0.28 0.44 0.59
13 20:53:55 23  704   133   85   36   43   151  123   54   97  0.12 0.31 0.33 0.56
14 20:54:15 23  832   104   72   20   44   145  117   68   92  0.28 0.38 ---- 0.52
;            Ch1    Ch2    Ch3    Ch4      blue   green  brown
;  alpha:   0.304  0.439  1.572  1.488    -0.000 15.113  0.611
; ETRmax:  595696.5 273312.7  852.7 4044.4       0.0 2350.9  872.1
;     Ik:  1959586. 622177.9  542.4 2717.5       0.0  155.6 1428.2
;References: BL_US PMDA0174.REF2 GR_US PMDA0174.REF2 BR_US PMDA0174.REF2

;LTM 180m 01072016



07JAN2016  20:58:28  Gain: 23  Zoff: 292 386 317 301
No   Time    G  PAR    F1   F2   F3   F4   Fm1  Fm2  Fm3  Fm4    Y1   Y2   Y3   Y4
 1 20:58:29 23   16   147  124   24   30   170  170   55   95  0.14 0.27 0.56 0.68
 2 20:58:50 23   16   147  122   27   32   173  152   46  102  0.15 0.20 0.41 0.69
 3 20:59:11 23   64   143  119   24   29   165  161   54   82  0.13 0.26 0.56 0.65
 4 20:59:31 23  128   142  115   25   30   162  156   49  101  0.12 0.26 0.49 0.70
 5 20:59:51 23  192   144  115   28   34   179  152   58   77  0.20 0.24 0.52 0.56
 6 21:00:11 23  256   145  114   31   37   180  146   56   98  0.19 0.22 0.45 0.62
 7 21:00:32 23  320   144  110   32   40   167  142   54   92  0.14 0.23 0.41 0.57
 8 21:00:52 23  384   142  107   33   41   167  138   58  100  0.15 0.22 0.43 0.59
 9 21:01:12 23  448   142  105   34   42   169  144   59  101  0.16 0.27 0.42 0.58
10 21:01:32 23  512   142  104   35   44   163  138   59   86  0.13 0.25 0.41 0.49
11 21:01:53 23  576   142  102   37   46   168  126   48  103  0.15 0.19 0.23 0.55
12 21:02:13 23  640   142  101   38   48   178  144   52   92  0.20 0.30 0.27 0.48
13 21:02:33 23  704   142   99   39   50   168  133   54   99  0.15 0.26 0.28 0.49
14 21:02:54 23  832   110   82   20   50   152  140   69  103  0.28 0.41 ---- 0.51
;            Ch1    Ch2    Ch3    Ch4      blue   green  brown
;  alpha:   0.284  0.469  1.254  1.413    -0.000 -0.000  0.558
; ETRmax:  392286.1 134431.3  419.7 1598.8       0.0    0.0 439880.0
;     Ik:  1380610. 286742.9  334.8 1131.9       0.0    0.0 788240.3
;References: BL_US PMDA0174.REF2 GR_US PMDA0174.REF2 BR_US PMDA0174.REF2

;LTM 190m 01072016



07JAN2016  21:05:56  Gain: 23  Zoff: 292 386 317 301
No   Time    G  PAR    F1   F2   F3   F4   Fm1  Fm2  Fm3  Fm4    Y1   Y2   Y3   Y4
 1 21:05:56 23   16   146  149   48   60   201  215   92  138  0.27 0.31 0.48 0.57
 2 21:06:18 23   16   149  148   50   61   215  209  106  147  0.31 0.29 0.53 0.59
 3 21:06:38 23   64   150  149   46   56   198  226   88  140  0.24 0.34 0.48 0.60
 4 21:06:58 23  128   152  154   53   65   202  220  112  154  0.25 0.30 0.53 0.58
 5 21:07:18 23  192   158  155   60   72   185  214   98  133  0.15 0.28 0.39 0.46
 6 21:07:39 23  256   152  149   54   65   184  212   84  136  0.17 0.30 0.36 0.52
 7 21:07:59 23  320   150  147   54   64   195  202   90  128  0.23 0.27 0.40 0.50
 8 21:08:19 23  384   148  146   53   64   176  203   92  133  0.16 0.28 0.42 0.52
 9 21:08:39 23  448   152  149   57   70   190  215   96  132  0.20 0.31 0.41 0.47
10 21:09:00 23  512   153  148   60   71   186  206   86  131  0.18 0.28 0.30 0.46
11 21:09:20 23  576   150  146   59   71   184  185  100  126  0.18 0.21 0.41 0.44
12 21:09:40 23  640   152  147   61   74   184  194   98  141  0.17 0.24 0.38 0.48
13 21:10:01 23  704   155  147   64   78   196  203   96  137  0.21 0.28 0.33 0.43
14 21:10:21 23  832   122  131   44   78   163  191   90  130  0.25 0.31 0.51 0.40
;            Ch1    Ch2    Ch3    Ch4      blue   green  brown
;  alpha:   0.402  0.652  0.947  1.250     1.397 -0.000  0.738
; ETRmax:  631129.1 6685.0 9758.6 1092.9     551.0    0.0 1575.1
;     Ik:  1568417. 10249.9 10307.2  874.1     394.3    0.0 2133.5
;References: BL_US PMDA0174.REF2 GR_US PMDA0174.REF2 BR_US PMDA0174.REF2

;LTM 200m 01072016



07JAN2016  21:13:25  Gain: 23  Zoff: 292 386 317 301
No   Time    G  PAR    F1   F2   F3   F4   Fm1  Fm2  Fm3  Fm4    Y1   Y2   Y3   Y4
 1 21:13:26 23   16   101   72    8    8   140  119   32   73  0.28 0.39 ---- ----
 2 21:13:47 23   16   101   73    9   10   128  111   48   56  0.21 0.34 ---- ----
 3 21:14:08 23   64   103   74    8   11   137  113   41   59  0.25 0.35 ---- ----
 4 21:14:28 23  128   105   73   12   14   139  111   43   71  0.24 0.34 ---- ----
 5 21:14:48 23  192   106   73   14   18   145  114   33   69  0.27 0.36 ---- ----
 6 21:15:08 23  256   108   72   17   21   132  110   44   73  0.18 0.35 ---- 0.71
 7 21:15:29 23  320   110   72   20   24   142  107   47   89  0.23 0.33 ---- 0.73
 8 21:15:49 23  384   111   72   22   27   133  116   51   85  0.17 0.38 0.57 0.68
 9 21:16:09 23  448   113   72   24   30   136  119   60   97  0.17 0.39 0.60 0.69
10 21:16:29 23  512   114   72   27   33   138   98   45   89  0.17 0.27 0.40 0.63
11 21:16:50 23  576   115   72   28   36   150  101   54   86  0.23 0.29 0.48 0.58
12 21:17:10 23  640   118   72   31   39   140  111   61   91  0.16 0.35 0.49 0.57
13 21:17:30 23  704   119   72   34   42   151  114   69   88  0.21 0.37 0.51 0.52
14 21:17:51 23  832    91   60   17   44   137   99   60  102  0.34 0.39 ---- 0.57
;            Ch1    Ch2    Ch3    Ch4      blue   green  brown
;  alpha:   0.527  0.797  1.612  2.015    -0.000  9.078  0.877
; ETRmax:  3773.9 27773.6 1845.8 2402.8       0.0 1803.9 3341.2
;     Ik:  7157.7 34849.8 1144.9 1192.3       0.0  198.7 3811.6
;References: BL_US PMDA0174.REF2 GR_US PMDA0174.REF2 BR_US PMDA0174.REF2

;LTM 200m 01072016



07JAN2016  21:19:40  Gain: 23  Zoff: 292 386 317 301
No   Time    G  PAR    F1   F2   F3   F4   Fm1  Fm2  Fm3  Fm4    Y1   Y2   Y3   Y4
 1 21:19:40 23   16   102   75    7    9   135  120   32   68  0.24 0.38 ---- ----
 2 21:20:02 23   16   102   73    9   10   136  112   34   67  0.25 0.35 ---- ----
 3 21:20:22 23   64   101   74    7    9   123  116   39   61  0.18 0.36 ---- ----
 4 21:20:43 23  128   102   72   10   12   125  105   36   76  0.18 0.31 ---- ----
 5 21:21:03 23  192   104   71   13   16   122  114   31   74  0.15 0.38 ---- ----
 6 21:21:23 23  256   105   70   15   19   134  104   42   81  0.22 0.33 ---- ----
 7 21:21:43 23  320   106   69   18   21   125  103   45   78  0.15 0.33 ---- 0.73
 8 21:22:04 23  384   107   69   20   23   130  103   43   81  0.18 0.33 ---- 0.72
 9 21:22:24 23  448   108   68   22   26   140   97   55   69  0.23 0.30 0.60 0.62
10 21:22:44 23  512   109   67   23   28   128   88   46   76  0.15 0.24 0.50 0.63
11 21:23:04 23  576   109   66   24   30   131   99   50   82  0.17 0.33 0.52 0.63
12 21:23:25 23  640   110   65   26   32   132   91   51   76  0.17 0.29 0.49 0.58
13 21:23:45 23  704   112   65   28   35   128   91   53   95  0.13 0.29 0.47 0.63
14 21:24:05 23  832    85   53   14   37   119  105   51   88  0.29 0.50 ---- 0.58
;            Ch1    Ch2    Ch3    Ch4      blue   green  brown
;  alpha:   0.353  0.748  2.228  1.907    -0.000 -0.000  0.798
; ETRmax:  687948.0 1194376. 1370.6 3191.8       0.0    0.0 11405.8
;     Ik:  1946953. 1596528.  615.2 1674.0       0.0    0.0 14287.8
;References: BL_US PMDA0174.REF2 GR_US PMDA0174.REF2 BR_US PMDA0174.REF2