
Gain: 21  Zoff: 278 307 187 180

;LTM_11022017_0m
02NOV2017  20:58:50  Gain: 21  Zoff: 278 307 187 180
No   Time    G  PAR    F1   F2   F3   F4   Fm1  Fm2  Fm3  Fm4    Y1   Y2   Y3   Y4
 1 20:59:01 21 3391   101  138   81   92   189  230  157  188  0.47 0.40 0.48 0.51

02NOV2017  20:59:04  Gain: 21  Zoff: 278 307 187 180
No   Time    G  PAR    F1   F2   F3   F4   Fm1  Fm2  Fm3  Fm4    Y1   Y2   Y3   Y4
 1 20:59:04 21 3386   104  139   86   98   186  225  156  185  0.44 0.38 0.45 0.47
 2 20:59:26 21 3389   104  142   85   96   195  243  153  191  0.47 0.42 0.44 0.50
 3 20:59:46 21 3389   104  146   84   95   182  242  145  186  0.43 0.40 0.42 0.49
 4 21:00:06 21 3390   106  150   86   98   169  246  149  179  0.37 0.39 0.42 0.45
 5 21:00:26 21 3389   106  151   88  100   169  236  145  174  0.37 0.36 0.39 0.43
 6 21:00:47 21 3390   105  152   90  102   166  237  148  174  0.37 0.36 0.39 0.41
 7 21:01:07 21 3390   108  154   93  105   171  236  151  178  0.37 0.35 0.38 0.41
 8 21:01:27 21 3384   111  156   95  108   162  239  142  179  0.31 0.35 0.33 0.40
 9 21:01:48 21 3390   106  155   94  106   160  230  143  174  0.34 0.33 0.34 0.39
10 21:02:08 21 3391   105  153   95  107   148  228  143  172  0.29 0.33 0.34 0.38
;            Ch1    Ch2    Ch3    Ch4      blue   green  brown
;  alpha:  95963.26  0.345  0.376 70768.87     0.378 -0.000  0.374
; ETRmax:  5030.1  751.8  775.5 3265.3     779.4    0.0  776.4
;     Ik:     0.1 2180.9 2063.0    0.0    2063.6    0.0 2073.6
;References: BL_US PMDA0174.REF2 GR_US PMDA0174.REF2 BR_US PMDA0174.REF2

;LTM_11022017_10m

02NOV2017  21:03:45  Gain: 21  Zoff: 278 307 187 180
No   Time    G  PAR    F1   F2   F3   F4   Fm1  Fm2  Fm3  Fm4    Y1   Y2   Y3   Y4
 1 21:03:57 21 3390   129  134   92  108   250  229  183  225  0.48 0.41 0.50 0.52

02NOV2017  21:04:00  Gain: 21  Zoff: 278 307 187 180
No   Time    G  PAR    F1   F2   F3   F4   Fm1  Fm2  Fm3  Fm4    Y1   Y2   Y3   Y4
 1 21:04:00 21 3393   135  135   97  113   232  220  179  216  0.42 0.39 0.46 0.48
 2 21:04:22 21 3390   124  132   90  105   228  230  169  211  0.46 0.43 0.47 0.50
 3 21:04:42 21 3387   128  138   91  107   226  243  174  210  0.43 0.43 0.48 0.49
 4 21:05:02 21 3391   126  140   92  107   204  236  159  192  0.38 0.41 0.42 0.44
 5 21:05:22 21 3389   122  139   90  106   197  243  152  190  0.38 0.43 0.41 0.44
 6 21:05:43 21 3388   122  139   92  107   186  231  152  188  0.34 0.40 0.39 0.43
 7 21:06:03 21 3384   121  140   94  109   183  222  155  191  0.34 0.37 0.39 0.43
 8 21:06:23 21 3387   122  139   95  111   180  218  147  184  0.32 0.36 0.35 0.40
 9 21:06:44 21 3390   122  139   95  110   179  217  149  186  0.32 0.36 0.36 0.41
10 21:07:04 21 3394   124  140   97  113   176  222  146  183  0.30 0.37 0.34 0.38
;            Ch1    Ch2    Ch3    Ch4      blue   green  brown
;  alpha:  259118.4  0.379 763014.3 116121.5    154763.7 -0.000  0.385
; ETRmax:  4696.7  780.0 3439.5 3265.9    4982.2    0.0  784.2
;     Ik:     0.0 2059.9    0.0    0.0       0.0    0.0 2036.7
;References: BL_US PMDA0174.REF2 GR_US PMDA0174.REF2 BR_US PMDA0174.REF2

;LTM_11022017_20m

02NOV2017  21:08:37  Gain: 21  Zoff: 278 307 187 180
No   Time    G  PAR    F1   F2   F3   F4   Fm1  Fm2  Fm3  Fm4    Y1   Y2   Y3   Y4
 1 21:08:49 21 3371   155  152   99  117   307  285  204  246  0.50 0.47 0.51 0.52

02NOV2017  21:08:55  Gain: 21  Zoff: 278 307 187 180
No   Time    G  PAR    F1   F2   F3   F4   Fm1  Fm2  Fm3  Fm4    Y1   Y2   Y3   Y4
 1 21:08:55 21 3390   159  153  104  123   305  281  203  254  0.48 0.46 0.49 0.52
 2 21:09:17 21 3391   151  152   99  117   292  286  199  250  0.48 0.47 0.50 0.53
 3 21:09:37 21 3390   151  157   99  116   268  293  189  231  0.44 0.46 0.48 0.50
 4 21:09:57 21 3381   158  162  103  122   273  293  188  232  0.42 0.45 0.45 0.47
 5 21:10:17 21 3389   153  160  101  120   246  286  176  218  0.38 0.44 0.43 0.45
 6 21:10:38 21 3386   198  196  118  144   312  335  204  248  0.37 0.41 0.42 0.42
 7 21:10:58 21 3391   196  190  117  139   268  301  184  227  0.27 0.37 0.36 0.39
 8 21:11:18 21 3385   162  166  110  129   235  264  170  212  0.31 0.37 0.35 0.39
 9 21:11:38 21 3385   158  164  110  129   234  264  178  218  0.32 0.38 0.38 0.41
10 21:11:59 21 3387   167  169  117  138   234  264  177  220  0.29 0.36 0.34 0.37
;            Ch1    Ch2    Ch3    Ch4      blue   green  brown
;  alpha:  269446.1  0.407  0.412  0.444    61442.19 -0.000  0.403
; ETRmax:  5739.4  800.4  802.6  825.5    61954.6    0.0  797.0
;     Ik:     0.0 1964.6 1948.1 1859.9       1.0    0.0 1978.5
;References: BL_US PMDA0174.REF2 GR_US PMDA0174.REF2 BR_US PMDA0174.REF2

;LTM_11022017_30m

02NOV2017  21:13:37  Gain: 21  Zoff: 278 307 187 180
No   Time    G  PAR    F1   F2   F3   F4   Fm1  Fm2  Fm3  Fm4    Y1   Y2   Y3   Y4
 1 21:13:48 21 3392   200  360  132  151   398  589  269  330  0.50 0.39 0.51 0.54

02NOV2017  21:13:52  Gain: 21  Zoff: 278 307 187 180
No   Time    G  PAR    F1   F2   F3   F4   Fm1  Fm2  Fm3  Fm4    Y1   Y2   Y3   Y4
 1 21:13:52 21 3392   208  367  139  159   392  579  270  324  0.47 0.37 0.49 0.51
 2 21:14:13 21 3388   203  374  136  155   380  602  262  314  0.47 0.38 0.48 0.51
 3 21:14:33 21 3389   208  384  140  160   359  601  251  310  0.42 0.36 0.44 0.48
 4 21:14:54 21 3386   208  388  141  161   332  586  237  286  0.37 0.34 0.41 0.44
 5 21:15:14 21 3393   205  390  143  163   316  586  231  282  0.35 0.33 0.38 0.42
 6 21:15:34 21 3386   209  396  146  167   316  581  239  280  0.34 0.32 0.39 0.40
 7 21:15:55 21 3389   210  398  150  172   304  572  234  280  0.31 0.30 0.36 0.39
 8 21:16:15 21 3383   208  398  150  171   292  564  229  271  0.29 0.29 0.34 0.37
 9 21:16:35 21 3390   206  400  150  171   294  558  220  271  0.30 0.28 0.32 0.37
10 21:16:55 21 3387   209  404  153  175   281  564  222  274  0.26 0.28 0.31 0.36
;            Ch1    Ch2    Ch3    Ch4      blue   green  brown
;  alpha:   0.335  0.299  0.376  0.417    101030.9 -0.000  0.337
; ETRmax:   749.7  743.4  776.8  807.6    2525.0    0.0  750.2
;     Ik:  2238.6 2482.5 2066.0 1935.2       0.0    0.0 2225.0
;References: BL_US PMDA0174.REF2 GR_US PMDA0174.REF2 BR_US PMDA0174.REF2

;LTM_11022017_40m

02NOV2017  21:18:51  Gain: 21  Zoff: 278 307 187 180
No   Time    G  PAR    F1   F2   F3   F4   Fm1  Fm2  Fm3  Fm4    Y1   Y2   Y3   Y4
 1 21:19:03 21 3391   196  345  120  138   429  623  266  328  0.54 0.45 0.55 0.58

02NOV2017  21:19:06  Gain: 21  Zoff: 278 307 187 180
No   Time    G  PAR    F1   F2   F3   F4   Fm1  Fm2  Fm3  Fm4    Y1   Y2   Y3   Y4
 1 21:19:06 21 3393   210  356  128  148   456  645  274  339  0.54 0.45 0.53 0.56
 2 21:19:28 21 3391   216  366  132  152   408  629  258  322  0.47 0.42 0.49 0.53
 3 21:19:48 21 3391   226  379  136  157   408  645  255  320  0.45 0.41 0.47 0.51
 4 21:20:08 21 3386   235  392  139  162   377  634  245  299  0.38 0.38 0.43 0.46
 5 21:20:28 21 3383   219  381  138  159   347  611  241  292  0.37 0.38 0.43 0.46
 6 21:20:49 21 3385   219  381  141  162   334  600  238  286  0.34 0.36 0.41 0.43
 7 21:21:09 21 3385   222  390  143  165   344  604  231  284  0.35 0.35 0.38 0.42
 8 21:21:29 21 3384   229  399  149  172   337  600  235  286  0.32 0.34 0.37 0.40
 9 21:21:50 21 3383   258  426  162  191   379  630  250  304  0.32 0.32 0.35 0.37
10 21:22:10 21 3390   265  427  163  190   331  594  231  286  0.20 0.28 0.29 0.34
;            Ch1    Ch2    Ch3    Ch4      blue   green  brown
;  alpha:   0.349  0.349  0.394  0.432     0.392 -0.000  0.370
; ETRmax:   959.6  759.1 1052.9 1119.8     792.7    0.0 1007.2
;     Ik:  2746.8 2172.8 2671.5 2589.4    2021.7    0.0 2720.5
;References: BL_US PMDA0174.REF2 GR_US PMDA0174.REF2 BR_US PMDA0174.REF2

;LTM_11022017_50m
02NOV2017  20:42:36  Gain: 21  Zoff: 278 307 187 180
No   Time    G  PAR    F1   F2   F3   F4   Fm1  Fm2  Fm3  Fm4    Y1   Y2   Y3   Y4
 1 20:51:33 21 3383   236  353  139  164   515  671  303  382  0.54 0.47 0.54 0.57

02NOV2017  20:51:38  Gain: 21  Zoff: 278 307 187 180
No   Time    G  PAR    F1   F2   F3   F4   Fm1  Fm2  Fm3  Fm4    Y1   Y2   Y3   Y4
 1 20:51:38 21 3389   248  363  149  175   511  663  309  388  0.51 0.45 0.52 0.55
 2 20:52:00 21 3391   240  357  144  169   473  643  282  355  0.49 0.44 0.49 0.52
 3 20:52:20 21 3390   256  376  150  179   462  650  283  348  0.45 0.42 0.47 0.49
 4 20:52:40 21 3391   267  387  156  187   450  641  273  344  0.41 0.40 0.43 0.46
 5 20:53:00 21 3391   291  407  172  206   458  646  284  350  0.36 0.37 0.39 0.41
 6 20:53:21 21 3388   298  416  175  211   435  626  270  338  0.31 0.34 0.35 0.38
 7 20:53:41 21 3393   298  419  176  211   432  626  267  336  0.31 0.33 0.34 0.37
 8 20:54:01 21 3390   305  430  180  218   425  615  260  329  0.28 0.30 0.31 0.34
 9 20:54:22 21 3389   309  434  184  222   425  614  265  326  0.27 0.29 0.31 0.32
10 20:54:42 21 3381   322  447  193  233   420  615  269  338  0.23 0.27 0.28 0.31
;            Ch1    Ch2    Ch3    Ch4      blue   green  brown
;  alpha:   0.343  0.341  0.373  0.404     0.324 -0.000  0.367
; ETRmax:   751.7  747.3  774.0  799.0     904.6    0.0  771.6
;     Ik:  2191.7 2192.2 2076.3 1978.2    2789.2    0.0 2101.7
;References: BL_US PMDA0174.REF2 GR_US PMDA0174.REF2 BR_US PMDA0174.REF2

;LTM_11022017_60m
02NOV2017  21:26:09  Gain: 21  Zoff: 278 307 187 180
No   Time    G  PAR    F1   F2   F3   F4   Fm1  Fm2  Fm3  Fm4    Y1   Y2   Y3   Y4
 1 21:26:27 21 3391   240  148  149  171   512  316  322  386  0.53 0.53 0.54 0.56

02NOV2017  21:26:31  Gain: 21  Zoff: 278 307 187 180
No   Time    G  PAR    F1   F2   F3   F4   Fm1  Fm2  Fm3  Fm4    Y1   Y2   Y3   Y4
 1 21:26:31 21 3395   249  151  157  180   506  303  332  390  0.51 0.50 0.53 0.54
 2 21:26:53 21 3383   241  148  151  174   476  294  302  364  0.49 0.50 0.50 0.52
 3 21:27:13 21 3388   261  159  163  189   440  281  285  343  0.41 0.43 0.43 0.45
 4 21:27:33 21 3389   283  170  176  205   422  270  273  327  0.33 0.37 0.36 0.37
 5 21:27:53 21 3385   296  177  187  217   409  260  265  320  0.28 0.32 0.29 0.32
 6 21:28:14 21 3385   305  180  193  224   402  256  267  318  0.24 0.30 0.28 0.30
 7 21:28:34 21 3381   309  184  197  229   397  257  265  314  0.22 0.28 0.26 0.27
 8 21:28:54 21 3387   315  184  201  234   392  246  261  310  0.20 0.25 0.23 0.25
 9 21:29:15 21 3385   316  183  202  235   385  244  256  313  0.18 0.25 0.21 0.25
10 21:29:35 21 3381   314  182  203  236   376  235  251  310  0.16 0.23 0.19 0.24
;            Ch1    Ch2    Ch3    Ch4      blue   green  brown
;  alpha:  46565.58  0.318 151304.7 951220.2    546970.1  0.354  0.418
; ETRmax:  128615.0  745.0 3316.7 3016.0    3884.8   21.3  808.3
;     Ik:     2.8 2339.2    0.0    0.0       0.0   60.1 1935.4
;References: BL_US PMDA0174.REF2 GR_US PMDA0174.REF2 BR_US PMDA0174.REF2

;LTM_11022017_70m

02NOV2017  21:31:31  Gain: 21  Zoff: 278 307 187 180
No   Time    G  PAR    F1   F2   F3   F4   Fm1  Fm2  Fm3  Fm4    Y1   Y2   Y3   Y4
 1 21:31:43 21 3385    42   42   28   35   108   94   81  109  0.61 0.55 0.65 0.68

02NOV2017  21:31:46  Gain: 21  Zoff: 278 307 187 180
No   Time    G  PAR    F1   F2   F3   F4   Fm1  Fm2  Fm3  Fm4    Y1   Y2   Y3   Y4
 1 21:31:47 21 3390    46   41   33   40   106   89   94  112  0.57 0.54 0.65 0.64
 2 21:32:08 21 3394    43   40   30   36   103   94   82  108  0.58 0.57 0.63 0.67
 3 21:32:29 21 3387    42   40   29   37    96   90   77  109  0.56 0.56 0.62 0.66
 4 21:32:49 21 3387    48   43   33   41    96   87   76  100  0.50 0.51 0.57 0.59
 5 21:33:09 21 3385    49   43   35   43    93   86   76  108  0.47 0.50 0.54 0.60
 6 21:33:29 21 3382    49   42   36   44    92   83   72   99  0.47 0.49 0.50 0.56
 7 21:33:50 21 3387    51   42   38   46    89   80   76  104  0.43 0.47 0.50 0.56
 8 21:34:10 21 3391    50   40   39   48    89   77   79   99  0.44 0.48 0.51 0.52
 9 21:34:30 21 3385    53   41   42   51    90   78   79  105  0.41 0.47 0.47 0.51
10 21:34:51 21 3387    54   40   44   53    90   73   75  104  0.40 0.45 0.41 0.49
;            Ch1    Ch2    Ch3    Ch4      blue   green  brown
;  alpha:   0.495  0.528  0.578  0.642     0.677 -0.000  0.599
; ETRmax:   867.7  884.5  926.8  965.2     989.0    0.0  936.3
;     Ik:  1754.4 1675.7 1603.0 1504.0    1460.7    0.0 1564.0
;References: BL_US PMDA0174.REF2 GR_US PMDA0174.REF2 BR_US PMDA0174.REF2

;LTM_11022017_80m

02NOV2017  21:37:21  Gain: 21  Zoff: 278 307 187 180
No   Time    G  PAR    F1   F2   F3   F4   Fm1  Fm2  Fm3  Fm4    Y1   Y2   Y3   Y4
 1 21:37:32 21 3389    68   57   41   49   153  115  107  143  0.56 0.50 0.62 0.66

02NOV2017  21:37:36  Gain: 21  Zoff: 278 307 187 180
No   Time    G  PAR    F1   F2   F3   F4   Fm1  Fm2  Fm3  Fm4    Y1   Y2   Y3   Y4
 1 21:37:36 21 3393    72   57   45   54   159  109  113  142  0.55 0.48 0.60 0.62
 2 21:37:57 21 3391    73   58   46   54   160  124  113  142  0.54 0.53 0.59 0.62
 3 21:38:18 21 3387    73   59   45   55   142  113   99  130  0.49 0.48 0.55 0.58
 4 21:38:38 21 3391    80   63   50   61   140  112  100  134  0.43 0.44 0.50 0.54
 5 21:38:58 21 3391    80   61   52   62   135  112   96  119  0.41 0.46 0.46 0.48
 6 21:39:18 21 3386    85   64   55   66   127  110   95  121  0.33 0.42 0.42 0.45
 7 21:39:39 21 3390    85   63   57   68   130  102   99  124  0.35 0.38 0.42 0.45
 8 21:39:59 21 3391    88   62   59   71   126  107   98  128  0.30 0.42 0.40 0.45
 9 21:40:19 21 3386    91   65   62   74   129  104  101  128  0.29 0.38 0.39 0.42
10 21:40:40 21 3387    90   62   63   75   123   96   98  123  0.27 0.35 0.36 0.39
;            Ch1    Ch2    Ch3    Ch4      blue   green  brown
;  alpha:   0.381 97968.91  0.475  0.520     0.565 522825.4  0.405
; ETRmax:   782.7 3228.6  853.4  886.0     916.1 3721.3  801.0
;     Ik:  2057.0    0.0 1796.6 1705.1    1620.9    0.0 1979.5
;References: BL_US PMDA0174.REF2 GR_US PMDA0174.REF2 BR_US PMDA0174.REF2

;LTM_11022017_90m

02NOV2017  21:42:40  Gain: 21  Zoff: 278 307 187 180
No   Time    G  PAR    F1   F2   F3   F4   Fm1  Fm2  Fm3  Fm4    Y1   Y2   Y3   Y4
 1 21:42:51 21 3379    25   21   13   17    74   62   60   80  0.66 0.66 ---- ----

02NOV2017  21:42:57  Gain: 21  Zoff: 278 307 187 180
No   Time    G  PAR    F1   F2   F3   F4   Fm1  Fm2  Fm3  Fm4    Y1   Y2   Y3   Y4
 1 21:42:58 21 3393    28   18   19   23    78   59   61   87  0.64 ---- ---- 0.74
 2 21:43:19 21 3391    25   19   14   18    70   54   59   76  0.64 ---- ---- ----
 3 21:43:39 21 3384    25   19   14   18    64   52   53   78  0.61 ---- ---- ----
 4 21:44:00 21 3385    27   20   16   20    65   47   49   77  0.58 ---- ---- ----
 5 21:44:20 21 3382    31   22   19   24    68   56   59   74  0.54 0.61 ---- 0.68
 6 21:44:40 21 3389    33   21   22   27    68   50   57   76  0.51 0.58 0.61 0.64
 7 21:45:01 21 3392    32   19   23   28    66   48   59   76  0.52 ---- 0.61 0.63
 8 21:45:21 21 3384    34   18   26   31    68   49   61   84  0.50 ---- 0.57 0.63
 9 21:45:41 21 3388    36   18   28   33    69   46   57   78  0.48 ---- 0.51 0.58
10 21:46:01 21 3388    37   17   29   35    68   47   66   77  0.46 ---- 0.56 0.55
;            Ch1    Ch2    Ch3    Ch4      blue   green  brown
;  alpha:  144211.8  0.666  0.632 7402310.     0.910 129952.2 3433893.
; ETRmax:  4298.4  980.3  958.0 4044.9    1130.4 3776.5 3958.7
;     Ik:     0.0 1472.8 1515.0    0.0    1242.5    0.0    0.0
;References: BL_US PMDA0174.REF2 GR_US PMDA0174.REF2 BR_US PMDA0174.REF2

;LTM_11022017_100m

02NOV2017  21:49:24  Gain: 21  Zoff: 278 307 187 180
No   Time    G  PAR    F1   F2   F3   F4   Fm1  Fm2  Fm3  Fm4    Y1   Y2   Y3   Y4
 1 21:49:39 21 3385   -22  -15    8   13    11   15   43   66  ---- ---- ---- ----

02NOV2017  21:49:45  Gain: 21  Zoff: 278 307 187 180
No   Time    G  PAR    F1   F2   F3   F4   Fm1  Fm2  Fm3  Fm4    Y1   Y2   Y3   Y4
 1 21:49:45 21 3392   -18  -17   13   19    18    8   50   72  ---- ---- ---- ----
 2 21:50:07 21 3388   -21  -17   10   15    14   11   44   68  ---- ---- ---- ----
 3 21:50:27 21 3388   -21  -17    9   15    11    6   42   67  ---- ---- ---- ----
 4 21:50:47 21 3390   -20  -17   11   17    18   10   42   63  ---- ---- ---- ----
 5 21:51:07 21 3391   -19  -18   13   19    15   14   51   62  ---- ---- ---- ----
 6 21:51:28 21 3387   -18  -19   15   21    16   11   49   70  ---- ---- ---- 0.70
 7 21:51:48 21 3381   -17  -19   17   23    17    6   47   71  ---- ---- ---- 0.68
 8 21:52:08 21 3391   -16  -20   19   26    18    7   52   70  ---- ---- ---- 0.63
 9 21:52:28 21 3391   -15  -21   21   28    14    1   53   73  ---- ---- 0.60 0.62
10 21:52:49 21 3392   -13  -22   22   30    15    5   51   79  ---- ---- 0.57 0.62
;            Ch1    Ch2    Ch3    Ch4      blue   green  brown
;  alpha:  -0.000 -0.000  0.608  0.759     0.823 -0.000 -0.000
; ETRmax:     0.0    0.0 1395.4 1043.1    1656.7    0.0    0.0
;     Ik:     0.0    0.0 2297.0 1374.0    2012.5    0.0    0.0
;References: BL_US PMDA0174.REF2 GR_US PMDA0174.REF2 BR_US PMDA0174.REF2

;LTM_11022017_110m

02NOV2017  21:54:51  Gain: 21  Zoff: 278 307 187 180
No   Time    G  PAR    F1   F2   F3   F4   Fm1  Fm2  Fm3  Fm4    Y1   Y2   Y3   Y4
 1 21:55:16 21 3391   -45  -39    0    3    -9  -16   34   49  ---- ---- ---- ----

02NOV2017  21:55:21  Gain: 21  Zoff: 278 307 187 180
No   Time    G  PAR    F1   F2   F3   F4   Fm1  Fm2  Fm3  Fm4    Y1   Y2   Y3   Y4
 1 21:55:21 21 3387   -42  -42    4    9   -13  -17   44   66  ---- ---- ---- ----
 2 21:55:43 21 3391   -45  -41    1    5    -8  -13   35   56  ---- ---- ---- ----
 3 21:56:03 21 3385   -45  -40    0    5   -12  -14   32   55  ---- ---- ---- ----
 4 21:56:23 21 3389   -41  -38    3    8    -3   -8   28   57  ---- ---- ---- ----