;LTK 0m_20160304
04MAR2016  16:53:03  Gain: 22  Zoff: 243 286 228 221
No   Time    G  PAR    F1   F2   F3   F4   Fm1  Fm2  Fm3  Fm4    Y1   Y2   Y3   Y4
;    Time    G  PAR    F1   F2   F3   F4     c(Bl)   c(Gr)   c(Br)   Sum c  Total c  c/F(Bl) c/F(Br)
cF 17:00:09 22   64   133  136  112  118     0.27    ----    0.32    0.59    0.65    1.25    0.75
; Based on Chlorophyll Calibration file default_PMDA0174.cal

04MAR2016  17:00:38  Gain: 22  Zoff: 243 286 228 221
No   Time    G  PAR    F1   F2   F3   F4   Fm1  Fm2  Fm3  Fm4    Y1   Y2   Y3   Y4
 1 17:00:38 22   64   137  138  113  120   230  213  193  227  0.40 0.35 0.41 0.47
 2 17:01:00 22   16   128  131  109  114   221  196  168  216  0.42 0.33 0.35 0.47
 3 17:01:20 22   64   130  134  108  113   219  212  173  215  0.41 0.37 0.38 0.47
 4 17:01:41 22  128   137  140  115  122   221  217  187  221  0.38 0.35 0.39 0.45
 5 17:02:01 22  192   140  143  122  128   214  209  183  229  0.35 0.32 0.33 0.44
 6 17:02:21 22  256   136  141  121  126   193  205  183  216  0.30 0.31 0.34 0.42
 7 17:02:42 22  320   132  139  121  127   178  205  181  214  0.26 0.32 0.33 0.41
 8 17:03:02 22  384   131  139  122  129   182  200  178  202  0.28 0.30 0.31 0.36
 9 17:03:22 22  448   130  138  124  130   191  197  161  208  0.32 0.30 0.23 0.38
10 17:03:42 22  512   129  137  125  132   182  199  169  207  0.29 0.31 0.26 0.36
11 17:04:03 22  576   128  137  127  133   174  194  169  199  0.26 0.29 0.25 0.33
12 17:04:23 22  640   128  137  127  133   167  198  167  196  0.23 0.31 0.24 0.32
13 17:04:43 22  704   130  136  126  134   171  174  172  199  0.24 0.22 0.27 0.33
14 17:05:03 22  832   131  134  128  136   156  183  156  207  0.16 0.27 0.18 0.34
;            Ch1    Ch2    Ch3    Ch4      blue   green  brown
;  alpha:   0.964  0.801  1.002  1.095     1.064 -0.000  0.854
; ETRmax:   511.2  728.1  489.8 1592.4     950.0    0.0  522.7
;     Ik:   530.1  908.5  489.0 1454.0     892.5    0.0  612.3
;References: BL_US PMDA0174.REF2 GR_US PMDA0174.REF2 BR_US PMDA0174.REF2

;LTK 20m_20160304

04MAR2016  17:05:38  Gain: 22  Zoff: 243 286 228 221
No   Time    G  PAR    F1   F2   F3   F4   Fm1  Fm2  Fm3  Fm4    Y1   Y2   Y3   Y4
;    Time    G  PAR    F1   F2   F3   F4     c(Bl)   c(Gr)   c(Br)   Sum c  Total c  c/F(Bl) c/F(Br)
cF 17:08:57 22   64   146  163  111  121     0.25    ----    0.38    0.63    0.71    1.25    0.75
; Based on Chlorophyll Calibration file default_PMDA0174.cal

04MAR2016  17:09:14  Gain: 22  Zoff: 243 286 228 221
No   Time    G  PAR    F1   F2   F3   F4   Fm1  Fm2  Fm3  Fm4    Y1   Y2   Y3   Y4
 1 17:09:14 22   64   150  166  113  124   299  323  236  283  0.50 0.49 0.52 0.56
 2 17:09:36 22   16   145  164  112  122   296  300  243  280  0.51 0.45 0.54 0.56
 3 17:09:56 22   64   144  168  113  123   286  312  233  274  0.50 0.46 0.52 0.55
 4 17:10:16 22  128   149  173  119  129   275  319  218  269  0.46 0.46 0.45 0.52
 5 17:10:37 22  192   157  179  126  138   272  319  215  263  0.42 0.44 0.41 0.48
 6 17:10:57 22  256   154  178  125  138   247  304  210  251  0.38 0.41 0.40 0.45
 7 17:11:17 22  320   154  178  127  140   244  291  210  250  0.37 0.39 0.40 0.44
 8 17:11:38 22  384   160  184  133  147   231  286  210  244  0.31 0.36 0.37 0.40
 9 17:11:58 22  448   163  187  137  150   234  285  208  236  0.30 0.34 0.34 0.36
10 17:12:18 22  512   164  189  140  155   230  288  204  245  0.29 0.34 0.31 0.37
11 17:12:38 22  576   166  191  142  158   223  282  195  254  0.26 0.32 0.27 0.38
12 17:12:59 22  640   168  192  146  160   225  278  198  242  0.25 0.31 0.26 0.34
13 17:13:19 22  704   168  194  146  162   228  282  198  236  0.26 0.31 0.26 0.31
14 17:13:39 22  832   171  196  151  167   192  276  201  242  0.11 0.29 0.25 0.31
;            Ch1    Ch2    Ch3    Ch4      blue   green  brown
;  alpha:   1.169  1.141  1.229  1.301     1.216 -0.000  1.211
; ETRmax:   336.2 1188.5  499.8  635.8     757.8    0.0  487.9
;     Ik:   287.7 1041.9  406.7  488.6     623.0    0.0  402.9
;References: BL_US PMDA0174.REF2 GR_US PMDA0174.REF2 BR_US PMDA0174.REF2

;LTK 40m_20160304

04MAR2016  17:13:49  Gain: 22  Zoff: 243 286 228 221
No   Time    G  PAR    F1   F2   F3   F4   Fm1  Fm2  Fm3  Fm4    Y1   Y2   Y3   Y4
;    Time    G  PAR    F1   F2   F3   F4     c(Bl)   c(Gr)   c(Br)   Sum c  Total c  c/F(Bl) c/F(Br)
cF 17:18:14 22   64   406  540  234  272     0.38    ----    1.18    1.56    1.89    1.25    0.75
; Based on Chlorophyll Calibration file default_PMDA0174.cal

04MAR2016  17:18:41  Gain: 22  Zoff: 243 286 228 221
No   Time    G  PAR    F1   F2   F3   F4   Fm1  Fm2  Fm3  Fm4    Y1   Y2   Y3   Y4
 1 17:18:41 22   64   400  537  232  268   872 1035  524  657  0.54 0.48 0.56 0.59
 2 17:19:03 22   16   357  502  209  241   874 1018  515  646  0.59 0.51 0.59 0.63
 3 17:19:23 22   64   391  533  227  263   849 1027  517  646  0.54 0.48 0.56 0.59
 4 17:19:43 22  128   430  561  251  293   879 1012  515  635  0.51 0.45 0.51 0.54
 5 17:20:04 22  192   462  584  272  319   855 1001  505  637  0.46 0.42 0.46 0.50
 6 17:20:24 22  256   484  602  286  338   826  987  497  615  0.41 0.39 0.42 0.45
 7 17:20:44 22  320   499  617  296  351   796  963  486  606  0.37 0.36 0.39 0.42
 8 17:21:05 22  384   505  626  302  357   756  944  454  579  0.33 0.34 0.33 0.38
 9 17:21:25 22  448   506  635  304  360   730  931  450  555  0.31 0.32 0.32 0.35
10 17:21:45 22  512   515  650  309  367   718  938  440  547  0.28 0.31 0.30 0.33
11 17:22:05 22  576   526  668  316  375   712  922  443  555  0.26 0.28 0.29 0.32
12 17:22:26 22  640   537  680  323  383   701  914  445  542  0.23 0.26 0.27 0.29
13 17:22:46 22  704   538  684  326  385   696  896  427  529  0.23 0.24 0.24 0.27
14 17:23:06 22  832   534  689  329  388   624  869  397  515  0.14 0.21 0.17 0.25
;            Ch1    Ch2    Ch3    Ch4      blue   green  brown
;  alpha:   1.307  1.225  1.376  1.483     1.457 -0.000  1.300
; ETRmax:   328.5  658.6  372.0  497.4     536.1    0.0  406.7
;     Ik:   251.4  537.5  270.4  335.3     367.8    0.0  312.7
;References: BL_US PMDA0174.REF2 GR_US PMDA0174.REF2 BR_US PMDA0174.REF2

;LTK 60m_20160304

04MAR2016  17:23:29  Gain: 22  Zoff: 243 286 228 221
No   Time    G  PAR    F1   F2   F3   F4   Fm1  Fm2  Fm3  Fm4    Y1   Y2   Y3   Y4
;    Time    G  PAR    F1   F2   F3   F4     c(Bl)   c(Gr)   c(Br)   Sum c  Total c  c/F(Bl) c/F(Br)
cF 17:27:29 22   64   187  119  125  145     0.17    0.42    0.14    0.73    0.75    1.25    0.75
; Based on Chlorophyll Calibration file default_PMDA0174.cal

04MAR2016  17:27:54  Gain: 22  Zoff: 243 286 228 221
No   Time    G  PAR    F1   F2   F3   F4   Fm1  Fm2  Fm3  Fm4    Y1   Y2   Y3   Y4
 1 17:27:54 22   64   191  122  127  148   377  255  259  314  0.49 0.52 0.51 0.53
 2 17:28:16 22   16   151  101  103  119   386  255  245  329  0.61 0.60 0.58 0.64
 3 17:28:36 22   64   185  119  124  144   371  250  252  313  0.50 0.52 0.51 0.54
 4 17:28:57 22  128   205  130  140  162   347  248  243  305  0.41 0.48 0.42 0.47
 5 17:29:17 22  192   221  139  151  175   331  242  238  294  0.33 0.43 0.37 0.40
 6 17:29:37 22  256   224  141  155  180   326  240  227  280  0.31 0.41 0.32 0.36
 7 17:29:58 22  320   230  146  161  187   316  223  223  287  0.27 0.35 0.28 0.35
 8 17:30:18 22  384   230  144  161  187   310  220  218  260  0.26 0.35 0.26 0.28
 9 17:30:38 22  448   224  142  159  184   297  206  196  260  0.25 0.31 0.19 0.29
10 17:30:58 22  512   228  142  162  188   289  207  206  270  0.21 0.31 0.21 0.30
11 17:31:19 22  576   225  141  163  188   287  205  202  257  0.22 0.31 0.19 0.27
12 17:31:39 22  640   224  142  162  188   274  201  206  252  0.18 0.29 0.21 0.25
13 17:31:59 22  704   224  142  162  189   285  195  203  248  0.21 0.27 0.20 0.24
14 17:32:20 22  832   224  141  164  190   255  184  196  252  0.12 0.23 0.16 0.25
;            Ch1    Ch2    Ch3    Ch4      blue   green  brown
;  alpha:   1.340  1.283  1.397  1.333     1.354  2.292  1.453
; ETRmax:   386.8  638.1  381.1  612.8     731.8  146.0  736.6
;     Ik:   288.7  497.5  272.8  459.7     540.3   63.7  507.0
;References: BL_US PMDA0174.REF2 GR_US PMDA0174.REF2 BR_US PMDA0174.REF2

;LTK 80m_20160304

04MAR2016  17:36:18  Gain: 22  Zoff: 243 286 228 221
No   Time    G  PAR    F1   F2   F3   F4   Fm1  Fm2  Fm3  Fm4    Y1   Y2   Y3   Y4
 1 17:36:19 22   64    72   42   53   61   141  107  102  144  0.49 0.61 0.48 0.58
 2 17:36:41 22   16    61   40   46   53   164  119  122  161  0.63 0.66 0.62 0.67
 3 17:37:01 22   64    76   47   56   64   142  109  109  146  0.46 0.57 0.49 0.56
 4 17:37:21 22  128    84   50   61   70   148  101  108  150  0.43 0.50 0.44 0.53
 5 17:37:42 22  192    89   51   66   76   140   95  117  149  0.36 0.46 0.44 0.49
 6 17:38:02 22  256    95   53   72   83   143   93  105  153  0.34 0.43 0.31 0.46
 7 17:38:22 22  320    93   50   72   83   127   91   99  143  0.27 0.45 0.27 0.42
 8 17:38:42 22  384    91   48   72   82   127   94  109  140  0.28 0.49 0.34 0.41
 9 17:39:03 22  448    94   50   76   87   136   87  108  147  0.31 0.43 0.30 0.41
10 17:39:23 22  512    96   50   78   89   134   89  106  149  0.28 0.44 0.26 0.40
11 17:39:43 22  576    96   50   78   89   122   80  111  135  0.21 0.38 0.30 0.34
12 17:40:04 22  640    96   48   79   91   131   82  102  137  0.27 0.41 0.23 0.34
13 17:40:24 22  704    97   47   81   92   131   87  110  137  0.26 0.46 0.26 0.33
14 17:40:44 22  832   100   47   85   97   122   86  110  147  0.18 0.45 0.23 0.34
;            Ch1    Ch2    Ch3    Ch4      blue   green  brown
;  alpha:   1.147  1.167  1.194  1.344     1.511  1.118  1.755
; ETRmax:   621.5 3431.9  668.8 1202.7    1281.7 1321.0 46591.9
;     Ik:   541.8 2939.9  560.3  895.1     848.1 1181.5 26544.5
;References: BL_US PMDA0174.REF2 GR_US PMDA0174.REF2 BR_US PMDA0174.REF2


;LTK 100m_20160304

04MAR2016  17:52:30  Gain: 22  Zoff: 243 286 228 221
No   Time    G  PAR    F1   F2   F3   F4   Fm1  Fm2  Fm3  Fm4    Y1   Y2   Y3   Y4
 1 17:52:30 22   64    24    9   23   25    87   71   70  101  0.72 ---- 0.67 0.75
 2 17:52:52 22   16    14    4   18   17    98   71   70  106  ---- ---- ---- ----
 3 17:53:12 22   64    25   10   24   26    86   75   77  111  0.71 ---- 0.69 0.77
 4 17:53:33 22  128    31   14   30   33    87   71   70  105  0.64 ---- 0.57 0.69
 5 17:53:53 22  192    33   13   32   35    82   65   76  102  0.60 ---- 0.58 0.66
 6 17:54:13 22  256    37   14   36   40    85   73   75  100  0.56 ---- 0.52 0.60
 7 17:54:33 22  320    44   18   41   46    89   68   81  106  0.51 ---- 0.49 0.57
 8 17:54:54 22  384    45   19   45   49    81   57   83   98  0.44 ---- 0.46 0.50
 9 17:55:14 22  448    43   15   44   49    79   53   78  110  0.46 ---- 0.44 0.55
10 17:55:34 22  512    44   15   46   51    79   50   75  104  0.44 ---- 0.39 0.51
11 17:55:55 22  576    47   17   49   54    87   59   73  113  0.46 ---- 0.33 0.52
12 17:56:15 22  640    47   16   49   55    71   52   84   97  0.34 ---- 0.42 0.43
13 17:56:35 22  704    46   13   49   56    84   52   74  102  0.45 ---- 0.34 0.45
14 17:56:55 22  832    49   11   54   60    70   52   81  113  0.30 ---- 0.33 0.47
;            Ch1    Ch2    Ch3    Ch4      blue   green  brown
;  alpha:   1.757 -0.000  1.571  1.686     0.957  1.852 -0.000
; ETRmax:  1117.3    0.0  833.2 1852.5    1146.5 2117.8    0.0
;     Ik:   635.8    0.0  530.3 1098.9    1198.6 1143.3    0.0
;References: BL_US PMDA0174.REF2 GR_US PMDA0174.REF2 BR_US PMDA0174.REF2

;LTK 110m_20160304

04MAR2016  17:59:21  Gain: 22  Zoff: 243 286 228 221
No   Time    G  PAR    F1   F2   F3   F4   Fm1  Fm2  Fm3  Fm4    Y1   Y2   Y3   Y4
 1 17:59:30 22   64    15   -4    0    1    65   55   45   64  ---- ---- ---- ----
 2 17:59:52 22   16    37   29   13   15    66   66   43   67  0.44 0.56 ---- ----
 3 18:00:12 22   64    37   30   13   14    55   65   40   72  0.33 0.54 ---- ----
 4 18:00:32 22  128    38   29   16   16    64   63   41   66  0.41 0.54 ---- ----
 5 18:00:53 22  192    40   29   18   20    61   53   47   59  0.34 0.45 ---- ----
 6 18:01:13 22  256    42   28   22   23    65   65   47   74  0.35 0.57 0.53 0.69
 7 18:01:33 22  320    45   28   25   27    65   53   50   71  0.31 0.47 0.50 0.62
 8 18:01:53 22  384    43   25   25   26    73   60   57   72  0.41 0.58 0.56 0.64
 9 18:02:14 22  448    44   24   26   28    68   54   54   82  0.35 0.56 0.52 0.66
10 18:02:34 22  512    44   24   28   30    73   54   63   75  0.40 0.56 0.56 0.60
11 18:02:54 22  576    46   23   29   32    67   43   56   69  0.31 0.47 0.48 0.54
12 18:03:15 22  640    46   22   31   34    66   52   53   70  0.30 0.58 0.42 0.51
13 18:03:35 22  704    46   20   32   35    74   54   54   78  0.38 ---- 0.41 0.55
14 18:03:55 22  832    47   18   36   39    54   45   58   76  ---- ---- 0.38 0.49
;            Ch1    Ch2    Ch3    Ch4      blue   green  brown
;  alpha:   0.906  1.188  0.918  1.832     2.068  2.165  1.265
; ETRmax:   858.7 2423139.  341.3 1465.3    2110.9 1220.9 4734809.
;     Ik:   948.3 2040149.  371.6  799.9    1021.0  563.8 3741770.
;References: BL_US PMDA0174.REF2 GR_US PMDA0174.REF2 BR_US PMDA0174.REF2

;LTK 120m_20160304

04MAR2016  18:08:04  Gain: 22  Zoff: 243 286 228 221
No   Time    G  PAR    F1   F2   F3   F4   Fm1  Fm2  Fm3  Fm4    Y1   Y2   Y3   Y4
 1 18:08:04 22   64   267  268   74   76   300  304  102  122  0.11 0.12 0.27 0.38
 2 18:08:26 22   16   269  271   76   76   305  299  105  129  0.12 0.09 0.28 0.41
 3 18:08:46 22   64   268  269   76   77   288  303  104  128  0.07 0.11 0.27 0.40
 4 18:09:07 22  128   265  264   76   78   301  296   99  128  0.12 0.11 0.23 0.39
 5 18:09:27 22  192   262  260   78   80   293  292   99  124  0.11 0.11 0.21 0.35
 6 18:09:47 22  256   257  253   78   80   281  276  100  123  0.09 0.08 0.22 0.35
 7 18:10:08 22  320   255  249   79   81   287  277   99  120  0.11 0.10 0.20 0.33
 8 18:10:28 22  384   253  245   80   83   271  270  110  127  0.07 0.09 0.27 0.35
 9 18:10:48 22  448   249  240   81   84   276  273  105  127  0.10 0.12 0.23 0.34
10 18:11:08 22  512   246  234   81   85   263  261  102  130  0.06 0.10 0.21 0.35
11 18:11:29 22  576   241  228   81   85   256  254  102  139  0.06 0.10 0.21 0.39
12 18:11:49 22  640   237  222   81   85   268  248   96  131  0.12 0.10 0.16 0.35
13 18:12:09 22  704   234  217   81   85   250  245  108  127  0.06 0.11 0.25 0.33
14 18:12:30 22  832   232  212   83   88   228  238   99  131  ---- 0.11 0.16 0.33
;            Ch1    Ch2    Ch3    Ch4      blue   green  brown
;  alpha:   0.237  0.239  0.577  0.856    -0.000 -0.000  0.247
; ETRmax:   149.4  567.6 1167.0 4628.2       0.0    0.0  112.0
;     Ik:   629.5 2378.3 2022.3 5405.3       0.0    0.0  453.3
;References: BL_US PMDA0174.REF2 GR_US PMDA0174.REF2 BR_US PMDA0174.REF2

;LTK 130m_20160304

04MAR2016  18:16:24  Gain: 22  Zoff: 243 286 228 221
No   Time    G  PAR    F1   F2   F3   F4   Fm1  Fm2  Fm3  Fm4    Y1   Y2   Y3   Y4
 1 18:16:24 22   64   179  180   50   51   210  211   79   99  0.15 0.15 0.37 0.48
 2 18:16:46 22   16   179  183   52   52   203  223   76  104  0.12 0.18 0.32 0.50
 3 18:17:06 22   64   179  181   52   53   214  211   82   96  0.16 0.14 0.37 0.45
 4 18:17:26 22  128   175  176   52   53   202  206   76   92  0.13 0.15 0.32 0.42
 5 18:17:47 22  192   170  169   52   53   198  199   75   96  0.14 0.15 0.31 0.45
 6 18:18:07 22  256   167  164   54   55   193  198   84   97  0.13 0.17 0.36 0.43
 7 18:18:27 22  320   167  160   55   57   195  201   80   96  0.14 0.20 0.31 0.41
 8 18:18:48 22  384   162  155   55   57   186  188   75  105  0.13 0.18 0.27 0.46
 9 18:19:08 22  448   159  150   55   58   180  187   79   97  0.12 0.20 0.30 0.40
10 18:19:28 22  512   155  146   56   58   176  165   79  114  0.12 0.12 0.29 0.49
11 18:19:48 22  576   153  141   57   60   174  161   86  109  0.12 0.12 0.34 0.45
12 18:20:09 22  640   151  137   58   61   174  158   78  105  0.13 0.13 0.26 0.42
13 18:20:29 22  704   148  133   59   62   163  166   79  103  0.09 0.20 0.25 0.40
14 18:20:49 22  832   148  129   61   65   157  155   83  103  0.06 0.17 0.27 0.37
;            Ch1    Ch2    Ch3    Ch4      blue   green  brown
;  alpha:   0.262  0.368  0.818  0.938     1.814 -0.000  0.371
; ETRmax:    88.6 1426.3 1655.4  608.7    1350.4    0.0  116.6
;     Ik:   338.6 3877.6 2023.5  648.6     744.2    0.0  313.9
;References: BL_US PMDA0174.REF2 GR_US PMDA0174.REF2 BR_US PMDA0174.REF2

;LTK 140m_20160304

04MAR2016  18:24:28  Gain: 22  Zoff: 243 286 228 221
No   Time    G  PAR    F1   F2   F3   F4   Fm1  Fm2  Fm3  Fm4    Y1   Y2   Y3   Y4
 1 18:24:29 22   64   930  949  269  276   955  984  294  328  0.03 0.04 0.09 0.16
 2 18:24:51 22   16   927  951  270  276   957  984  305  328  0.03 0.03 0.11 0.16
 3 18:25:11 22   64   910  930  264  271   924  947  292  311  0.02 0.02 0.10 0.13
 4 18:25:31 22  128   895  913  261  267   922  936  281  314  0.03 0.02 0.07 0.15
 5 18:25:52 22  192   879  894  257  264   904  909  285  302  0.03 0.02 0.10 0.13
 6 18:26:12 22  256   858  872  252  259   876  884  275  299  0.02 0.01 0.08 0.13
 7 18:26:32 22  320   838  849  247  254   856  879  268  298  0.02 0.03 0.08 0.15
 8 18:26:52 22  384   822  831  244  251   840  849  267  292  0.02 0.02 0.09 0.14
 9 18:27:13 22  448   806  814  242  248   828  850  264  301  0.03 0.04 0.08 0.18
10 18:27:33 22  512   790  797  239  247   807  812  264  291  0.02 0.02 0.09 0.15
11 18:27:53 22  576   777  780  237  245   794  805  263  291  0.02 0.03 0.10 0.16
12 18:28:13 22  640   760  762  233  241   766  789  250  281  ---- 0.03 0.07 0.14
13 18:28:34 22  704   743  743  229  237   753  758  253  274  0.01 0.02 0.09 0.14
14 18:28:54 22  832   728  725  227  236   714  740  237  271  ---- 0.02 0.04 0.13
;            Ch1    Ch2    Ch3    Ch4      blue   green  brown
;  alpha:   0.062  0.063  0.173  0.339    -0.000 -0.000  0.055
; ETRmax:    26.8   70.9   73.5  518.2       0.0    0.0   17.0
;     Ik:   431.5 1133.7  424.5 1530.7       0.0    0.0  307.1
;References: BL_US PMDA0174.REF2 GR_US PMDA0174.REF2 BR_US PMDA0174.REF2

;LTK 150m_20160304

04MAR2016  18:33:27  Gain: 22  Zoff: 243 286 228 221
No   Time    G  PAR    F1   F2   F3   F4   Fm1  Fm2  Fm3  Fm4    Y1   Y2   Y3   Y4
 1 18:33:27 22   64   730  743  205  209   747  769  236  255  0.02 0.03 0.13 0.18
 2 18:33:49 22   16   716  729  201  205   741  764  226  250  0.03 0.05 0.11 0.18
 3 18:34:09 22   64   706  717  198  201   728  745  231  251  0.03 0.04 0.14 0.20
 4 18:34:30 22  128   698  708  198  202   718  732  221  249  0.03 0.03 0.10 0.19
 5 18:34:50 22  192   681  690  194  198   700  716  220  236  0.03 0.04 0.12 0.16
 6 18:35:10 22  256   664  671  191  195   676  697  225  239  0.02 0.04 0.15 0.18
 7 18:35:30 22  320   649  652  187  191   654  660  206  233  ---- ---- 0.09 0.18
 8 18:35:51 22  384   636  637  185  189   650  668  209  226  0.02 0.05 0.11 0.16
 9 18:36:11 22  448   621  620  182  187   638  641  195  227  0.03 0.03 0.07 0.18
10 18:36:31 22  512   605  603  178  183   623  622  198  234  0.03 0.03 0.10 0.22
11 18:36:52 22  576   592  587  176  180   622  614  196  223  0.05 0.04 0.10 0.19
12 18:37:12 22  640   578  573  174  178   603  602  193  214  0.04 0.05 0.10 0.17
13 18:37:32 22  704   565  558  172  177   588  573  184  219  0.04 0.03 0.07 0.19
14 18:37:52 22  832   551  540  170  175   534  555  179  220  ---- 0.03 0.05 0.20
;            Ch1    Ch2    Ch3    Ch4      blue   green  brown
;  alpha:   0.048  0.087  0.235  0.377    -0.000 -0.000  0.095
; ETRmax:   119.1   98.6   77.5  609.1       0.0    0.0   45.3
;     Ik:  2480.5 1128.3  329.1 1616.5       0.0    0.0  475.8
;References: BL_US PMDA0174.REF2 GR_US PMDA0174.REF2 BR_US PMDA0174.REF2

;LTK 160m_20160304

04MAR2016  18:42:23  Gain: 22  Zoff: 243 286 228 221
No   Time    G  PAR    F1   F2   F3   F4   Fm1  Fm2  Fm3  Fm4    Y1   Y2   Y3   Y4
 1 18:42:23 22   64   193  192   45   45   225  230   65   92  0.14 0.17 0.31 0.51
 2 18:42:45 22   16   190  190   46   45   222  231   74  103  0.14 0.18 0.38 0.56
 3 18:43:05 22   64   189  188   44   44   206  218   71   87  0.08 0.14 0.38 0.49
 4 18:43:25 22  128   184  181   45   45   207  218   73   98  0.11 0.17 0.38 0.54
 5 18:43:46 22  192   180  175   46   46   198  202   68   94  0.09 0.13 0.32 0.51
 6 18:44:06 22  256   173  166   46   46   196  189   69   94  0.12 0.12 0.33 0.51
 7 18:44:26 22  320   170  160   47   47   198  185   70   85  0.14 0.14 0.33 0.45
 8 18:44:47 22  384   165  154   47   47   187  188   74   94  0.12 0.18 0.36 0.50
 9 18:45:07 22  448   162  148   47   48   184  179   75   83  0.12 0.17 0.37 0.42
10 18:45:27 22  512   159  144   48   49   188  173   71  103  0.15 0.17 0.32 0.52
11 18:45:47 22  576   156  139   48   49   178  158   77   94  0.12 0.12 0.38 0.48
12 18:46:08 22  640   153  135   49   51   176  173   69  100  0.13 0.22 0.29 0.49
13 18:46:28 22  704   150  130   50   52   178  157   69   95  0.16 0.17 0.28 0.45
14 18:46:48 22  832   147  124   51   54   152  154   70   99  ---- 0.19 0.27 0.45
;            Ch1    Ch2    Ch3    Ch4      blue   green  brown
;  alpha:   0.318  0.301  0.573  1.188    -0.000 -0.000  0.416
; ETRmax:  1031.9 99606.4  222.9 5889.3       0.0    0.0 1332.6
;     Ik:  3241.4 330990.6  388.9 4957.9       0.0    0.0 3204.7
;References: BL_US PMDA0174.REF2 GR_US PMDA0174.REF2 BR_US PMDA0174.REF2

;LTK 170m_20160304

04MAR2016  18:50:55  Gain: 22  Zoff: 243 286 228 221
No   Time    G  PAR    F1   F2   F3   F4   Fm1  Fm2  Fm3  Fm4    Y1   Y2   Y3   Y4
 1 18:50:55 22   64   150  147   37   38   184  181   73   92  0.18 0.19 0.49 0.59
 2 18:51:17 22   16   148  149   37   37   181  183   59   91  0.18 0.19 0.37 0.59
 3 18:51:37 22   64   146  146   36   37   174  175   64   78  0.16 0.17 0.44 0.53
 4 18:51:57 22  128   144  142   37   38   168  175   67   95  0.14 0.19 0.45 0.60
 5 18:52:18 22  192   141  136   38   39   172  172   69   94  0.18 0.21 0.45 0.59
 6 18:52:38 22  256   138  132   39   40   158  160   68   92  0.13 0.17 0.43 0.57
 7 18:52:58 22  320   136  128   40   41   156  160   65   89  0.13 0.20 0.38 0.54
 8 18:53:18 22  384   134  123   41   43   154  151   72   90  0.13 0.19 0.43 0.52
 9 18:53:39 22  448   133  121   43   45   162  144   65   86  0.18 0.16 0.34 0.48
10 18:53:59 22  512   132  119   44   47   159  155   66   91  0.17 0.23 0.33 0.48
11 18:54:19 22  576   132  117   46   48   159  146   74   94  0.17 0.20 0.38 0.49
12 18:54:39 22  640   130  114   47   50   157  145   71   91  0.17 0.21 0.34 0.45
13 18:55:00 22  704   129  111   49   51   157  139   73   86  0.18 0.20 0.33 0.41
14 18:55:20 22  832   129  107   51   55   137  139   71  102  ---- 0.23 0.28 0.46
;            Ch1    Ch2    Ch3    Ch4      blue   green  brown
;  alpha:   0.358  0.397  1.395  1.470     1.386 -0.000  0.531
; ETRmax:  352765.3 1826.2  731.3 2195.7    2919.5    0.0  246.6
;     Ik:  985930.5 4604.1  524.2 1493.6    2107.1    0.0  464.5
;References: BL_US PMDA0174.REF2 GR_US PMDA0174.REF2 BR_US PMDA0174.REF2

;LTK 180m_20160304

04MAR2016  18:59:35  Gain: 22  Zoff: 243 286 228 221
No   Time    G  PAR    F1   F2   F3   F4   Fm1  Fm2  Fm3  Fm4    Y1   Y2   Y3   Y4
 1 18:59:35 22   64   105  101   21   21   135  135   39   70  0.22 0.25 0.46 0.70
 2 18:59:57 22   16   105  102   22   20   135  132   52   74  0.22 0.23 0.58 ----
 3 19:00:17 22   64   105  102   22   21   129  139   46   69  0.19 0.27 0.52 0.70
 4 19:00:38 22  128   103   97   22   22   127  129   49   76  0.19 0.25 0.55 0.71
 5 19:00:58 22  192   101   94   25   24   137  124   52   81  0.26 0.24 0.52 0.70
 6 19:01:18 22  256   101   92   26   26   129  126   57   83  0.22 0.27 0.54 0.69
 7 19:01:38 22  320    99   88   27   26   127  119   55   73  0.22 0.26 0.51 0.64
 8 19:01:59 22  384    98   86   28   28   129  112   53   77  0.24 0.23 0.47 0.64
 9 19:02:19 22  448   100   86   31   31   126  115   58   77  0.21 0.25 0.47 0.60
10 19:02:39 22  512   100   84   33   33   123  113   51   81  0.19 0.26 0.35 0.59
11 19:03:00 22  576    99   82   34   35   126  108   61   81  0.21 0.24 0.44 0.57
12 19:03:20 22  640    99   79   36   37   122  108   58   86  0.19 0.27 0.38 0.57
13 19:03:40 22  704    99   77   37   38   131  114   57   78  0.24 0.32 0.35 0.51
14 19:04:00 22  832   100   75   40   42   107  112   53   86  ---- 0.33 0.25 0.51
;            Ch1    Ch2    Ch3    Ch4      blue   green  brown
;  alpha:   0.499  0.499  1.185  1.802    -0.000 -0.000  0.722
; ETRmax:   733.1 303357.0  434.5 2529.4       0.0    0.0 12844.3
;     Ik:  1470.2 607908.4  366.8 1403.7       0.0    0.0 17784.8
;References: BL_US PMDA0174.REF2 GR_US PMDA0174.REF2 BR_US PMDA0174.REF2


;LTK 190m_20160304

04MAR2016  19:20:58  Gain: 22  Zoff: 243 286 228 221
No   Time    G  PAR    F1   F2   F3   F4   Fm1  Fm2  Fm3  Fm4    Y1   Y2   Y3   Y4
 1 19:20:59 22   64   101   98   19   20   140  131   53   81  0.28 0.25 ---- ----
 2 19:21:20 22   16    99   98   20   21   133  133   48   80  0.26 0.26 ---- 0.74
 3 19:21:41 22   64   106  102   22   24   138  142   55   71  0.23 0.28 0.60 0.66
 4 19:22:01 22  128   101   94   22   22   131  124   45   68  0.23 0.24 0.51 0.68
 5 19:22:21 22  192    98   90   23   23   123  130   55   69  0.20 0.31 0.58 0.67
 6 19:22:42 22  256   101   91   26   27   130  119   48   77  0.22 0.24 0.46 0.65
 7 19:23:02 22  320   104   91   29   30   124  118   48   77  0.16 0.23 0.40 0.61
 8 19:23:22 22  384   100   87   29   31   126  116   54   77  0.21 0.25 0.46 0.60
 9 19:23:42 22  448    98   84   30   32   125  116   51   76  0.22 0.28 0.41 0.58
10 19:24:03 22  512    98   83   32   35   124  106   66   87  0.21 0.22 0.52 0.60
11 19:24:23 22  576    98   80   34   36   130  113   58   86  0.25 0.29 0.41 0.58
12 19:24:43 22  640    98   78   35   38   127  117   58   84  0.23 0.33 0.40 0.55
13 19:25:03 22  704    97   76   37   39   130  100   57   85  0.25 0.24 0.35 0.54
14 19:25:24 22  832    98   74   40   43   105  100   50   85  ---- 0.26 0.20 0.49
;            Ch1    Ch2    Ch3    Ch4      blue   green  brown
;  alpha:   0.619  0.562  1.293  1.649     6.912 23.518  0.760
; ETRmax:   711.9 2224.0  557.7 3100.3    1235.7 2239.4  482.0
;     Ik:  1150.1 3958.8  431.5 1880.2     178.8   95.2  634.5
;References: BL_US PMDA0174.REF2 GR_US PMDA0174.REF2 BR_US PMDA0174.REF2

;LTK 200m_20160302

04MAR2016  19:49:37  Gain: 22  Zoff: 243 286 228 221
No   Time    G  PAR    F1   F2   F3   F4   Fm1  Fm2  Fm3  Fm4    Y1   Y2   Y3   Y4
;    Time    G  PAR    F1   F2   F3   F4     c(Bl)   c(Gr)   c(Br)   Sum c  Total c  c/F(Bl) c/F(Br)
cF 19:51:45 22   64    54   48    1   -4     ----    ----    0.12    0.12    0.13    1.25    0.75
; Based on Chlorophyll Calibration file default_PMDA0174.cal

04MAR2016  19:53:16  Gain: 22  Zoff: 243 286 228 221
No   Time    G  PAR    F1   F2   F3   F4   Fm1  Fm2  Fm3  Fm4    Y1   Y2   Y3   Y4
 1 19:53:26 22   64    30   -2  -47  102    80   77   34   53  0.63 ---- ---- ----
 2 19:53:28 22   16    30   -2  -47  102    83   90   23   56  0.64 ---- ---- ----
 3 19:53:49 22   16    50   43    1   -3    77   87   32   51  0.35 0.51 ---- ----
 4 19:54:09 22   64    50   44    1   -4    79   78   29   40  0.37 0.44 ---- ----
 5 19:54:30 22  128    51   43    3   -2    85   76   34   56  0.40 0.43 ---- ----
 6 19:54:50 22  192    52   42    5    1    79   78   34   46  0.34 0.46 ---- ----
 7 19:55:10 22  256    53   40    8    3    80   71   29   57  0.34 0.44 ---- ----
 8 19:55:30 22  320    54   39   10    6    86   67   42   50  0.37 0.42 ---- ----
 9 19:55:51 22  384    55   38   12    8    81   70   36   45  0.32 0.46 ---- ----
10 19:56:11 22  448    55   37   14   10    81   67   36   60  0.32 0.45 ---- ----
11 19:56:31 22  512    56   35   15   12    83   64   37   58  0.33 0.45 ---- ----
12 19:56:51 22  576    56   34   17   14    76   69   42   56  0.26 0.51 ---- ----
13 19:57:12 22  640    57   33   19   16    81   66   44   64  0.30 0.50 ---- ----
14 19:57:32 22  704    57   33   20   18    79   65   45   58  0.28 0.49 ---- ----
No   Time    G  PAR    F1   F2   F3   F4   Fm1  Fm2  Fm3  Fm4    Y1   Y2   Y3   Y4
15 19:57:52 22  832    58   31   23   22    69   63   43   70  0.16 0.51 0.47 0.69
;            Ch1    Ch2    Ch3    Ch4      blue   green  brown
;  alpha:   0.796  0.989  2.176  5.493    -0.000  7.865  1.129
; ETRmax:   313.0 1232576.  874.9 1390.3       0.0 1098.3  837.9
;     Ik:   393.2 1245964.  402.0  253.1       0.0  139.6  742.2
;References: BL_US PMDA0174.REF2 GR_US PMDA0174.REF2 BR_US PMDA0174.REF2
