Gain: 21  Zoff: 289 328 214 201
;LTM 0m_05042017
04MAY2017  19:49:52  Gain: 21  Zoff: 289 328 214 201
No   Time    G  PAR    F1   F2   F3   F4   Fm1  Fm2  Fm3  Fm4    Y1   Y2   Y3   Y4
 1 20:00:19 21   64    54   92   66   78   125  182  124  163  0.57 0.49 0.47 0.52

04MAY2017  20:00:28  Gain: 21  Zoff: 289 328 214 201
No   Time    G  PAR    F1   F2   F3   F4   Fm1  Fm2  Fm3  Fm4    Y1   Y2   Y3   Y4
 1 20:00:29 21   64    54   91   68   80   132  184  125  162  0.59 0.51 0.46 0.51
 2 20:00:50 21   16    57   90   62   89   134  170  130  170  0.57 0.47 0.52 0.48
 3 20:01:10 21   64    54   92   67   79   135  183  126  166  0.60 0.50 0.47 0.52
 4 20:01:31 21  128    56   93   68   81   118  191  119  154  0.53 0.51 0.43 0.47
 5 20:01:51 21  192    56   94   70   82   108  179  122  156  0.48 0.47 0.43 0.47
 6 20:02:11 21  256    54   93   70   82   109  174  116  157  0.50 0.47 0.40 0.48
 7 20:02:32 21  320    54   92   71   83   101  167  113  150  0.47 0.45 0.37 0.45
 8 20:02:52 21  384    54   91   73   85    99  166  120  153  0.45 0.45 0.39 0.44
 9 20:03:12 21  448    54   91   75   87    95  161  114  147  0.43 0.43 0.34 0.41
10 20:03:32 21  512    55   92   77   89   101  159  112  151  0.46 0.42 0.31 0.41
11 20:03:53 21  576    55   91   79   91   100  161  120  156  0.45 0.43 0.34 0.42
12 20:04:13 21  640    56   93   82   93   100  162  116  148  0.44 0.43 0.29 0.37
13 20:04:33 21  704    56   92   82   94    99  152  114  137  0.43 0.39 0.28 0.31
14 20:04:54 21  832    57   92   85   97    86  154  117  150  0.34 0.40 0.27 0.35
;            Ch1    Ch2    Ch3    Ch4      blue   green  brown
;  alpha:   1.158  1.170  1.119  1.150     0.890 -0.000  1.313
; ETRmax:   824.1 2838.9 1007.3  727.5     395.1    0.0 3030.3
;     Ik:   711.9 2427.0  900.5  632.7     444.1    0.0 2308.2
;References: BL_US PMDA0174.REF2 GR_US PMDA0174.REF2 BR_US PMDA0174.REF2

;LTM 10m_05042017

04MAY2017  20:07:25  Gain: 21  Zoff: 289 328 214 201
No   Time    G  PAR    F1   F2   F3   F4   Fm1  Fm2  Fm3  Fm4    Y1   Y2   Y3   Y4
 1 20:07:37 21   64    23   59   42   52    81  115   88  118  0.72 0.49 0.52 0.56

04MAY2017  20:07:42  Gain: 21  Zoff: 289 328 214 201
No   Time    G  PAR    F1   F2   F3   F4   Fm1  Fm2  Fm3  Fm4    Y1   Y2   Y3   Y4
 1 20:07:43 21   64    25   58   45   55    82  119   88  124  0.70 0.51 0.49 0.56
 2 20:08:04 21   16    24   56   44   53    79  115   90  122  0.70 0.51 0.51 0.57
 3 20:08:25 21   64    23   57   42   51    76  116   93  119  0.70 0.51 0.55 0.57
 4 20:08:45 21  128    23   58   43   53    72  114   86  112  0.68 0.49 0.50 0.53
 5 20:09:05 21  192    24   59   47   56    68  114   86  119  0.65 0.48 0.45 0.53
 6 20:09:25 21  256    21   58   48   56    68  107   82  110  0.69 0.46 0.41 0.49
 7 20:09:46 21  320    20   56   47   55    67  104   82  115  ---- 0.46 0.43 0.52
 8 20:10:06 21  384    22   56   49   58    61  112   82  110  0.64 0.50 0.40 0.47
 9 20:10:26 21  448    24   56   51   60    66  111   85  117  0.64 0.50 0.40 0.49
10 20:10:47 21  512    24   56   53   63    65  106   88  105  0.63 0.47 0.40 0.40
11 20:11:07 21  576    24   56   56   65    58  106   93  112  0.59 0.47 0.40 0.42
12 20:11:27 21  640    27   57   58   68    67  106   92  112  0.60 0.46 0.37 0.39
13 20:11:47 21  704    31   58   58   74    64  103   96  116  0.52 0.44 0.40 0.36
14 20:12:08 21  832    30   55   64   74    65  106   98  126  0.54 0.48 0.35 0.41
;            Ch1    Ch2    Ch3    Ch4      blue   green  brown
;  alpha:   1.670  1.111  1.125  1.319     1.047 -0.000  1.434
; ETRmax:  3626.9 2890.7 2204.7 1119.5    1338.7    0.0 2384.3
;     Ik:  2172.0 2602.9 1959.8  849.0    1279.2    0.0 1662.4
;References: BL_US PMDA0174.REF2 GR_US PMDA0174.REF2 BR_US PMDA0174.REF2

;LTM 20m_05042017

04MAY2017  20:14:40  Gain: 21  Zoff: 289 328 214 201
No   Time    G  PAR    F1   F2   F3   F4   Fm1  Fm2  Fm3  Fm4    Y1   Y2   Y3   Y4
 1 20:14:53 21   64    88   94   82   98   198  195  162  203  0.56 0.52 0.49 0.52

04MAY2017  20:14:58  Gain: 21  Zoff: 289 328 214 201
No   Time    G  PAR    F1   F2   F3   F4   Fm1  Fm2  Fm3  Fm4    Y1   Y2   Y3   Y4
 1 20:14:58 21   64    90   96   84  100   191  181  159  190  0.53 0.47 0.47 0.47
 2 20:15:20 21   16    70   84   70   85   175  172  144  184  0.60 0.51 0.51 0.54
 3 20:15:40 21   64    73   87   74   89   183  189  148  186  0.60 0.54 0.50 0.52
 4 20:16:00 21  128    95  103   82   99   185  201  151  190  0.49 0.49 0.46 0.48
 5 20:16:21 21  192    71   90   78   92   141  174  129  175  0.50 0.48 0.40 0.47
 6 20:16:41 21  256    71   89   79   93   135  173  138  157  0.47 0.49 0.43 0.41
 7 20:17:01 21  320    78   91   83   97   135  162  137  158  0.42 0.44 0.39 0.39
 8 20:17:22 21  384    72   89   82   96   130  161  132  158  0.45 0.45 0.38 0.39
 9 20:17:42 21  448    68   87   81   95   121  160  127  155  0.44 0.46 0.36 0.39
10 20:18:02 21  512    67   87   82   95   111  155  125  156  0.40 0.44 0.34 0.39
11 20:18:22 21  576    68   87   83   96   111  151  123  153  0.39 0.42 0.33 0.37
12 20:18:43 21  640    71   89   86  100   110  155  126  153  0.35 0.43 0.32 0.35
13 20:19:03 21  704    73   91   90  104   112  148  134  161  0.35 0.39 0.33 0.35
14 20:19:23 21  832    78   93   95  110   116  154  135  156  0.33 0.40 0.30 0.29
;            Ch1    Ch2    Ch3    Ch4      blue   green  brown
;  alpha:   1.172  1.149  1.145  1.148     0.963 -0.000  1.211
; ETRmax:   667.3 1344.7 1261.9  605.5    1160.3    0.0  914.8
;     Ik:   569.2 1170.0 1102.1  527.5    1205.2    0.0  755.7
;References: BL_US PMDA0174.REF2 GR_US PMDA0174.REF2 BR_US PMDA0174.REF2

04MAY2017  20:21:34  Gain: 21  Zoff: 289 328 214 201
No   Time    G  PAR    F1   F2   F3   F4   Fm1  Fm2  Fm3  Fm4    Y1   Y2   Y3   Y4
 1 20:21:45 21   64    43   70   54   63   109  140  106  139  0.61 0.50 0.49 0.55

04MAY2017  20:21:51  Gain: 21  Zoff: 289 328 214 201
No   Time    G  PAR    F1   F2   F3   F4   Fm1  Fm2  Fm3  Fm4    Y1   Y2   Y3   Y4
 1 20:21:51 21   64    45   70   56   66   105  131  105  135  0.57 0.47 0.47 0.51
 2 20:22:13 21   16    39   65   51   59   103  122  101  131  0.62 0.47 0.50 0.55
 3 20:22:33 21   64    39   69   52   60   112  134  102  139  0.65 0.49 0.49 0.57
 4 20:22:53 21  128    43   72   55   65   103  139  100  130  0.58 0.48 0.45 0.50
 5 20:23:14 21  192    42   70   56   65    88  128   96  132  0.52 0.45 0.42 0.51
 6 20:23:34 21  256    40   68   56   65    88  124   91  124  0.55 0.45 0.38 0.48
 7 20:23:54 21  320    39   67   54   68    84  125   94  118  0.54 0.46 0.43 0.42
 8 20:24:14 21  384    51   75   43  106    78  109   92  129  0.35 0.31 0.53 0.18
 9 20:24:35 21  448    36   64   57   66    68  115   88  121  0.47 0.44 0.35 0.45
10 20:24:55 21  512    36   64   59   67    71  117   92  122  0.49 0.45 0.36 0.45
11 20:25:15 21  576    38   64   62   71    80  118   99  118  0.53 0.46 0.37 0.40
12 20:25:35 21  640    40   66   65   74    83  121   96  125  0.52 0.45 0.32 0.41
13 20:25:56 21  704    43   66   68   78    82  103  104  130  0.48 0.36 0.35 0.40
14 20:26:16 21  832    49   69   71   89    77  118  107  130  0.36 0.42 0.34 0.32
;            Ch1    Ch2    Ch3    Ch4      blue   green  brown
;  alpha:   1.310  1.057  1.076  1.170     1.261 -0.000  1.234
; ETRmax:  3000.3 5232.7  733.3 1883.2     638.5    0.0 4814.7
;     Ik:  2290.7 4951.5  681.5 1610.2     506.4    0.0 3903.2
;References: BL_US PMDA0174.REF2 GR_US PMDA0174.REF2 BR_US PMDA0174.REF2

;LTM 40m_05042017

04MAY2017  20:28:58  Gain: 21  Zoff: 289 328 214 201
No   Time    G  PAR    F1   F2   F3   F4   Fm1  Fm2  Fm3  Fm4    Y1   Y2   Y3   Y4
 1 20:29:18 21   64   140  178   93  112   313  367  196  253  0.55 0.51 0.53 0.56

04MAY2017  20:29:24  Gain: 21  Zoff: 289 328 214 201
No   Time    G  PAR    F1   F2   F3   F4   Fm1  Fm2  Fm3  Fm4    Y1   Y2   Y3   Y4
 1 20:29:24 21   64   141  176   96  114   311  366  196  244  0.55 0.52 0.51 0.53
 2 20:29:46 21   16   128  160   88  102   335  368  201  261  0.62 0.57 0.56 0.61
 3 20:30:06 21   64   142  176   95  111   337  380  205  254  0.58 0.54 0.54 0.56
 4 20:30:27 21  128   151  181  100  116   332  374  204  247  0.55 0.52 0.51 0.53
 5 20:30:47 21  192   156  182  103  121   304  353  192  244  0.49 0.48 0.46 0.50
 6 20:31:07 21  256   160  180  108  124   288  342  181  235  0.44 0.47 0.40 0.47
 7 20:31:27 21  320   158  176  109  126   265  309  188  222  0.40 0.43 0.42 0.43
 8 20:31:48 21  384   143  168  108  124   237  291  171  214  0.40 0.42 0.37 0.42
 9 20:32:08 21  448   125  160  103  118   192  258  160  199  0.35 0.38 0.36 0.41
10 20:32:28 21  512   114  154  100  114   176  260  148  176  0.35 0.41 0.32 0.35
11 20:32:49 21  576   111  152  100  113   166  250  148  181  0.33 0.39 0.32 0.38
12 20:33:09 21  640   109  152  101  114   160  239  147  180  0.32 0.36 0.31 0.37
13 20:33:29 21  704   110  153  102  116   160  233  144  176  0.31 0.34 0.29 0.34
14 20:33:49 21  832   112  155  106  120   152  237  145  189  0.26 0.35 0.27 0.37
;            Ch1    Ch2    Ch3    Ch4      blue   green  brown
;  alpha:   1.444  1.271  1.328  1.333     0.963 -0.000  1.401
; ETRmax:   676.6 1494.4  902.6 1322.7    1166.7    0.0 1282.2
;     Ik:   468.5 1176.0  679.7  992.2    1211.4    0.0  915.0
;References: BL_US PMDA0174.REF2 GR_US PMDA0174.REF2 BR_US PMDA0174.REF2

;LTM 50m_05042017

04MAY2017  20:36:00  Gain: 21  Zoff: 289 328 214 201
No   Time    G  PAR    F1   F2   F3   F4   Fm1  Fm2  Fm3  Fm4    Y1   Y2   Y3   Y4
 1 20:36:11 21   64   175  261  115  139   347  450  216  284  0.50 0.42 0.47 0.51

04MAY2017  20:36:16  Gain: 21  Zoff: 289 328 214 201
No   Time    G  PAR    F1   F2   F3   F4   Fm1  Fm2  Fm3  Fm4    Y1   Y2   Y3   Y4
 1 20:36:16 21   64   178  262  118  141   357  454  226  277  0.50 0.42 0.48 0.49
 2 20:36:38 21   16   147  232  102  121   372  451  231  298  0.60 0.49 0.56 0.59
 3 20:36:58 21   64   170  256  112  135   350  457  220  280  0.51 0.44 0.49 0.52
 4 20:37:18 21  128   185  268  121  146   333  448  212  277  0.44 0.40 0.43 0.47
 5 20:37:39 21  192   194  276  128  154   323  432  210  260  0.40 0.36 0.39 0.41
 6 20:37:59 21  256   202  284  133  161   316  424  203  259  0.36 0.33 0.34 0.38
 7 20:38:19 21  320   204  286  137  165   299  407  195  248  0.32 0.30 0.30 0.33
 8 20:38:40 21  384   201  285  138  165   294  409  197  259  0.32 0.30 0.30 0.36
 9 20:39:00 21  448   208  291  142  170   295  406  197  252  0.29 0.28 0.28 0.33
10 20:39:20 21  512   216  299  147  177   292  407  203  251  0.26 0.27 0.28 0.29
11 20:39:40 21  576   214  303  135  185   296  411  207  254  0.28 0.26 0.35 0.27
12 20:40:01 21  640   227  311  155  187   288  408  207  263  0.21 0.24 0.25 0.29
13 20:40:21 21  704   230  314  157  190   290  402  204  261  0.21 0.22 0.23 0.27
14 20:40:41 21  832   232  315  161  194   285  394  205  254  0.19 0.20 0.21 0.24
;            Ch1    Ch2    Ch3    Ch4      blue   green  brown
;  alpha:   1.308  1.080  1.176  1.366     0.935 -0.000  1.245
; ETRmax:   407.0  663.1  683.2  620.8     784.5    0.0  475.8
;     Ik:   311.1  614.2  581.0  454.4     838.6    0.0  382.3
;References: BL_US PMDA0174.REF2 GR_US PMDA0174.REF2 BR_US PMDA0174.REF2

;LTM 60m_05042017

04MAY2017  20:42:57  Gain: 21  Zoff: 289 328 214 201
No   Time    G  PAR    F1   F2   F3   F4   Fm1  Fm2  Fm3  Fm4    Y1   Y2   Y3   Y4
 1 20:43:10 21   64   240  247  148  180   444  434  270  344  0.46 0.43 0.45 0.48

04MAY2017  20:43:14  Gain: 21  Zoff: 289 328 214 201
No   Time    G  PAR    F1   F2   F3   F4   Fm1  Fm2  Fm3  Fm4    Y1   Y2   Y3   Y4
 1 20:43:14 21   64   241  246  150  182   437  419  274  345  0.45 0.41 0.45 0.47
 2 20:43:36 21   16   180  201  122  144   462  433  283  367  0.61 0.54 0.57 0.61
 3 20:43:56 21   64   224  236  144  172   447  443  282  344  0.50 0.47 0.49 0.50
 4 20:44:16 21  128   262  263  161  195   439  437  263  344  0.40 0.40 0.39 0.43
 5 20:44:37 21  192   256  292  101  285   400  409  256  312  0.36 0.29 0.61 0.09
 6 20:44:57 21  256   262  264  170  205   369  377  238  305  0.29 0.30 0.29 0.33
 7 20:45:17 21  320   259  261  169  202   371  365  233  288  0.30 0.28 0.27 0.30
 8 20:45:38 21  384   265  268  174  207   350  371  225  287  0.24 0.28 0.23 0.28
 9 20:45:58 21  448   275  276  180  215   363  372  238  296  0.24 0.26 0.24 0.27
10 20:46:18 21  512   283  284  183  219   367  368  234  296  0.23 0.23 0.22 0.26
11 20:46:38 21  576   285  284  186  222   356  374  230  299  0.20 0.24 0.19 0.26
12 20:46:59 21  640   294  297  176  248   363  355  240  289  0.19 0.16 0.27 0.14
13 20:47:19 21  704   288  286  190  227   353  357  239  289  0.18 0.20 0.21 0.21
14 20:47:39 21  832   292  289  195  234   339  363  235  295  0.14 0.20 0.17 0.21
;            Ch1    Ch2    Ch3    Ch4      blue   green  brown
;  alpha:   1.344  1.139  1.336  1.095     1.029 -0.000  1.294
; ETRmax:   387.0  480.8  310.5  495.7     403.7    0.0  460.9
;     Ik:   287.9  422.0  232.4  452.8     392.2    0.0  356.0
;References: BL_US PMDA0174.REF2 GR_US PMDA0174.REF2 BR_US PMDA0174.REF2

;LTM 70m_05042017

04MAY2017  20:49:37  Gain: 21  Zoff: 289 328 214 201
No   Time    G  PAR    F1   F2   F3   F4   Fm1  Fm2  Fm3  Fm4    Y1   Y2   Y3   Y4
 1 20:49:49 21   64    69   71   63   75   153  140  116  157  0.55 0.49 0.46 0.52

04MAY2017  20:49:56  Gain: 21  Zoff: 289 328 214 201
No   Time    G  PAR    F1   F2   F3   F4   Fm1  Fm2  Fm3  Fm4    Y1   Y2   Y3   Y4
 1 20:49:56 21   64    68   68   64   76   147  137  116  155  0.54 0.50 0.45 0.51
 2 20:50:18 21   16    50   59   51   60   177  159  134  178  0.72 0.63 0.62 0.66
 3 20:50:38 21   64    69   72   63   74   160  152  129  156  0.57 0.53 0.51 0.53
 4 20:50:58 21  128    74   73   66   79   146  146  124  165  0.49 0.50 0.47 0.52
 5 20:51:19 21  192    81   77   71   85   154  136  122  153  0.47 0.43 0.42 0.44
 6 20:51:39 21  256    90   82   78   93   152  140  117  161  0.41 0.41 0.33 0.42
 7 20:51:59 21  320    99   86   84  101   156  134  131  157  0.37 0.36 0.36 0.36
 8 20:52:20 21  384   104   88   88  105   156  142  123  158  0.33 0.38 0.28 0.34
 9 20:52:40 21  448   108   91   86  107   154  133  128  161  0.30 0.32 0.33 0.34
10 20:53:00 21  512   101   83   88  105   145  128  128  156  0.30 0.35 0.31 0.33
11 20:53:20 21  576   102   83   90  106   151  127  128  165  0.32 0.35 0.30 0.36
12 20:53:41 21  640   105   85   91  108   155  131  120  161  0.32 0.35 0.24 0.33
13 20:54:01 21  704   107   86   93  110   152  135  126  159  0.30 0.36 0.26 0.31
14 20:54:21 21  832   109   84   96  113   144  131  125  161  0.24 0.36 0.23 0.30
;            Ch1    Ch2    Ch3    Ch4      blue   green  brown
;  alpha:   1.391  1.167  1.255  1.266     0.994 -0.000  1.102
; ETRmax:   749.1 1387.5  698.8  987.2    1095.8    0.0 6090.5
;     Ik:   538.6 1188.7  556.6  779.6    1102.6    0.0 5528.7
;References: BL_US PMDA0174.REF2 GR_US PMDA0174.REF2 BR_US PMDA0174.REF2

;LTM 80m_05042017

04MAY2017  20:57:09  Gain: 21  Zoff: 289 328 214 201
No   Time    G  PAR    F1   F2   F3   F4   Fm1  Fm2  Fm3  Fm4    Y1   Y2   Y3   Y4
 1 20:57:28 21   64   165  105  120  139   290  205  209  254  0.43 0.49 0.43 0.45

04MAY2017  20:57:34  Gain: 21  Zoff: 289 328 214 201
No   Time    G  PAR    F1   F2   F3   F4   Fm1  Fm2  Fm3  Fm4    Y1   Y2   Y3   Y4
 1 20:57:34 21   64   166  104  121  141   283  200  221  248  0.41 0.48 0.45 0.43
 2 20:57:55 21   16   121   80   93  107   311  214  222  266  0.61 0.63 0.58 0.60
 3 20:58:16 21   64   157   98  114  133   301  196  207  261  0.48 0.50 0.45 0.49
 4 20:58:36 21  128   175  108  126  147   274  185  198  246  0.36 0.42 0.36 0.40
 5 20:58:56 21  192   182  113  133  154   262  188  188  229  0.31 0.40 0.29 0.33
 6 20:59:16 21  256   195  120  142  165   267  180  192  236  0.27 0.33 0.26 0.30
 7 20:59:37 21  320   198  120  145  168   267  180  198  235  0.26 0.33 0.27 0.29
 8 20:59:57 21  384   195  117  145  168   248  170  189  228  0.21 0.31 0.23 0.26
 9 21:00:17 21  448   195  116  146  169   254  165  184  234  0.23 0.30 0.21 0.28
10 21:00:38 21  512   194  113  144  168   244  158  183  218  0.20 0.28 0.21 0.23
11 21:00:58 21  576   194  112  146  169   244  159  179  228  0.20 0.30 0.18 0.26
12 21:01:18 21  640   197  113  149  173   247  157  189  225  0.20 0.28 0.21 0.23
13 21:01:38 21  704   200  114  153  178   242  153  184  230  0.17 0.25 0.17 0.23
14 21:01:59 21  832   203  113  156  182   237  149  181  226  0.14 0.24 0.14 0.19
;            Ch1    Ch2    Ch3    Ch4      blue   green  brown
;  alpha:   1.221  1.152  1.149  1.166     1.062  1.858  1.232
; ETRmax:   365.3  764.3  376.7  528.6     756.1  151.8 24566246
;     Ik:   299.2  663.3  327.8  453.4     711.8   81.7 19934073
;References: BL_US PMDA0174.REF2 GR_US PMDA0174.REF2 BR_US PMDA0174.REF2

;LTM 90m_05042017

04MAY2017  21:05:17  Gain: 21  Zoff: 289 328 214 201
No   Time    G  PAR    F1   F2   F3   F4   Fm1  Fm2  Fm3  Fm4    Y1   Y2   Y3   Y4
 1 21:05:36 21   64    14    0   26   36    64   48   61  100  ---- ---- 0.57 0.64

04MAY2017  21:05:42  Gain: 21  Zoff: 289 328 214 201
No   Time    G  PAR    F1   F2   F3   F4   Fm1  Fm2  Fm3  Fm4    Y1   Y2   Y3   Y4
 1 21:05:42 21   64    18   -1   10   85    66   39   70   99  ---- ---- ---- 0.14
 2 21:06:04 21   16     3   -7   20   28    76   50   82  106  ---- ---- ---- 0.74
 3 21:06:24 21   64    20    4   29   40    75   50   74  107  ---- ---- 0.61 0.63
 4 21:06:44 21  128    25    5   33   44    66   45   67   99  0.62 ---- 0.51 0.56
 5 21:07:05 21  192    24    4   34   45    68   36   69   94  0.65 ---- 0.51 0.52
 6 21:07:25 21  256    27    3   36   48    57   40   61   99  0.53 ---- 0.41 0.52
 7 21:07:45 21  320    30    4   36   61    71   38   68   90  0.58 ---- 0.47 0.32
 8 21:08:06 21  384    29    2   40   52    60   35   69  103  0.52 ---- 0.42 0.50
 9 21:08:26 21  448    31    1   43   55    62   35   71  101  0.50 ---- 0.39 0.46
10 21:08:46 21  512    34    2   46   58    67   40   78   98  0.49 ---- 0.41 0.41
11 21:09:06 21  576    36    2   47   60    65   28   77  104  0.45 ---- 0.39 0.42
12 21:09:27 21  640    35    0   48   61    72   30   81  102  0.51 ---- 0.41 0.40
13 21:09:47 21  704    35   -2   49   62    67   33   77  101  0.48 ---- 0.36 0.39
14 21:10:07 21  832    37   -3   52   65    61   22   71  102  0.39 ---- 0.27 0.36
;            Ch1    Ch2    Ch3    Ch4      blue   green  brown
;  alpha:   1.552 -0.000  1.369  1.397     1.652  1.787  6.358
; ETRmax:  2009.5    0.0 1254.5 1484.6     355.3 3236.0  108.0
;     Ik:  1294.4    0.0  916.4 1062.5     215.1 1810.6   17.0
;References: BL_US PMDA0174.REF2 GR_US PMDA0174.REF2 BR_US PMDA0174.REF2

;LTM 100m_05042017

04MAY2017  21:12:31  Gain: 21  Zoff: 289 328 214 201
No   Time    G  PAR    F1   F2   F3   F4   Fm1  Fm2  Fm3  Fm4    Y1   Y2   Y3   Y4
 1 21:12:52 21   64    -7    0   11   21    40   50   51   76  ---- ---- ---- 0.72

04MAY2017  21:12:58  Gain: 21  Zoff: 289 328 214 201
No   Time    G  PAR    F1   F2   F3   F4   Fm1  Fm2  Fm3  Fm4    Y1   Y2   Y3   Y4
 1 21:12:58 21   64    -6   -1   14   23    47   50   46   77  ---- ---- ---- 0.70
 2 21:13:19 21   16   -12   -3   10   18    39   48   52   86  ---- ---- ---- ----
 3 21:13:40 21   64    -8   -1   12   21    39   50   50   80  ---- ---- ---- 0.74
 4 21:14:00 21  128    -6   -1   13   23    37   40   43   88  ---- ---- ---- 0.74
 5 21:14:20 21  192    -6   -1   15   25    36   42   42   71  ---- ---- ---- 0.65
 6 21:14:40 21  256    -7   -3   16   26    31   47   48   74  ---- ---- ---- 0.65
 7 21:15:01 21  320    -7   -4   18   27    28   32   47   77  ---- ---- ---- 0.65
 8 21:15:21 21  384    -6   -5   17   33    28   37   55   85  ---- ---- ---- 0.61
 9 21:15:41 21  448    -3   -4   22   33    30   36   54   71  ---- ---- 0.59 0.54
10 21:16:02 21  512     0   -4   25   36    29   34   58   75  ---- ---- 0.57 0.52
11 21:16:22 21  576     1   -4   27   38    37   33   55   89  ---- ---- 0.51 0.57
12 21:16:42 21  640     3   -4   29   40    37   28   67   80  ---- ---- 0.57 0.50
13 21:17:02 21  704     4   -5   30   42    31   32   54   89  ---- ---- 0.44 0.53
14 21:17:23 21  832     6   -5   34   46    44   32   65   83  ---- ---- 0.48 0.45
;            Ch1    Ch2    Ch3    Ch4      blue   green  brown
;  alpha:  -0.000 -0.000  1.778  1.629     1.858 -0.000 -0.000
; ETRmax:     0.0    0.0 1060.1 1041.7    1440.8    0.0    0.0
;     Ik:     0.0    0.0  596.2  639.6     775.3    0.0    0.0
;References: BL_US PMDA0174.REF2 GR_US PMDA0174.REF2 BR_US PMDA0174.REF2

;LTM 110m_05042017

04MAY2017  21:20:22  Gain: 21  Zoff: 289 328 214 201
No   Time    G  PAR    F1   F2   F3   F4   Fm1  Fm2  Fm3  Fm4    Y1   Y2   Y3   Y4
 1 21:20:33 21   64   -24  -24  -29  101    47   57   57   76  ---- ---- ---- ----

04MAY2017  21:20:40  Gain: 21  Zoff: 289 328 214 201
No   Time    G  PAR    F1   F2   F3   F4   Fm1  Fm2  Fm3  Fm4    Y1   Y2   Y3   Y4
 1 21:20:40 21   64    -8   -2    5   45    49   58   46   87  ---- ---- ---- 0.48
 2 21:21:01 21   16    -9    3   11   20    55   60   60   87  ---- ---- ---- ----
 3 21:21:22 21   64    -3    7   15   25    49   63   55   84  ---- ---- ---- 0.70
 4 21:21:42 21  128     1   10   17   28    51   69   52   86  ---- ---- ---- 0.67
 5 21:22:02 21  192     4   10   20   31    50   58   52   90  ---- ---- ---- 0.66
 6 21:22:22 21  256     2    8   21   32    46   48   54   86  ---- ---- 0.61 0.63
 7 21:22:43 21  320     3    7   23   34    42   48   56   84  ---- ---- 0.59 0.60
 8 21:23:03 21  384     4    7   25   36    41   47   62   89  ---- ---- 0.60 0.60
 9 21:23:23 21  448     4    6   27   38    41   51   55   81  ---- ---- 0.51 0.53
10 21:23:44 21  512     6    6   29   40    38   47   60   86  ---- ---- 0.52 0.53
11 21:24:04 21  576     9    7   31   43    43   48   65   91  ---- ---- 0.52 0.53
12 21:24:24 21  640    10    7   33   45    47   56   59   96  ---- ---- 0.44 0.53
13 21:24:44 21  704    10    6   34   46    39   48   63   92  ---- ---- 0.46 0.50
14 21:25:05 21  832    13    7   38   51    42   48   64   92  ---- ---- 0.41 0.45
;            Ch1    Ch2    Ch3    Ch4      blue   green  brown
;  alpha:  -0.000 -0.000  1.756  1.653     1.813 11.527 166.261
; ETRmax:     0.0    0.0 1086.2 1457.7    2346.7 2047.4  368.5
;     Ik:     0.0    0.0  618.5  882.1    1294.1  177.6    2.2
;References: BL_US PMDA0174.REF2 GR_US PMDA0174.REF2 BR_US PMDA0174.REF2

;LTM 120m_05042017

04MAY2017  21:28:56  Gain: 21  Zoff: 289 328 214 201
No   Time    G  PAR    F1   F2   F3   F4   Fm1  Fm2  Fm3  Fm4    Y1   Y2   Y3   Y4
 1 21:29:06 21   64   -40  -38  -13   -6   -11   -4   16   45  ---- ---- ---- ----

04MAY2017  21:29:12  Gain: 21  Zoff: 289 328 214 201
No   Time    G  PAR    F1   F2   F3   F4   Fm1  Fm2  Fm3  Fm4    Y1   Y2   Y3   Y4
 1 21:29:35 21   64   137  123  -57   20    -6    3   20   42  ---- ---- ---- ----
 2 21:29:56 21   16   -40  -36  -13   -6     3    2   18   37  ---- ---- ---- ----
 3 21:30:16 21   64   -39  -37  -11   -5     1   -4   17   42  ---- ---- ---- ----
 4 21:30:37 21  128   -37  -37  -10   -3    -4    3   16   44  ---- ---- ---- ----
 5 21:30:57 21  192   -35  -37   -7   -1    -5    2   21   45  ---- ---- ---- ----
 6 21:31:17 21  256   -34  -38   -6    2    -4   -1   20   46  ---- ---- ---- ----
 7 21:31:37 21  320   -34  -39   -4    3    -1   -7   24   45  ---- ---- ---- ----
 8 21:31:58 21  384   -33  -40   -2    6    -2  -15   23   51  ---- ---- ---- ----
 9 21:32:18 21  448   -32  -40    0    7    -8   -5   33   52  ---- ---- ---- ----
10 21:32:38 21  512   -33  -44   -1   11    -3  -12   22   45  ---- ---- ---- ----
11 21:32:59 21  576   -50  -69  -22   34    -9  -10   27   52  ---- ---- ---- 0.35
12 21:33:19 21  640   -28  -42    5   13    -4  -15   32   57  ---- ---- ---- ----
13 21:33:39 21  704   -27  -43    6   15     1  -12   29   53  ---- ---- ---- ----
14 21:33:59 21  832   -26  -45   10   18     2  -16   34   61  ---- ---- ---- ----
;            Ch1    Ch2    Ch3    Ch4      blue   green  brown
;  alpha:  -0.000 -0.000 -0.000  1.883    -0.000 -0.000 -0.000
; ETRmax:     0.0    0.0    0.0  485.0       0.0    0.0    0.0
;     Ik:     0.0    0.0    0.0  257.6       0.0    0.0    0.0
;References: BL_US PMDA0174.REF2 GR_US PMDA0174.REF2 BR_US PMDA0174.REF2

;LTM 130m_05042017

04MAY2017  21:35:55  Gain: 21  Zoff: 289 328 214 201
No   Time    G  PAR    F1   F2   F3   F4   Fm1  Fm2  Fm3  Fm4    Y1   Y2   Y3   Y4
 1 21:36:10 21   64     7   31   15   25    56   91   49   79  ---- 0.66 ---- 0.68

04MAY2017  21:36:18  Gain: 21  Zoff: 289 328 214 201
No   Time    G  PAR    F1   F2   F3   F4   Fm1  Fm2  Fm3  Fm4    Y1   Y2   Y3   Y4
 1 21:36:18 21   64    10   31   18   29    61   90   59   88  ---- 0.66 ---- 0.67
 2 21:36:40 21   16     3   25   11   32    65   75   62   92  ---- 0.67 ---- 0.65
 3 21:37:00 21   64     4   28   15   25    49   79   54   78  ---- 0.65 ---- 0.68
 4 21:37:21 21  128     3   28   15   25    47   80   50   81  ---- 0.65 ---- 0.69
 5 21:37:41 21  192     6   28   18   28    49   79   58   83  ---- 0.65 ---- 0.66
 6 21:38:01 21  256     8   30   21   31    53   71   54   88  ---- 0.58 0.61 0.65
 7 21:38:21 21  320    11   30   24   35    46   72   57   79  ---- 0.58 0.58 0.56
 8 21:38:42 21  384    13   30   22   48    49   73   60   86  ---- 0.59 0.63 0.44
 9 21:39:02 21  448    14   30   28   40    45   72   51   87  ---- 0.58 0.45 0.54
10 21:39:22 21  512    15   29   30   41    46   62   58   83  ---- 0.53 0.48 0.51
11 21:39:43 21  576    14   28   31   42    56   68   57   81  ---- 0.59 0.46 0.48
12 21:40:03 21  640    15   27   32   44    53   63   60   88  ---- 0.57 0.47 0.50
13 21:40:23 21  704    16   26   34   46    46   60   70   86  ---- 0.57 0.51 0.47
14 21:40:43 21  832    19   25   38   50    44   56   68   90  ---- 0.55 0.44 0.44
;            Ch1    Ch2    Ch3    Ch4      blue   green  brown
;  alpha:  -0.000  1.450  1.667  1.676     1.852 -0.000  1.785
; ETRmax:     0.0 6365.2 1895.3 1837.7    1009.8    0.0 5702.3
;     Ik:     0.0 4389.3 1136.7 1096.4     545.4    0.0 3194.8
;References: BL_US PMDA0174.REF2 GR_US PMDA0174.REF2 BR_US PMDA0174.REF2

;LTM 140m_05042017

04MAY2017  21:43:21  Gain: 21  Zoff: 289 328 214 201
No   Time    G  PAR    F1   F2   F3   F4   Fm1  Fm2  Fm3  Fm4    Y1   Y2   Y3   Y4
 1 21:43:50 21   64    26   50   32   44    96  121   86  123  0.73 0.59 0.63 0.64

04MAY2017  21:43:55  Gain: 21  Zoff: 289 328 214 201
No   Time    G  PAR    F1   F2   F3   F4   Fm1  Fm2  Fm3  Fm4    Y1   Y2   Y3   Y4
 1 21:43:55 21   64    27   50   35   47    94  116   86  114  0.71 0.57 0.59 0.59
 2 21:44:17 21   16    21   44   30   41    91  116   85  125  0.77 0.62 0.65 0.67
 3 21:44:37 21   64    23   48   32   44    90  119   80  116  0.74 0.60 0.60 0.62
 4 21:44:57 21  128    23   49   33   44    79  114   79  113  0.71 0.57 0.58 0.61
 5 21:45:18 21  192    25   50   34   46    78  102   75  109  0.68 0.51 0.55 0.58
 6 21:45:38 21  256    26   49   37   49    74  108   82  120  0.65 0.55 0.55 0.59
 7 21:45:58 21  320    28   49   39   52    70  101   74  109  0.60 0.51 0.47 0.52
 8 21:46:19 21  384    29   49   41   54    74  101   78  108  0.61 0.51 0.47 0.50
 9 21:46:39 21  448    31   50   44   57    72   93   78  109  0.57 0.46 0.44 0.48
10 21:46:59 21  512    34   51   47   60    71   99   88  107  0.52 0.48 0.47 0.44
11 21:47:19 21  576    35   52   49   61    75   97   83  104  0.53 0.46 0.41 0.41
12 21:47:40 21  640    38   54   51   64    74  104   81  116  0.49 0.48 0.37 0.45
13 21:48:00 21  704    41   55   53   67    74   99   78  109  0.45 0.44 0.32 0.39
14 21:48:20 21  832    44   56   58   72    86   98   89  118  0.49 0.43 0.35 0.39
;            Ch1    Ch2    Ch3    Ch4      blue   green  brown
;  alpha:   1.779  1.629  1.415  1.499     1.263 -0.000  1.603
; ETRmax:  1599.5 1208.2  643.2  842.7     492.7    0.0 2719.7
;     Ik:   899.0  741.9  454.5  562.3     390.0    0.0 1696.3
;References: BL_US PMDA0174.REF2 GR_US PMDA0174.REF2 BR_US PMDA0174.REF2