Gain: 20  Zoff: 176 201 132 128
;LTM_12212017_0m
21DEC2017  19:57:42  Gain: 20  Zoff: 176 201 132 128
No   Time    G  PAR    F1   F2   F3   F4   Fm1  Fm2  Fm3  Fm4    Y1   Y2   Y3   Y4
 1 20:03:52 20 3391    87  120   62   70   156  223  124  150  0.44 0.46 0.50 0.53

21DEC2017  20:03:55  Gain: 20  Zoff: 176 201 132 128
No   Time    G  PAR    F1   F2   F3   F4   Fm1  Fm2  Fm3  Fm4    Y1   Y2   Y3   Y4
 1 20:03:55 20 3390    91  123   66   75   160  212  129  156  0.43 0.42 0.49 0.52
 2 20:04:16 20 3391    86  115   61   68   160  214  124  149  0.46 0.46 0.51 0.54
 3 20:04:37 20 3391    84  118   59   67   147  213  124  144  0.43 0.45 0.52 0.53
 4 20:04:57 20 3391    85  120   61   68   144  216  115  137  0.41 0.44 0.47 0.50
 5 20:05:17 20 3385    84  120   62   69   134  211  115  135  0.37 0.43 0.46 0.49
 6 20:05:38 20 3395    85  121   63   70   136  209  110  136  0.38 0.42 0.43 0.49
 7 20:05:58 20 3381    84  121   64   72   132  205  112  134  0.36 0.41 0.43 0.46
 8 20:06:18 20 3389    85  122   65   73   129  205  110  133  0.34 0.40 0.41 0.45
 9 20:06:38 20 3392    86  124   67   75   126  201  113  134  0.32 0.38 0.41 0.44
10 20:06:59 20 3390    82  122   66   74   121  199  113  130  0.32 0.39 0.42 0.43
;            Ch1    Ch2    Ch3    Ch4      blue   green  brown
;  alpha:   0.365  0.413  0.455  0.501     0.484 -0.000  0.413
; ETRmax:   769.2  802.4  840.0  866.6     861.8    0.0  802.4
;     Ik:  2106.8 1942.4 1845.0 1731.4    1781.5    0.0 1940.8
;References: BL_US PMDA0174.REF2 GR_US PMDA0174.REF2 BR_US PMDA0174.REF2


;LTM_12212017_10m
21DEC2017  20:09:48  Gain: 20  Zoff: 176 201 132 128
No   Time    G  PAR    F1   F2   F3   F4   Fm1  Fm2  Fm3  Fm4    Y1   Y2   Y3   Y4
 1 20:10:15 20 3391    86  121   71   77   163  197  141  164  0.47 0.39 0.50 0.53

21DEC2017  20:10:18  Gain: 20  Zoff: 176 201 132 128
No   Time    G  PAR    F1   F2   F3   F4   Fm1  Fm2  Fm3  Fm4    Y1   Y2   Y3   Y4
 1 20:10:19 20 3393    90  122   76   82   158  189  139  164  0.43 0.35 0.45 0.50
 2 20:10:40 20 3396    81  112   63   70   156  187  125  147  0.48 0.40 0.50 0.52
 3 20:11:01 20 3385    77  115   60   67   141  189  124  144  0.45 0.39 0.52 0.53
 4 20:11:21 20 3387    82  121   66   73   146  193  126  146  0.44 0.37 0.48 0.50
 5 20:11:41 20 3386    77  118   63   69   126  187  114  135  0.39 0.37 0.45 0.49
 6 20:12:01 20 3386    77  119   70   74   119  184  124  138  0.35 0.35 0.44 0.46
 7 20:12:22 20 3390    73  118   71   74   121  180  116  138  0.40 0.34 0.39 0.46
 8 20:12:42 20 3385    84  123   73   79   124  179  116  135  0.32 0.31 0.37 0.41
 9 20:13:02 20 3390    75  119   70   74   113  176  119  127  0.34 0.32 0.41 0.42
10 20:13:23 20 3389    75  121   74   78   116  179  118  134  0.35 0.32 0.37 0.42
;            Ch1    Ch2    Ch3    Ch4      blue   green  brown
;  alpha:   0.381 175558.2 263337.1 41793.15     0.471 -0.000  0.371
; ETRmax:   782.9 3493.0 3469.3 3151.6     842.9    0.0  773.1
;     Ik:  2056.6    0.0    0.0    0.1    1789.1    0.0 2083.9
;References: BL_US PMDA0174.REF2 GR_US PMDA0174.REF2 BR_US PMDA0174.REF2

;LTM_12212017_20m

21DEC2017  20:15:06  Gain: 20  Zoff: 176 201 132 128
No   Time    G  PAR    F1   F2   F3   F4   Fm1  Fm2  Fm3  Fm4    Y1   Y2   Y3   Y4
 1 20:15:23 20 3381    90  139   52   59   151  218  105  126  0.40 0.36 0.50 0.53

21DEC2017  20:15:37  Gain: 20  Zoff: 176 201 132 128
No   Time    G  PAR    F1   F2   F3   F4   Fm1  Fm2  Fm3  Fm4    Y1   Y2   Y3   Y4
 1 20:15:37 20 3391    90  135   55   61   148  215  112  131  0.39 0.37 0.51 0.53
 2 20:15:59 20 3393    85  132   52   58   149  215  112  129  0.43 0.39 0.54 0.55
 3 20:16:19 20 3388    89  137   54   60   158  224  118  138  0.44 0.39 0.54 0.57
 4 20:16:39 20 3391    89  138   54   61   141  220  110  126  0.37 0.37 0.51 0.52
 5 20:17:00 20 3390    89  141   57   63   141  223  108  128  0.37 0.37 0.47 0.51
 6 20:17:20 20 3392    91  145   61   67   137  219  103  128  0.34 0.34 0.41 0.48
 7 20:17:40 20 3388    90  141   59   66   136  213  110  126  0.34 0.34 0.46 0.48
 8 20:18:01 20 3387    92  145   62   69   135  215  111  124  0.32 0.33 0.44 0.44
 9 20:18:21 20 3389    94  145   65   72   137  207  111  132  0.31 0.30 0.41 0.45
10 20:18:41 20 3386    91  142   64   71   131  209  104  124  0.31 0.32 0.38 0.43
;            Ch1    Ch2    Ch3    Ch4      blue   green  brown
;  alpha:   0.340 12643.91 305757.1  0.513    183808.0 -0.000  0.345
; ETRmax:   746.8 2931.4 3360.3  876.8    4561.8    0.0  755.1
;     Ik:  2198.5    0.2    0.0 1707.8       0.0    0.0 2189.8
;References: BL_US PMDA0174.REF2 GR_US PMDA0174.REF2 BR_US PMDA0174.REF2

;LTM_12212017_30m

21DEC2017  20:20:30  Gain: 20  Zoff: 176 201 132 128
No   Time    G  PAR    F1   F2   F3   F4   Fm1  Fm2  Fm3  Fm4    Y1   Y2   Y3   Y4
 1 20:20:42 20 3387   108  143   63   73   196  248  130  161  0.45 0.42 0.52 0.55

21DEC2017  20:20:44  Gain: 20  Zoff: 176 201 132 128
No   Time    G  PAR    F1   F2   F3   F4   Fm1  Fm2  Fm3  Fm4    Y1   Y2   Y3   Y4
 1 20:20:45 20 3391   111  145   67   77   187  238  137  164  0.41 0.39 0.51 0.53
 2 20:21:06 20 3381    99  134   60   69   194  244  136  165  0.49 0.45 0.56 0.58
 3 20:21:26 20 3389   104  141   62   71   184  254  135  159  0.43 0.44 0.54 0.55
 4 20:21:47 20 3389   109  146   66   76   179  253  137  156  0.39 0.42 0.52 0.51
 5 20:22:07 20 3384   106  145   66   76   170  246  126  151  0.38 0.41 0.48 0.50
 6 20:22:27 20 3386   103  144   66   75   160  239  123  149  0.36 0.40 0.46 0.50
 7 20:22:48 20 3384   107  147   69   79   162  239  122  144  0.34 0.38 0.43 0.45
 8 20:23:08 20 3390   104  147   70   79   158  235  123  147  0.34 0.37 0.43 0.46
 9 20:23:28 20 3385   109  150   74   84   160  236  125  149  0.32 0.36 0.41 0.44
10 20:23:48 20 3391   113  153   76   87   160  233  128  149  0.29 0.34 0.41 0.42
;            Ch1    Ch2    Ch3    Ch4      blue   green  brown
;  alpha:  3417422.  0.384  0.483 65905.72     0.557 -0.000  0.387
; ETRmax:  6615.9  785.4  862.3 3224.4     909.5    0.0  788.0
;     Ik:     0.0 2043.3 1783.9    0.0    1633.2    0.0 2035.6
;References: BL_US PMDA0174.REF2 GR_US PMDA0174.REF2 BR_US PMDA0174.REF2

;LTM_12212017_40m

21DEC2017  20:25:34  Gain: 20  Zoff: 176 201 132 128
No   Time    G  PAR    F1   F2   F3   F4   Fm1  Fm2  Fm3  Fm4    Y1   Y2   Y3   Y4
 1 20:25:48 20 3395   102  187   57   68   182  287  118  151  0.44 0.35 0.52 0.55

21DEC2017  20:25:51  Gain: 20  Zoff: 176 201 132 128
No   Time    G  PAR    F1   F2   F3   F4   Fm1  Fm2  Fm3  Fm4    Y1   Y2   Y3   Y4
 1 20:25:52 20 3387   105  189   61   73   185  288  127  157  0.43 0.34 0.52 0.54
 2 20:26:13 20 3390   100  183   58   68   197  306  130  162  0.49 0.40 0.55 0.58
 3 20:26:33 20 3384   104  188   59   69   183  298  122  148  0.43 0.37 0.52 0.53
 4 20:26:54 20 3391   105  191   61   72   180  298  122  151  0.42 0.36 0.50 0.52
 5 20:27:14 20 3391   108  195   65   76   177  301  122  147  0.39 0.35 0.47 0.48
 6 20:27:34 20 3392   114  201   69   81   176  291  122  146  0.35 0.31 0.43 0.45
 7 20:27:54 20 3396   106  196   66   77   164  283  118  143  0.35 0.31 0.44 0.46
 8 20:28:15 20 3390   113  201   71   82   172  284  123  146  0.34 0.29 0.42 0.44
 9 20:28:35 20 3394   114  204   72   84   163  289  119  142  0.30 0.29 0.39 0.41
10 20:28:55 20 3385   114  205   73   85   164  288  117  142  0.30 0.29 0.38 0.40
;            Ch1    Ch2    Ch3    Ch4      blue   green  brown
;  alpha:   0.364  0.306  0.468 2494774.    2401482. -0.000  0.347
; ETRmax:   768.9  734.2  844.2 3283.1    4528.7    0.0  752.0
;     Ik:  2111.6 2398.5 1805.0    0.0       0.0    0.0 2165.6
;References: BL_US PMDA0174.REF2 GR_US PMDA0174.REF2 BR_US PMDA0174.REF2

;LTM_12212017_50m

21DEC2017  20:30:45  Gain: 20  Zoff: 176 201 132 128
No   Time    G  PAR    F1   F2   F3   F4   Fm1  Fm2  Fm3  Fm4    Y1   Y2   Y3   Y4
 1 20:30:58 20 3385    78  127   46   55   148  203  100  129  0.47 0.37 0.54 0.57

21DEC2017  20:31:01  Gain: 20  Zoff: 176 201 132 128
No   Time    G  PAR    F1   F2   F3   F4   Fm1  Fm2  Fm3  Fm4    Y1   Y2   Y3   Y4
 1 20:31:02 20 3389    81  128   50   59   151  194  110  130  0.46 0.34 0.55 0.55
 2 20:31:23 20 3385    69  118   45   52   150  201  107  134  0.54 0.41 0.58 0.61
 3 20:31:43 20 3386    75  125   46   54   155  205  105  133  0.52 0.39 0.56 0.59
 4 20:32:04 20 3387    79  127   49   58   143  193  102  125  0.45 0.34 0.52 0.54
 5 20:32:24 20 3394    82  130   52   61   138  190  100  124  0.41 0.32 0.48 0.51
 6 20:32:44 20 3391    84  131   54   63   142  189  103  125  0.41 0.31 0.48 0.50
 7 20:33:04 20 3387    84  131   55   65   130  183   99  118  0.35 0.28 0.44 0.45
 8 20:33:25 20 3394    84  131   57   66   130  182   96  123  0.35 0.28 0.41 0.46
 9 20:33:45 20 3390    89  133   59   69   134  177  100  120  0.34 0.25 0.41 0.42
10 20:34:05 20 3380    91  138   62   73   130  187  100  120  0.30 0.26 0.38 0.39
;            Ch1    Ch2    Ch3    Ch4      blue   green  brown
;  alpha:   0.402  0.291  0.491  0.497     0.559 -0.000  0.353
; ETRmax:   798.8  740.1  866.0 1233.0    1334.5    0.0  761.9
;     Ik:  1987.7 2542.9 1762.5 2479.3    2385.2    0.0 2156.4
;References: BL_US PMDA0174.REF2 GR_US PMDA0174.REF2 BR_US PMDA0174.REF2

;LTM_12212017_60m
21DEC2017  20:37:59  Gain: 20  Zoff: 176 201 132 128
No   Time    G  PAR    F1   F2   F3   F4   Fm1  Fm2  Fm3  Fm4    Y1   Y2   Y3   Y4
 1 20:38:11 20 3376   108   71   66   77   197  131  136  164  0.45 0.46 0.51 0.53

21DEC2017  20:38:14  Gain: 20  Zoff: 176 201 132 128
No   Time    G  PAR    F1   F2   F3   F4   Fm1  Fm2  Fm3  Fm4    Y1   Y2   Y3   Y4
 1 20:38:15 20 3392   112   71   71   82   200  129  141  171  0.44 0.45 0.50 0.52
 2 20:38:36 20 3393    96   62   60   69   217  141  145  173  0.56 0.56 0.59 0.60
 3 20:38:56 20 3398   111   71   67   79   205  140  137  166  0.46 0.49 0.51 0.52
 4 20:39:17 20 3394   128   81   78   91   206  138  138  166  0.38 0.41 0.43 0.45
 5 20:39:37 20 3392   131   81   82   96   194  127  133  159  0.32 0.36 0.38 0.40
 6 20:39:57 20 3389   135   83   85   99   188  126  130  158  0.28 0.34 0.35 0.37
 7 20:40:18 20 3385   133   81   84   98   183  118  128  152  0.27 0.31 0.34 0.36
 8 20:40:38 20 3389   129   78   83   97   176  117  123  145  0.27 0.33 0.33 0.33
 9 20:40:58 20 3389   133   80   87  101   176  119  127  154  0.24 0.33 0.31 0.34
10 20:41:18 20 3388   135   82   89  102   177  117  124  150  0.24 0.30 0.28 0.32
;            Ch1    Ch2    Ch3    Ch4      blue   green  brown
;  alpha:  566184.0 3416595. 1111510. 591453.6     0.486 427968.4  0.410
; ETRmax:  3049.3 3011.6 4026.9 3892.6     859.5 3908.4 1084.0
;     Ik:     0.0    0.0    0.0    0.0    1767.6    0.0 2643.6
;References: BL_US PMDA0174.REF2 GR_US PMDA0174.REF2 BR_US PMDA0174.REF2

;LTM_12212017_70m

21DEC2017  20:43:31  Gain: 20  Zoff: 176 201 132 128
No   Time    G  PAR    F1   F2   F3   F4   Fm1  Fm2  Fm3  Fm4    Y1   Y2   Y3   Y4
 1 20:43:45 20 3385   137   94   78   93   208  149  134  164  0.34 0.37 0.42 0.43

21DEC2017  20:43:51  Gain: 20  Zoff: 176 201 132 128
No   Time    G  PAR    F1   F2   F3   F4   Fm1  Fm2  Fm3  Fm4    Y1   Y2   Y3   Y4
 1 20:43:52 20 3396   136   90   81   95   203  137  134  158  0.33 0.34 0.40 0.40
 2 20:44:13 20 3389   104   72   62   73   204  140  134  162  0.49 0.49 0.54 0.55
 3 20:44:33 20 3390   120   81   71   84   203  135  135  159  0.41 0.40 0.47 0.47
 4 20:44:54 20 3396   127   85   77   90   188  128  121  153  0.32 0.34 0.36 0.41
 5 20:45:14 20 3391   130   86   79   92   183  128  122  148  0.29 0.33 0.35 0.38
 6 20:45:34 20 3391   130   85   80   94   174  127  120  142  0.25 0.33 0.33 0.34
 7 20:45:54 20 3397   134   87   84   98   180  125  124  152  0.26 0.30 0.32 0.36
 8 20:46:15 20 3390   136   86   86  100   174  121  120  144  0.22 0.29 0.28 0.31
 9 20:46:35 20 3391   133   85   85   98   170  117  119  143  0.22 0.27 0.29 0.31
10 20:46:55 20 3384   134   85   85  100   170  117  117  147  0.21 0.27 0.27 0.32
;            Ch1    Ch2    Ch3    Ch4      blue   green  brown
;  alpha:  8912.901  0.311  0.341  0.367     0.438 1978933.  0.322
; ETRmax:  52658.2  743.6  747.3  771.5     826.5 25128.5  737.7
;     Ik:     5.9 2390.1 2189.1 2100.2    1885.6    0.0 2294.2
;References: BL_US PMDA0174.REF2 GR_US PMDA0174.REF2 BR_US PMDA0174.REF2

;LTM_12212017_80m

21DEC2017  20:48:42  Gain: 20  Zoff: 176 201 132 128
No   Time    G  PAR    F1   F2   F3   F4   Fm1  Fm2  Fm3  Fm4    Y1   Y2   Y3   Y4
 1 20:48:54 20 3396    54   37   28   35    94   69   66   84  0.43 0.46 0.58 0.58

21DEC2017  20:48:57  Gain: 20  Zoff: 176 201 132 128
No   Time    G  PAR    F1   F2   F3   F4   Fm1  Fm2  Fm3  Fm4    Y1   Y2   Y3   Y4
 1 20:48:58 20 3391    55   36   31   38    93   65   69   90  0.41 0.45 0.55 0.58
 2 20:49:19 20 3391    46   31   25   30    96   71   66   88  0.52 0.56 0.62 0.66
 3 20:49:39 20 3390    50   35   28   34    91   67   66   86  0.45 0.48 0.58 0.60
 4 20:49:59 20 3391    52   35   29   35    87   63   62   81  0.40 0.44 0.53 0.57
 5 20:50:20 20 3391    53   34   30   37    88   63   64   82  0.40 0.46 0.53 0.55
 6 20:50:40 20 3386    54   35   32   38    88   62   64   80  0.39 0.44 0.50 0.53
 7 20:51:00 20 3385    54   34   33   39    87   62   67   81  0.38 0.45 0.51 0.52
 8 20:51:21 20 3388    57   35   35   42    90   62   66   84  0.37 0.44 0.47 0.50
 9 20:51:41 20 3394    58   35   37   44    89   59   64   85  0.35 0.41 0.42 0.48
10 20:52:01 20 3388    58   35   38   45    87   56   64   86  0.33 0.38 0.41 0.48
;            Ch1    Ch2    Ch3    Ch4      blue   green  brown
;  alpha:   0.386  0.450  0.510  0.588     0.713  0.429  0.395
; ETRmax:   785.6  833.9 1251.1  933.1    1532.9  810.6  796.9
;     Ik:  2037.1 1853.3 2455.4 1586.1    2149.1 1887.6 2018.4
;References: BL_US PMDA0174.REF2 GR_US PMDA0174.REF2 BR_US PMDA0174.REF2

;LTM_12212017_90m

21DEC2017  20:53:37  Gain: 20  Zoff: 176 201 132 128
No   Time    G  PAR    F1   F2   F3   F4   Fm1  Fm2  Fm3  Fm4    Y1   Y2   Y3   Y4
 1 20:53:56 20 3390    60   41   35   43   112   77   76  102  0.46 0.47 0.54 0.58

21DEC2017  20:53:59  Gain: 20  Zoff: 176 201 132 128
No   Time    G  PAR    F1   F2   F3   F4   Fm1  Fm2  Fm3  Fm4    Y1   Y2   Y3   Y4
 1 20:54:00 20 3394    63   41   38   46   109   70   85  106  0.42 0.41 0.55 0.57
 2 20:54:21 20 3389    52   33   32   38   118   78   83  107  0.56 0.58 0.61 0.64
 3 20:54:41 20 3392    56   37   34   41   108   77   77   97  0.48 0.52 0.56 0.58
 4 20:55:02 20 3394    63   39   38   47   108   72   78   95  0.42 0.46 0.51 0.51
 5 20:55:22 20 3392    63   39   38   47   100   70   75   94  0.37 0.44 0.49 0.50
 6 20:55:42 20 3385    63   38   40   48    96   67   74   91  0.34 0.43 0.46 0.47
 7 20:56:02 20 3390    64   38   42   50   100   67   78   94  0.36 0.43 0.46 0.47
 8 20:56:23 20 3391    64   38   43   51    96   66   76   88  0.33 0.42 0.43 0.42
 9 20:56:43 20 3389    64   36   44   52    98   65   72   91  0.35 0.45 0.39 0.43
10 20:57:03 20 3386    64   35   44   52    98   60   72   90  0.35 0.42 0.39 0.42
;            Ch1    Ch2    Ch3    Ch4      blue   green  brown
;  alpha:   0.384  0.458  0.500  0.519     0.684  0.356  0.610
; ETRmax:   785.5  844.6  871.0  888.9     997.3  765.7  946.3
;     Ik:  2046.2 1842.3 1741.0 1711.3    1458.0 2148.3 1552.1
;References: BL_US PMDA0174.REF2 GR_US PMDA0174.REF2 BR_US PMDA0174.REF2

;LTM_12212017_100m

21DEC2017  20:58:51  Gain: 20  Zoff: 176 201 132 128
No   Time    G  PAR    F1   F2   F3   F4   Fm1  Fm2  Fm3  Fm4    Y1   Y2   Y3   Y4
 1 20:59:04 20 3388    44   36   19   24    85   71   58   75  0.48 0.49 ---- 0.68

21DEC2017  20:59:11  Gain: 20  Zoff: 176 201 132 128
No   Time    G  PAR    F1   F2   F3   F4   Fm1  Fm2  Fm3  Fm4    Y1   Y2   Y3   Y4
 1 20:59:11 20 3395    47   35   23   29    86   69   61   76  0.45 0.49 0.62 0.62
 2 20:59:32 20 3394    38   32   17   21    83   65   59   71  0.54 0.51 ---- 0.70
 3 20:59:53 20 3394    41   33   18   23    80   69   55   72  0.49 0.52 ---- 0.68
 4 21:00:13 20 3393    43   34   20   25    79   65   53   69  0.46 0.48 ---- 0.64
 5 21:00:33 20 3392    45   35   22   28    80   64   55   73  0.44 0.45 0.60 0.62
 6 21:00:53 20 3388    48   36   24   30    82   67   59   74  0.41 0.46 0.59 0.59
 7 21:01:14 20 3394    48   34   26   31    80   60   57   72  0.40 0.43 0.54 0.57
 8 21:01:34 20 3388    49   34   27   33    82   60   59   76  0.40 0.43 0.54 0.57
 9 21:01:54 20 3393    50   33   28   35    78   59   57   74  0.36 0.44 0.51 0.53
10 21:02:15 20 3395    50   32   29   35    82   60   60   76  0.39 0.47 0.52 0.54
;            Ch1    Ch2    Ch3    Ch4      blue   green  brown
;  alpha:   0.431  0.476 19817.03  0.684     0.944  0.526  0.405
; ETRmax:   813.2  851.1 3459.4  997.3    1149.6 1282.4  799.1
;     Ik:  1888.5 1786.5    0.2 1457.7    1218.0 2439.8 1971.8
;References: BL_US PMDA0174.REF2 GR_US PMDA0174.REF2 BR_US PMDA0174.REF2

;LTM_12212017_110m

21DEC2017  21:04:10  Gain: 20  Zoff: 176 201 132 128
No   Time    G  PAR    F1   F2   F3   F4   Fm1  Fm2  Fm3  Fm4    Y1   Y2   Y3   Y4
 1 21:04:21 20 3386    24   11   14   19    60   36   49   68  0.60 ---- ---- ----

21DEC2017  21:04:24  Gain: 20  Zoff: 176 201 132 128
No   Time    G  PAR    F1   F2   F3   F4   Fm1  Fm2  Fm3  Fm4    Y1   Y2   Y3   Y4
 1 21:04:25 20 3389    26   10   17   23    65   35   54   72  0.60 ---- ---- 0.68
 2 21:04:46 20 3402    18    6   12   16    54   35   46   67  ---- ---- ---- ----
 3 21:05:06 20 3392    23    9   14   19    62   43   50   64  0.63 ---- ---- ----
 4 21:05:27 20 3387    26   10   17   22    59   37   50   66  0.56 ---- ---- 0.67
 5 21:05:47 20 3387    26   10   18   24    61   37   50   63  0.57 ---- ---- 0.62
 6 21:06:07 20 3390    30   11   21   28    62   35   53   70  0.52 ---- 0.60 0.60
 7 21:06:28 20 3395    29   10   22   28    60   31   54   66  0.52 ---- 0.59 0.58
 8 21:06:48 20 3388    30    9   23   29    61   35   53   70  0.51 ---- 0.57 0.59
 9 21:07:08 20 3391    30    8   24   30    59   29   52   72  0.49 ---- 0.54 0.58
10 21:07:28 20 3392    33    9   26   33    64   35   53   70  0.48 ---- 0.51 0.53
;            Ch1    Ch2    Ch3    Ch4      blue   green  brown
;  alpha:  87083.98 -0.000  0.614  0.684    475517.5  0.667 -0.000
; ETRmax:  4476.0    0.0  948.0  996.2    3856.4  981.5    0.0
;     Ik:     0.1    0.0 1543.7 1457.0       0.0 1470.5    0.0
;References: BL_US PMDA0174.REF2 GR_US PMDA0174.REF2 BR_US PMDA0174.REF2

;LTM_12212017_120m

21DEC2017  21:10:25  Gain: 20  Zoff: 176 201 132 128
No   Time    G  PAR    F1   F2   F3   F4   Fm1  Fm2  Fm3  Fm4    Y1   Y2   Y3   Y4
 1 21:10:36 20 3391    24   30   15   20    64   68   54   71  0.63 0.56 ---- ----

21DEC2017  21:10:40  Gain: 20  Zoff: 176 201 132 128
No   Time    G  PAR    F1   F2   F3   F4   Fm1  Fm2  Fm3  Fm4    Y1   Y2   Y3   Y4
 1 21:10:40 20 3388    25   29   18   23    64   61   58   71  0.61 0.52 ---- 0.68
 2 21:11:01 20 3397    21   27   15   19    63   69   54   72  0.67 0.61 ---- ----
 3 21:11:22 20 3391    23   29   15   20    59   69   54   72  0.61 0.58 ---- ----
 4 21:11:42 20 3386    24   29   16   21    58   65   52   72  0.59 0.55 ---- 0.71
 5 21:12:02 20 3392    26   29   18   24    62   69   53   72  0.58 0.58 ---- 0.67
 6 21:12:22 20 3392    29   30   21   26    62   66   51   70  0.53 0.55 0.59 0.63
 7 21:12:43 20 3385    27   28   21   26    60   63   53   69  0.55 0.56 0.60 0.62
 8 21:13:03 20 3389    27   28   22   28    58   62   56   68  0.53 0.55 0.61 0.59
 9 21:13:23 20 3390    29   29   24   29    59   63   57   74  0.51 0.54 0.58 0.61
10 21:13:44 20 3392    31   29   26   32    62   58   59   71  0.50 0.50 0.56 0.55
;            Ch1    Ch2    Ch3    Ch4      blue   green  brown
;  alpha:   0.624  0.601  0.656  0.729     0.803 -0.000  0.624
; ETRmax:   953.1  939.3  974.0 1025.1    1072.4    0.0  953.5
;     Ik:  1528.2 1564.0 1484.8 1406.0    1336.2    0.0 1529.0
;References: BL_US PMDA0174.REF2 GR_US PMDA0174.REF2 BR_US PMDA0174.REF2

;LTM_12212017_130m

21DEC2017  21:15:59  Gain: 20  Zoff: 176 201 132 128
No   Time    G  PAR    F1   F2   F3   F4   Fm1  Fm2  Fm3  Fm4    Y1   Y2   Y3   Y4
 1 21:16:10 20 3380    14   18   14   15    48   52   54   63  ---- ---- ---- ----

21DEC2017  21:16:15  Gain: 20  Zoff: 176 201 132 128
No   Time    G  PAR    F1   F2   F3   F4   Fm1  Fm2  Fm3  Fm4    Y1   Y2   Y3   Y4
 1 21:16:15 20 3391    16   17   18   20    52   52   54   70  ---- ---- ---- ----
 2 21:16:37 20 3387    12   15   12   13    48   50   50   62  ---- ---- ---- ----
 3 21:16:57 20 3390    14   16   12   14    51   53   52   64  ---- ---- ---- ----
 4 21:17:17 20 3389    17   19   17   19    52   56   51   68  ---- ---- ---- ----
 5 21:17:38 20 3390    18   19   20   21    51   51   56   66  ---- ---- ---- 0.68
 6 21:17:58 20 3390    18   17   19   21    52   49   55   63  ---- ---- ---- 0.67
 7 21:18:18 20 3389    22   19   23   25    51   55   55   70  0.57 ---- 0.58 0.64
 8 21:18:39 20 3390    21   19   25   27    49   50   56   66  0.57 ---- 0.55 0.59
 9 21:18:59 20 3383    22   19   27   29    51   49   62   69  0.57 ---- 0.56 0.58
10 21:19:19 20 3390    22   19   28   30    52   46   56   73  0.58 ---- 0.50 0.59
;            Ch1    Ch2    Ch3    Ch4      blue   green  brown
;  alpha:   0.629 -0.000  0.594  0.718     0.766 -0.000 606416.5
; ETRmax:   956.7    0.0  936.7 1017.5    1046.4    0.0 4558.0
;     Ik:  1520.9    0.0 1576.5 1416.2    1365.4    0.0    0.0
;References: BL_US PMDA0174.REF2 GR_US PMDA0174.REF2 BR_US PMDA0174.REF2

;LTM_12212017_140m

21DEC2017  21:21:03  Gain: 20  Zoff: 176 201 132 128
No   Time    G  PAR    F1   F2   F3   F4   Fm1  Fm2  Fm3  Fm4    Y1   Y2   Y3   Y4
 1 21:21:15 20 3391    71   98   43   50   135  180   98  120  0.47 0.46 0.56 0.58

21DEC2017  21:21:18  Gain: 20  Zoff: 176 201 132 128
No   Time    G  PAR    F1   F2   F3   F4   Fm1  Fm2  Fm3  Fm4    Y1   Y2   Y3   Y4
 1 21:21:19 20 3394    75  100   47   54   135  177  101  124  0.44 0.44 0.53 0.56
 2 21:21:40 20 3387    70   96   44   50   131  177   98  117  0.47 0.46 0.55 0.57
 3 21:22:00 20 3391    69   97   42   49   130  182   98  123  0.47 0.47 0.57 0.60
 4 21:22:20 20 3383    73  100   46   53   129  183   94  120  0.43 0.45 0.51 0.56
 5 21:22:41 20 3388    75  103   49   56   126  183   95  120  0.40 0.44 0.48 0.53
 6 21:23:01 20 3389    77  105   50   58   125  181   98  116  0.38 0.42 0.49 0.50
 7 21:23:21 20 3390    77  106   51   59   122  175   96  115  0.37 0.39 0.47 0.49
 8 21:23:42 20 3382    78  107   53   61   120  172   94  114  0.35 0.38 0.44 0.46
 9 21:24:02 20 3394    77  106   53   61   120  170   93  114  0.36 0.38 0.43 0.46
10 21:24:22 20 3389    80  109   57   66   123  173   97  120  0.35 0.37 0.41 0.45
;            Ch1    Ch2    Ch3    Ch4      blue   green  brown
;  alpha:   0.390  0.410 56143.06  0.550    633644.4 -0.000  0.419
; ETRmax:   787.2  802.3 3602.7  900.8    3968.7    0.0  810.6
;     Ik:  2017.6 1955.5    0.1 1638.7       0.0    0.0 1935.5
;References: BL_US PMDA0174.REF2 GR_US PMDA0174.REF2 BR_US PMDA0174.REF2