;LTK_0M03212019

Gain: 20  Zoff: 221 231 121 117

21MAR2019  16:35:16  Gain: 20  Zoff: 221 231 121 117
No   Time    G  PAR    F1   F2   F3   F4   Fm1  Fm2  Fm3  Fm4    Y1   Y2   Y3   Y4
 1 16:44:56 20 3428    75   83   57   70   194  193  136  175  0.61 0.57 0.58 0.60

21MAR2019  16:46:18  Gain: 20  Zoff: 221 231 121 117
No   Time    G  PAR    F1   F2   F3   F4   Fm1  Fm2  Fm3  Fm4    Y1   Y2   Y3   Y4
 1 16:46:18 20 3423    36   56   44   51   127  138  109  135  0.72 0.59 0.60 0.62
 2 16:46:40 20 3422    32   51   43   49   126  127  108  135  0.75 0.60 0.60 0.64
 3 16:47:00 20 3427    38   55   47   54   125  133  113  139  0.70 0.59 0.58 0.61
 4 16:47:20 20 3431    39   57   48   56   119  138  110  135  0.67 0.59 0.56 0.59
 5 16:47:40 20 3428    40   58   50   58   114  139  107  133  0.65 0.58 0.53 0.56
 6 16:48:01 20 3428    43   59   53   61   111  134  106  131  0.61 0.56 0.50 0.53
 7 16:48:21 20 3427    47   60   56   64   113  134  110  134  0.58 0.55 0.49 0.52
 8 16:48:41 20 3423    49   61   58   67   109  130  109  131  0.55 0.53 0.47 0.49
 9 16:49:01 20 3428    49   61   60   68   103  124  108  132  0.52 0.51 0.44 0.48
10 16:49:22 20 3428    51   62   61   71   109  128  109  133  0.53 0.52 0.44 0.47
;            Ch1    Ch2    Ch3    Ch4      blue   green  brown
;  alpha:   0.733  0.619 307578.6  0.603    499467.5 -0.000  0.737
; ETRmax:  1024.6  951.0 4227.4  940.2    3065.4    0.0 1027.7
;     Ik:  1398.3 1535.6    0.0 1558.0       0.0    0.0 1394.4
;References: BL_US PMDA0174.REF2 GR_US PMDA0174.REF2 BR_US PMDA0174.REF2

;LTK_10M03212019


21MAR2019  16:54:05  Gain: 20  Zoff: 221 231 121 117
No   Time    G  PAR    F1   F2   F3   F4   Fm1  Fm2  Fm3  Fm4    Y1   Y2   Y3   Y4
 1 16:54:05 20 3428    48   34   53   63   123   93  110  139  0.61 0.63 0.52 0.55

21MAR2019  16:54:36  Gain: 20  Zoff: 221 231 121 117
No   Time    G  PAR    F1   F2   F3   F4   Fm1  Fm2  Fm3  Fm4    Y1   Y2   Y3   Y4
 1 16:54:36 20 3434    62   43   60   71   154  113  125  152  0.60 0.62 0.52 0.53
 2 16:54:57 20 3428    56   36   56   65   173  113  132  168  0.68 0.68 0.58 0.61
 3 16:55:18 20 3426    61   41   60   71   170  116  132  166  0.64 0.65 0.55 0.57
 4 16:55:38 20 3430    66   45   64   76   166  118  133  168  0.60 0.62 0.52 0.55
 5 16:55:58 20 3428    58   41   59   70   141  108  115  146  0.59 0.62 0.49 0.52
 6 16:56:19 20 3423    58   40   62   73   138  106  124  150  0.58 0.62 0.50 0.51
 7 16:56:39 20 3426    60   38   68   79   135   99  129  157  0.56 0.62 0.47 0.50
 8 16:56:59 20 3430    60   38   69   81   127   95  120  148  0.53 0.60 0.42 0.45
 9 16:57:19 20 3427    55   35   66   77   125   93  119  145  0.56 0.62 0.45 0.47
10 16:57:40 20 3415    64   39   73   86   135   97  126  153  0.53 0.60 0.42 0.44
;            Ch1    Ch2    Ch3    Ch4      blue   green  brown
;  alpha:   0.660  0.726 369546.3 5065166.    70605.43  0.607  1.123
; ETRmax:   976.1 1021.8 3385.2 3701.5    3691.3 1405.4 1233.0
;     Ik:  1479.5 1406.6    0.0    0.0       0.1 2316.4 1098.4
;References: BL_US PMDA0174.REF2 GR_US PMDA0174.REF2 BR_US PMDA0174.REF2

;LTK_20M03212019

21MAR2019  17:01:29  Gain: 20  Zoff: 221 231 121 117
No   Time    G  PAR    F1   F2   F3   F4   Fm1  Fm2  Fm3  Fm4    Y1   Y2   Y3   Y4
 1 17:01:29 20 3428    55   44   56   64   162  128  133  163  0.66 0.66 0.58 0.61
 2 17:01:50 20 3425    48   38   54   62   163  121  129  161  0.71 0.69 0.58 0.61
 3 17:02:11 20 3421    55   44   58   66   164  128  135  167  0.66 0.66 0.57 0.60
 4 17:02:31 20 3422    56   45   60   68   157  126  132  163  0.64 0.64 0.55 0.58
 5 17:02:51 20 3425    61   47   63   73   153  125  128  160  0.60 0.62 0.51 0.54
 6 17:03:11 20 3422    62   47   65   76   145  121  127  157  0.57 0.61 0.49 0.52
 7 17:03:32 20 3425    64   47   66   77   148  122  129  159  0.57 0.61 0.49 0.52
 8 17:03:52 20 3423    70   49   72   84   149  117  132  159  0.53 0.58 0.45 0.47
 9 17:04:12 20 3423    69   49   71   83   139  115  126  149  0.50 0.57 0.44 0.44
10 17:04:33 20 3423    67   48   71   82   134  107  123  152  0.50 0.55 0.42 0.46
;            Ch1    Ch2    Ch3    Ch4      blue   green  brown
;  alpha:   0.675  0.717  0.508  0.547     0.415  0.494 266989.4
; ETRmax:   986.9 1016.6 1247.8 1304.8     805.0 1231.2 4039.7
;     Ik:  1462.3 1417.6 2457.8 2384.7    1938.0 2491.5    0.0
;References: BL_US PMDA0174.REF2 GR_US PMDA0174.REF2 BR_US PMDA0174.REF2

;LTK_30M03212019

21MAR2019  17:08:32  Gain: 20  Zoff: 221 231 121 117
No   Time    G  PAR    F1   F2   F3   F4   Fm1  Fm2  Fm3  Fm4    Y1   Y2   Y3   Y4
 1 17:08:33 20 3425   154  137   88  107   238  227  156  193  0.35 0.40 0.44 0.45

21MAR2019  17:09:06  Gain: 20  Zoff: 221 231 121 117
No   Time    G  PAR    F1   F2   F3   F4   Fm1  Fm2  Fm3  Fm4    Y1   Y2   Y3   Y4
 1 17:09:07 20 3423    83   92   66   77   221  219  155  187  0.62 0.58 0.57 0.59
 2 17:09:28 20 3421    76   85   62   72   238  215  157  195  0.68 0.60 0.61 0.63
 3 17:09:49 20 3428    88   94   68   80   248  229  165  201  0.65 0.59 0.59 0.60
 4 17:10:09 20 3428    98  101   75   88   238  228  159  198  0.59 0.56 0.53 0.56
 5 17:10:29 20 3427    98  101   76   89   217  215  153  190  0.55 0.53 0.50 0.53
 6 17:10:49 20 3425   101  103   78   92   222  220  159  193  0.55 0.53 0.51 0.52
 7 17:11:10 20 3422   107  106   83   97   224  222  157  195  0.52 0.52 0.47 0.50
 8 17:11:30 20 3423   112  109   87  103   215  217  156  192  0.48 0.50 0.44 0.46
 9 17:11:50 20 3426   114  110   87  104   206  211  148  185  0.45 0.48 0.41 0.44
10 17:12:10 20 3425   109  109   87  102   195  199  145  177  0.44 0.45 0.40 0.42
;            Ch1    Ch2    Ch3    Ch4      blue   green  brown
;  alpha:   0.568  0.542  0.503  0.531     0.412 -0.000  0.590
; ETRmax:  1338.0 1292.0 1234.2 1292.4     802.9    0.0 1384.8
;     Ik:  2355.1 2382.1 2454.0 2432.6    1948.8    0.0 2346.0
;References: BL_US PMDA0174.REF2 GR_US PMDA0174.REF2 BR_US PMDA0174.REF2

;LTK_40M03212019

21MAR2019  17:14:55  Gain: 20  Zoff: 221 231 121 117
No   Time    G  PAR    F1   F2   F3   F4   Fm1  Fm2  Fm3  Fm4    Y1   Y2   Y3   Y4
 1 17:14:55 20 3421    74   89   67   79   181  201  145  173  0.59 0.56 0.54 0.54

21MAR2019  17:15:28  Gain: 20  Zoff: 221 231 121 117
No   Time    G  PAR    F1   F2   F3   F4   Fm1  Fm2  Fm3  Fm4    Y1   Y2   Y3   Y4
 1 17:15:29 20 3429    80   94   68   80   201  212  154  183  0.60 0.56 0.56 0.56
 2 17:15:50 20 3422    57   78   58   68   182  194  144  174  0.69 0.60 0.60 0.61
 3 17:16:10 20 3427    71   87   65   75   192  209  149  182  0.63 0.58 0.56 0.59
 4 17:16:31 20 3429    74   91   68   80   183  209  145  181  0.60 0.56 0.53 0.56
 5 17:16:51 20 3424    73   90   69   81   173  201  142  171  0.58 0.55 0.51 0.53
 6 17:17:11 20 3426    76   92   73   85   171  205  145  174  0.56 0.55 0.50 0.51
 7 17:17:32 20 3426    81   95   77   89   167  196  142  171  0.51 0.52 0.46 0.48
 8 17:17:52 20 3429    82   95   78   91   163  191  140  171  0.50 0.50 0.44 0.47
 9 17:18:12 20 3433    88   98   83   96   170  196  146  177  0.48 0.50 0.43 0.46
10 17:18:32 20 3424    90  100   85   99   161  188  140  173  0.44 0.47 0.39 0.43
;            Ch1    Ch2    Ch3    Ch4      blue   green  brown
;  alpha:  92817.15 79499.47 62286.46 42806555    56840.48 -0.000  0.648
; ETRmax:  3423.9 4541.4 3098.4 3426.5    3122.2    0.0  971.0
;     Ik:     0.0    0.1    0.0    0.0       0.1    0.0 1497.4
;References: BL_US PMDA0174.REF2 GR_US PMDA0174.REF2 BR_US PMDA0174.REF2

;LTK_50M03212019

21MAR2019  17:21:15  Gain: 20  Zoff: 221 231 121 117
No   Time    G  PAR    F1   F2   F3   F4   Fm1  Fm2  Fm3  Fm4    Y1   Y2   Y3   Y4
 1 17:21:15 20 3416   155  239  105  124   273  417  191  231  0.43 0.43 0.45 0.46

21MAR2019  17:21:43  Gain: 20  Zoff: 221 231 121 117
No   Time    G  PAR    F1   F2   F3   F4   Fm1  Fm2  Fm3  Fm4    Y1   Y2   Y3   Y4
 1 17:21:44 20 3426   142  231  101  118   291  431  206  245  0.51 0.46 0.51 0.52
 2 17:22:05 20 3427   136  223   98  114   299  431  206  249  0.55 0.48 0.52 0.54
 3 17:22:25 20 3431   137  226   98  115   289  427  204  247  0.53 0.47 0.52 0.53
 4 17:22:46 20 3423   146  234  104  122   284  421  201  241  0.49 0.44 0.48 0.49
 5 17:23:06 20 3426   150  240  109  127   275  428  198  237  0.45 0.44 0.45 0.46
 6 17:23:26 20 3416   154  243  111  129   271  416  194  229  0.43 0.42 0.43 0.44
 7 17:23:47 20 3417   158  249  115  134   264  411  196  229  0.40 0.39 0.41 0.41
 8 17:24:07 20 3419   160  252  117  136   263  405  189  227  0.39 0.38 0.38 0.40
 9 17:24:27 20 3423   165  257  121  141   258  405  193  229  0.36 0.37 0.37 0.38
10 17:24:47 20 3424   170  262  124  145   263  406  195  228  0.35 0.35 0.36 0.36
;            Ch1    Ch2    Ch3    Ch4      blue   green  brown
;  alpha:   0.433  0.404  0.447  0.444     0.351 -0.000  0.444
; ETRmax:  1125.5 1069.1  829.7 1143.8     967.3    0.0 1147.9
;     Ik:  2600.7 2646.0 1857.6 2578.6    2753.0    0.0 2584.0
;References: BL_US PMDA0174.REF2 GR_US PMDA0174.REF2 BR_US PMDA0174.REF2

;LTK_60M03212019


21MAR2019  17:26:48  Gain: 20  Zoff: 221 231 121 117
No   Time    G  PAR    F1   F2   F3   F4   Fm1  Fm2  Fm3  Fm4    Y1   Y2   Y3   Y4
 1 17:26:49 20 3410   243  256  132  162   443  448  252  315  0.45 0.43 0.48 0.49

21MAR2019  17:27:22  Gain: 20  Zoff: 221 231 121 117
No   Time    G  PAR    F1   F2   F3   F4   Fm1  Fm2  Fm3  Fm4    Y1   Y2   Y3   Y4
 1 17:27:22 20 3423   270  277  140  172   602  565  305  393  0.55 0.51 0.54 0.56
 2 17:27:43 20 3419   232  249  122  149   473  478  265  331  0.51 0.48 0.54 0.55
 3 17:28:04 20 3423   242  258  128  157   501  496  260  335  0.52 0.48 0.51 0.53
 4 17:28:24 20 3418   312  305  154  191   547  522  282  361  0.43 0.42 0.45 0.47
 5 17:28:44 20 3421   342  326  169  210   508  492  268  337  0.33 0.34 0.37 0.38
 6 17:29:05 20 3429   335  325  168  209   508  496  263  338  0.34 0.34 0.36 0.38
 7 17:29:25 20 3419   323  316  166  206   449  450  247  306  0.28 0.30 0.33 0.33
 8 17:29:45 20 3421   310  309  167  206   427  442  244  305  0.27 0.30 0.32 0.32
 9 17:30:05 20 3422   310  309  170  208   421  431  241  299  0.26 0.28 0.29 0.30
10 17:30:26 20 3424   315  313  173  212   410  422  235  295  0.23 0.26 0.26 0.28
;            Ch1    Ch2    Ch3    Ch4      blue   green  brown
;  alpha:   0.356  0.353  0.386  0.403     0.335 -0.000  0.378
; ETRmax:   759.0  762.1  787.0  799.0     748.9    0.0  777.3
;     Ik:  2133.1 2157.0 2039.5 1982.8    2237.6    0.0 2058.5
;References: BL_US PMDA0174.REF2 GR_US PMDA0174.REF2 BR_US PMDA0174.REF2

;LTK_70M03212019


21MAR2019  17:31:59  Gain: 20  Zoff: 221 231 121 117
No   Time    G  PAR    F1   F2   F3   F4   Fm1  Fm2  Fm3  Fm4    Y1   Y2   Y3   Y4
 1 17:32:00 20 3428   329  343  175  211   667  668  363  452  0.51 0.49 0.52 0.53

21MAR2019  17:32:31  Gain: 20  Zoff: 221 231 121 117
No   Time    G  PAR    F1   F2   F3   F4   Fm1  Fm2  Fm3  Fm4    Y1   Y2   Y3   Y4
 1 17:32:32 20 3422   317  336  168  203   645  658  349  439  0.51 0.49 0.52 0.54
 2 17:32:53 20 3427   296  320  159  190   682  682  369  460  0.57 0.53 0.57 0.59
 3 17:33:13 20 3421   322  339  171  206   656  657  354  444  0.51 0.48 0.52 0.54
 4 17:33:34 20 3418   334  351  180  217   627  640  345  423  0.47 0.45 0.48 0.49
 5 17:33:54 20 3423   355  368  191  231   625  641  337  429  0.43 0.43 0.43 0.46
 6 17:34:14 20 3422   385  389  205  251   610  627  333  418  0.37 0.38 0.38 0.40
 7 17:34:34 20 3416   380  386  206  250   580  606  324  401  0.34 0.36 0.36 0.38
 8 17:34:55 20 3415   396  400  214  262   595  612  329  406  0.33 0.35 0.35 0.35
 9 17:35:15 20 3426   423  421  227  278   599  615  331  408  0.29 0.32 0.31 0.32
10 17:35:35 20 3421   424  427  230  281   573  605  325  399  0.26 0.29 0.29 0.30
;            Ch1    Ch2    Ch3    Ch4      blue   green  brown
;  alpha:   0.400  0.400  0.417  0.435     0.332 -0.000  0.428
; ETRmax:   796.7  793.2  806.9  817.7     748.0    0.0  810.1
;     Ik:  1993.0 1985.1 1932.8 1878.8    2252.4    0.0 1893.2
;References: BL_US PMDA0174.REF2 GR_US PMDA0174.REF2 BR_US PMDA0174.REF2

;LTK_80M03212019

21MAR2019  17:37:41  Gain: 20  Zoff: 221 231 121 117
No   Time    G  PAR    F1   F2   F3   F4   Fm1  Fm2  Fm3  Fm4    Y1   Y2   Y3   Y4
 1 17:37:42 20 3413    19   17   30   37    59   48   68   82  ---- ---- 0.56 0.55

21MAR2019  17:38:27  Gain: 20  Zoff: 221 231 121 117
No   Time    G  PAR    F1   F2   F3   F4   Fm1  Fm2  Fm3  Fm4    Y1   Y2   Y3   Y4
 1 17:38:27 20 3421    18   18   28   35    59   49   63   82  ---- ---- 0.56 0.57
 2 17:38:49 20 3421    13   15   27   32    63   49   69   82  ---- ---- 0.61 0.61
 3 17:39:09 20 3421    20   18   30   37    63   53   67   90  ---- ---- 0.55 0.59
 4 17:39:29 20 3425    25   21   33   41    61   52   72   87  0.59 0.60 0.54 0.53
 5 17:39:50 20 3418    26   21   35   44    63   53   69   83  0.59 0.60 0.49 0.47
 6 17:40:10 20 3420    27   20   36   45    57   45   65   81  0.53 ---- 0.45 0.44
 7 17:40:30 20 3422    28   20   38   47    64   43   71   86  0.56 ---- 0.46 0.45
 8 17:40:50 20 3422    31   22   40   49    64   47   73   89  0.52 0.53 0.45 0.45
 9 17:41:11 20 3419    33   22   42   51    66   45   75   89  0.50 0.51 0.44 0.43
10 17:41:31 20 3418    30   19   42   50    59   37   71   87  0.49 ---- 0.41 0.43
;            Ch1    Ch2    Ch3    Ch4      blue   green  brown
;  alpha:  253723.8 214096.1  0.518  0.519     0.410  0.556  0.796
; ETRmax:  4506.6 4089.2  887.8  886.4     801.4  909.0 1634.2
;     Ik:     0.0    0.0 1715.0 1707.1    1955.7 1634.0 2052.4
;References: BL_US PMDA0174.REF2 GR_US PMDA0174.REF2 BR_US PMDA0174.REF2

;LTK_90M03212019

21MAR2019  17:43:45  Gain: 20  Zoff: 221 231 121 117
No   Time    G  PAR    F1   F2   F3   F4   Fm1  Fm2  Fm3  Fm4    Y1   Y2   Y3   Y4
 1 17:43:46 20 3414    14   12   31   38    51   41   67   81  ---- ---- 0.54 0.53

21MAR2019  17:44:51  Gain: 20  Zoff: 221 231 121 117
No   Time    G  PAR    F1   F2   F3   F4   Fm1  Fm2  Fm3  Fm4    Y1   Y2   Y3   Y4
 1 17:44:51 20 3425    11   13   28   36    50   42   63   80  ---- ---- 0.56 0.55
 2 17:45:13 20 3422    11   12   28   35    59   49   69   88  ---- ---- 0.59 0.60
 3 17:45:33 20 3421    12   12   29   36    49   40   60   79  ---- ---- 0.52 0.54
 4 17:45:53 20 3421    11   11   30   37    48   41   65   80  ---- ---- 0.54 0.54
 5 17:46:13 20 3418    18   16   34   42    53   43   69   81  ---- ---- 0.51 0.48
 6 17:46:34 20 3419    19   15   35   43    47   37   63   82  ---- ---- 0.44 0.48
 7 17:46:54 20 3419    18   14   35   44    49   39   65   78  ---- ---- 0.46 0.44
 8 17:47:14 20 3416    24   15   40   49    52   39   71   83  0.54 ---- 0.44 0.41
 9 17:47:35 20 3422    25   16   41   50    51   38   70   85  0.51 ---- 0.41 0.41
10 17:47:55 20 3421    23   13   40   49    50   34   68   81  0.54 ---- 0.41 0.40
;            Ch1    Ch2    Ch3    Ch4      blue   green  brown
;  alpha:   0.568 -0.000  0.507  0.502     0.376  0.690  1.085
; ETRmax:   916.3    0.0  873.7  868.9     777.8 1001.9 1215.0
;     Ik:  1612.4    0.0 1723.1 1730.9    2066.3 1451.1 1119.8
;References: BL_US PMDA0174.REF2 GR_US PMDA0174.REF2 BR_US PMDA0174.REF2

;LTK_100M03212019

21MAR2019  17:50:31  Gain: 20  Zoff: 221 231 121 117
No   Time    G  PAR    F1   F2   F3   F4   Fm1  Fm2  Fm3  Fm4    Y1   Y2   Y3   Y4
 1 17:50:31 20 3418    55   50   43   55   126  107   95  127  0.56 0.53 0.55 0.57

21MAR2019  17:51:29  Gain: 20  Zoff: 221 231 121 117
No   Time    G  PAR    F1   F2   F3   F4   Fm1  Fm2  Fm3  Fm4    Y1   Y2   Y3   Y4
 1 17:51:30 20 3427    24   26   33   42   101   94   85  111  0.76 0.72 0.61 0.62
 2 17:51:51 20 3422    53   49   44   56    78   68   73   93  0.32 0.28 0.40 0.40
 3 17:52:12 20 3419    20   19   32   41    59   51   67   85  ---- ---- 0.52 0.52
 4 17:52:32 20 3429    38   33   37   47   109   96   78  104  0.65 0.66 0.53 0.55
 5 17:52:52 20 3422    76   65   57   71   123   99   93  121  0.38 0.34 0.39 0.41
 6 17:53:12 20 3424    76   67   61   79   111   98   96  121  0.32 0.32 0.36 0.35
 7 17:53:33 20 3428    79   68   63   81   115  100   97  127  0.31 0.32 0.35 0.36
 8 17:53:53 20 3420    87   76   68   89   121  106  103  132  0.28 0.28 0.34 0.33
 9 17:54:13 20 3420    96   79   71   89   123   92   96  117  0.22 0.14 0.26 0.24
10 17:54:33 20 3420    46   32   48   59    61   43   70   90  0.25 0.26 0.31 0.34
;            Ch1    Ch2    Ch3    Ch4      blue   green  brown
;  alpha:   0.374  0.351  0.398  0.404     0.364 2289233.  0.484
; ETRmax:   778.5  760.8  795.5  798.4     769.9 3731.5  862.0
;     Ik:  2081.9 2167.6 1997.4 1976.7    2117.3    0.0 1782.2
;References: BL_US PMDA0174.REF2 GR_US PMDA0174.REF2 BR_US PMDA0174.REF2

;LTK_110M03212019
21MAR2019  17:57:02  Gain: 20  Zoff: 221 231 121 117
No   Time    G  PAR    F1   F2   F3   F4   Fm1  Fm2  Fm3  Fm4    Y1   Y2   Y3   Y4
 1 17:57:02 20 3423    11   12   27   34    43   41   62   73  ---- ---- 0.56 0.53

21MAR2019  17:57:34  Gain: 20  Zoff: 221 231 121 117
No   Time    G  PAR    F1   F2   F3   F4   Fm1  Fm2  Fm3  Fm4    Y1   Y2   Y3   Y4
 1 17:57:34 20 3424     8   10   27   34    56   45   69   88  ---- ---- 0.61 0.61
 2 17:57:56 20 3421    12   10   28   35    61   47   67   83  ---- ---- 0.58 0.58
 3 17:58:16 20 3422     6    9   25   31    55   46   63   83  ---- ---- 0.60 0.63
 4 17:58:36 20 3430     9   10   28   34    59   46   72   85  ---- ---- 0.61 0.60
 5 17:58:57 20 3428    12   10   29   36    56   45   65   83  ---- ---- 0.55 0.57
 6 17:59:17 20 3415    11    9   30   37    53   41   65   85  ---- ---- 0.54 0.56
 7 17:59:37 20 3423    10    7   33   41    49   38   67   84  ---- ---- 0.51 0.51
 8 17:59:57 20 3421     5    3   29   35    33   27   55   70  ---- ---- 0.47 0.50
 9 18:00:18 20 3419     0    0   27   32    34   28   59   72  ---- ---- 0.54 0.56
10 18:00:38 20 3421     3    1   29   35    37   26   57   76  ---- ---- 0.49 0.54
;            Ch1    Ch2    Ch3    Ch4      blue   green  brown
;  alpha:  -0.000 -0.000  0.602  0.626     0.509  1.233  1.061
; ETRmax:     0.0    0.0  940.4  954.4     874.2 1274.0 1923.1
;     Ik:     0.0    0.0 1562.0 1524.7    1718.7 1033.6 1812.5
;References: BL_US PMDA0174.REF2 GR_US PMDA0174.REF2 BR_US PMDA0174.REF2

;LTK_120M03212019

21MAR2019  18:03:15  Gain: 20  Zoff: 221 231 121 117
No   Time    G  PAR    F1   F2   F3   F4   Fm1  Fm2  Fm3  Fm4    Y1   Y2   Y3   Y4
 1 18:03:15 20 3417     4   15   17   21    35   39   48   63  ---- ---- ---- 0.67

21MAR2019  18:03:47  Gain: 20  Zoff: 221 231 121 117
No   Time    G  PAR    F1   F2   F3   F4   Fm1  Fm2  Fm3  Fm4    Y1   Y2   Y3   Y4
 1 18:03:48 20 3423     3   15   17   20    37   37   46   62  ---- ---- ---- ----
 2 18:04:09 20 3421     3   14   17   21    33   38   50   63  ---- ---- ---- 0.67
 3 18:04:29 20 3423     4   14   18   22    33   42   50   64  ---- ---- ---- 0.66
 4 18:04:50 20 3424     4   13   19   23    34   41   48   60  ---- ---- ---- 0.62
 5 18:05:10 20 3425     5   13   20   24    39   38   51   61  ---- ---- ---- 0.61
 6 18:05:30 20 3422     6   13   22   26    40   38   53   64  ---- ---- 0.58 0.59
 7 18:05:50 20 3423     8   12   24   28    35   35   52   69  ---- ---- 0.54 0.59
 8 18:06:11 20 3427     8   12   25   30    34   34   53   66  ---- ---- 0.53 0.55
 9 18:06:31 20 3423     7   10   25   30    36   32   51   64  ---- ---- 0.51 0.53
10 18:06:51 20 3428     9   10   27   31    35   32   55   65  ---- ---- 0.51 0.52
;            Ch1    Ch2    Ch3    Ch4      blue   green  brown
;  alpha:  -0.000 -0.000  0.575  0.670     0.543 -0.000  1.133
; ETRmax:     0.0    0.0  923.3  983.9    1298.3    0.0 1238.0
;     Ik:     0.0    0.0 1605.9 1467.7    2393.1    0.0 1092.2
;References: BL_US PMDA0174.REF2 GR_US PMDA0174.REF2 BR_US PMDA0174.REF2

;LTK_130M03212019

21MAR2019  18:09:58  Gain: 20  Zoff: 221 231 121 117
No   Time    G  PAR    F1   F2   F3   F4   Fm1  Fm2  Fm3  Fm4    Y1   Y2   Y3   Y4
 1 18:09:58 20 3415   -14   -3   13   17    13   19   45   57  ---- ---- ---- ----

21MAR2019  18:10:33  Gain: 20  Zoff: 221 231 121 117
No   Time    G  PAR    F1   F2   F3   F4   Fm1  Fm2  Fm3  Fm4    Y1   Y2   Y3   Y4
 1 18:10:34 20 3426   -13   -3   13   16    17   20   41   54  ---- ---- ---- ----
 2 18:10:55 20 3431   -14   -4   13   16    18   24   43   54  ---- ---- ---- ----
 3 18:11:16 20 3427   -12   -3   14   17    19   20   45   59  ---- ---- ---- ----
 4 18:11:35 20 3421   -13   -4   14   18    19   19   43   57  ---- ---- ---- ----
 5 18:11:36 20 3422   -13   -4   14   18    21   13   52   67  ---- ---- ---- ----
 6 18:11:56 20 3420   -11   -5   17   21    17   19   44   57  ---- ---- ---- 0.63
 7 18:12:17 20 3392   -11   -5   17   21    19   17   45   58  ---- ---- ---- 0.64
 8 18:12:37 20 3415   -11   -6   18   22    19   21   45   60  ---- ---- ---- 0.63
 9 18:12:57 20 3417   -10   -7   19   23    15   15   46   60  ---- ---- ---- 0.62
10 18:13:17 20 3420   -10   -8   20   24    17   13   47   60  ---- ---- ---- 0.60
11 18:13:38 20 3422    -9   -9   21   25    16   12   50   63  ---- ---- 0.58 0.60
;            Ch1    Ch2    Ch3    Ch4      blue   green  brown
;  alpha:  -0.000 -0.000  0.648  0.716     0.794 -0.000 -0.000
; ETRmax:     0.0    0.0  970.9 1015.4    1626.8    0.0    0.0
;     Ik:     0.0    0.0 1497.6 1418.7    2048.7    0.0    0.0
;References: BL_US PMDA0174.REF2 GR_US PMDA0174.REF2 BR_US PMDA0174.REF2

;LTK_140M03212019


21MAR2019  18:17:00  Gain: 20  Zoff: 221 231 121 117
No   Time    G  PAR    F1   F2   F3   F4   Fm1  Fm2  Fm3  Fm4    Y1   Y2   Y3   Y4
 1 18:17:00 20 3390   -10   -1   11   15    51   51   56   73  ---- ---- ---- ----

21MAR2019  18:18:13  Gain: 20  Zoff: 221 231 121 117
No   Time    G  PAR    F1   F2   F3   F4   Fm1  Fm2  Fm3  Fm4    Y1   Y2   Y3   Y4
 1 18:18:13 20 3396   -17   -5    7    9    44   43   47   65  ---- ---- ---- ----
 2 18:18:35 20 3396   -11   -2   10   13    54   51   55   77  ---- ---- ---- ----
 3 18:18:55 20 3392    -8    0   12   16    53   52   54   73  ---- ---- ---- ----
 4 18:19:15 20 3391    -7    0   13   17    48   45   56   71  ---- ---- ---- ----
 5 18:19:36 20 3389    -7   -1   15   18    47   47   55   73  ---- ---- ---- ----
 6 18:19:56 20 3393    -5    1   16   21    43   45   53   70  ---- ---- ---- 0.70
 7 18:20:16 20 3393    -1    2   19   24    48   43   55   73  ---- ---- ---- 0.67
 8 18:20:36 20 3393     2    3   21   26    43   42   56   75  ---- ---- 0.63 0.65
 9 18:20:57 20 3391    -3   -3   20   24    34   31   53   66  ---- ---- ---- 0.64
10 18:21:17 20 3391   -11   -9   18   21    24   25   49   61  ---- ---- ---- 0.66
;            Ch1    Ch2    Ch3    Ch4      blue   green  brown
;  alpha:  -0.000 -0.000  0.719  0.786    1525380. -0.000 -0.000
; ETRmax:     0.0    0.0 1018.9 1062.1    3972.8    0.0    0.0
;     Ik:     0.0    0.0 1416.8 1350.8       0.0    0.0    0.0
;References: BL_US PMDA0174.REF2 GR_US PMDA0174.REF2 BR_US PMDA0174.REF2
