LTK 0m_20161220

20DEC2016  16:58:58  Gain: 20  Zoff: 132 165 290 127
No   Time    G  PAR    F1   F2   F3   F4   Fm1  Fm2  Fm3  Fm4    Y1   Y2   Y3   Y4
 1 16:58:59 20   64   178  186  102  114   306  308  180  217  0.42 0.40 0.43 0.47
 2 16:59:21 20   16   162  170   90  103   306  282  178  214  0.47 0.40 0.49 0.52
 3 16:59:41 20    1   171  185   98  110   319  323  192  231  0.46 0.43 0.49 0.52
 4 17:00:01 20  128   180  192  107  120   312  320  193  227  0.42 0.40 0.45 0.47
 5 17:00:21 20  192   176  191  105  118   287  312  180  206  0.39 0.39 0.42 0.43
 6 17:00:42 20  256   175  192  106  118   283  302  172  203  0.38 0.36 0.38 0.42
 7 17:01:02 20    1   173  192  106  117   265  297  168  200  0.35 0.35 0.37 0.41
 8 17:01:22 20  384   169  191  104  116   248  288  159  185  0.32 0.34 0.35 0.37
 9 17:01:42 20  448   168  191  105  116   246  288  161  187  0.32 0.34 0.35 0.38
10 17:02:03 20    1   163  190  103  115   236  275  153  180  0.31 0.31 0.33 0.36
11 17:02:23 20  576   164  191  105  117   233  281  153  182  0.30 0.32 0.31 0.36
12 17:02:43 20  640   167  193  109  120   238  281  153  182  0.30 0.31 0.29 0.34
13 17:03:04 20  704   168  194  111  123   230  272  153  179  0.27 0.29 0.27 0.31
14 17:03:24 20    1   164  193  111  123   216  263  151  176  0.24 0.27 0.26 0.30
;            Ch1    Ch2    Ch3    Ch4      blue   green  brown
;  alpha:   0.871  0.812  0.922  0.934     0.827 -0.000  0.856
; ETRmax:  1185.1  498.8  659.8  789.2     322.3    0.0  499.9
;     Ik:  1361.2  614.5  715.7  845.2     389.6    0.0  584.1
;References: BL_US PMDA0174.REF2 GR_US PMDA0174.REF2 BR_US PMDA0174.REF2

LTK 10m_20161220
20DEC2016  17:07:56  Gain: 20  Zoff: 132 165 290 127
No   Time    G  PAR    F1   F2   F3   F4   Fm1  Fm2  Fm3  Fm4    Y1   Y2   Y3   Y4
 1 17:07:56 20    1   168  153   91  103   175  185  329  327  ---- 0.17 0.72 0.69
 2 17:08:18 20    1   161  142   89  101   331  262  190  225  0.51 0.46 0.53 0.55
 3 17:08:38 20   64   161  147   90  102   309  286  180  222  0.48 0.49 0.50 0.54
 4 17:08:58 20  128   159  150   91  103   302  282  181  213  0.47 0.47 0.50 0.52
 5 17:09:19 20  192   171  156   98  111   300  285  177  212  0.43 0.45 0.45 0.48
 6 17:09:39 20  256   165  154   95  108   270  270  169  199  0.39 0.43 0.44 0.46
 7 17:09:59 20    1   163  154   96  109   267  265  165  198  0.39 0.42 0.42 0.45
 8 17:10:19 20    1   165  155  100  113   265  263  163  199  0.38 0.41 0.39 0.43
 9 17:10:40 20  448   169  157  104  119   266  261  169  198  0.36 0.40 0.38 0.40
10 17:11:00 20  512   168  157  105  119   253  253  161  199  0.34 0.38 0.35 0.40
11 17:11:20 20  576   165  155  104  117   244  241  155  181  0.32 0.36 0.33 0.35
12 17:11:41 20  640   167  156  106  119   242  241  158  186  0.31 0.35 0.33 0.36
13 17:12:01 20  704   169  157  108  120   242  233  158  181  0.30 0.33 0.32 0.34
14 17:12:21 20    1   165  156  107  120   226  225  155  179  0.27 0.31 0.31 0.33
;            Ch1    Ch2    Ch3    Ch4      blue   green  brown
;  alpha:   1.040  0.971  1.175  1.224     1.176 -0.000  1.080
; ETRmax:   528.0  475.1  521.6  600.4     443.9    0.0  594.6
;     Ik:   508.0  489.4  443.9  490.6     377.4    0.0  550.6
;References: BL_US PMDA0174.REF2 GR_US PMDA0174.REF2 BR_US PMDA0174.REF2

LTK 10m_20161220



20DEC2016  17:15:22  Gain: 20  Zoff: 132 165 290 127
No   Time    G  PAR    F1   F2   F3   F4   Fm1  Fm2  Fm3  Fm4    Y1   Y2   Y3   Y4
 1 17:15:22 20   64   165  144   91  105   290  264  176  203  0.43 0.45 0.48 0.48
 2 17:15:44 20    1   158  138   86   97   320  251  179  211  0.51 0.45 0.52 0.54
 3 17:16:04 20   64   163  147   89  102   306  275  177  211  0.47 0.47 0.50 0.52
 4 17:16:24 20  128   165  152   92  105   302  282  174  208  0.45 0.46 0.47 0.50
 5 17:16:45 20  192   165  153   93  106   280  275  169  204  0.41 0.44 0.45 0.48
 6 17:17:05 20  256   163  153   93  110   272  267  167  193  0.40 0.43 0.44 0.43
 7 17:17:25 20  320   161  152   94  107   261  263  158  192  0.38 0.42 0.41 0.44
 8 17:17:45 20  384   158  150   95  106   254  255  159  186  0.38 0.41 0.40 0.43
 9 17:18:06 20  448   158  152   96  108   241  247  150  184  0.34 0.38 0.36 0.41
10 17:18:26 20  512   160  153   99  111   242  244  156  184  0.34 0.37 0.37 0.40
11 17:18:46 20  576   161  154  101  113   240  240  153  182  0.33 0.36 0.34 0.38
12 17:19:07 20  640   163  155  104  116   234  247  158  185  0.30 0.37 0.34 0.37
13 17:19:27 20  704   171  161  110  124   242  247  159  186  0.29 0.35 0.31 0.33
14 17:19:47 20  832   170  160  112  125   226  233  151  178  0.25 0.31 0.26 0.30
;            Ch1    Ch2    Ch3    Ch4      blue   green  brown
;  alpha:   0.999  1.041  1.071  1.148     1.019 -0.000  1.089
; ETRmax:   482.2  813.8  512.4  940.5     466.0    0.0 1639.4
;     Ik:   482.7  782.1  478.2  819.4     457.3    0.0 1505.3
;References: BL_US PMDA0174.REF2 GR_US PMDA0174.REF2 BR_US PMDA0174.REF2

LTK 20m_20161220

20DEC2016  17:22:59  Gain: 20  Zoff: 132 165 290 127
No   Time    G  PAR    F1   F2   F3   F4   Fm1  Fm2  Fm3  Fm4    Y1   Y2   Y3   Y4
 1 17:22:59 20    1   183  175   90  104   313  319  180  214  0.42 0.45 0.50 0.51
 2 17:23:21 20   16   164  158   82   94   320  284  171  212  0.49 0.44 0.52 0.56
 3 17:23:41 20   64   172  170   85   98   309  318  174  209  0.44 0.47 0.51 0.53
 4 17:24:01 20  128   170  172   87   99   295  317  166  202  0.42 0.46 0.48 0.51
 5 17:24:21 20  192   171  173   88  101   286  312  166  194  0.40 0.45 0.47 0.48
 6 17:24:42 20  256   173  177   92  106   274  304  163  197  0.37 0.42 0.44 0.46
 7 17:25:02 20  320   169  176   92  105   262  293  154  189  0.35 0.40 0.40 0.44
 8 17:25:22 20  384   167  176   93  105   252  286  153  185  0.34 0.38 0.39 0.43
 9 17:25:43 20  448   170  178   96  109   251  288  153  185  0.32 0.38 0.37 0.41
10 17:26:03 20  512   170  179   97  110   241  277  154  176  0.29 0.35 0.37 0.38
11 17:26:23 20  576   168  180   98  112   238  279  156  180  0.29 0.35 0.37 0.38
12 17:26:43 20  640   172  183  102  116   242  277  156  180  0.29 0.34 0.35 0.36
13 17:27:04 20  704   175  185  105  119   242  272  158  185  0.28 0.32 0.34 0.36
14 17:27:24 20  832   178  189  108  123   230  274  153  177  0.23 0.31 0.29 0.31
;            Ch1    Ch2    Ch3    Ch4      blue   green  brown
;  alpha:   1.084  1.134  1.198  1.244     1.228 -0.000  1.138
; ETRmax:   775.5 1460.1  827.9  707.8     937.4    0.0  984.2
;     Ik:   715.1 1288.1  690.9  569.1     763.1    0.0  865.0
;References: BL_US PMDA0174.REF2 GR_US PMDA0174.REF2 BR_US PMDA0174.REF2

LTK 30m_20161220

20DEC2016  17:31:07  Gain: 20  Zoff: 132 165 290 127
No   Time    G  PAR    F1   F2   F3   F4   Fm1  Fm2  Fm3  Fm4    Y1   Y2   Y3   Y4
 1 17:31:08 20    1   428  547  215  253   824 1022  434  533  0.48 0.46 0.50 0.53
 2 17:31:29 20   16   382  502  194  226   896 1039  475  581  0.57 0.52 0.59 0.61
 3 17:31:50 20   64   423  539  216  253   848 1039  456  558  0.50 0.48 0.53 0.55
 4 17:32:10 20    1   428  546  219  258   816 1011  436  534  0.48 0.46 0.50 0.52
 5 17:32:30 20  192   437  562  219  283   795  993  420  516  0.45 0.43 0.48 0.45
 6 17:32:50 20    1   457  575  231  276   771  975  401  501  0.41 0.41 0.42 0.45
 7 17:33:11 20  320   469  590  240  286   754  969  401  495  0.38 0.39 0.40 0.42
 8 17:33:31 20  384   496  614  256  306   753  967  409  503  0.34 0.37 0.37 0.39
 9 17:33:51 20  448   513  630  267  319   741  957  406  500  0.31 0.34 0.34 0.36
10 17:34:12 20  512   516  638  268  321   733  942  394  485  0.30 0.32 0.32 0.34
11 17:34:32 20  576   517  645  269  322   713  931  388  475  0.27 0.31 0.31 0.32
12 17:34:52 20  640   520  653  272  325   706  926  380  476  0.26 0.29 0.28 0.32
13 17:35:12 20    1   527  662  276  331   688  921  382  458  0.23 0.28 0.28 0.28
14 17:35:33 20  832   539  678  286  342   680  905  371  466  0.21 0.25 0.23 0.27
;            Ch1    Ch2    Ch3    Ch4      blue   green  brown
;  alpha:   0.857  0.872  0.914  0.942     0.817 -0.000  0.922
; ETRmax:   224.9  284.1  264.5  271.4     232.1    0.0  279.6
;     Ik:   262.5  325.9  289.5  288.2     284.0    0.0  303.2
;References: BL_US PMDA0174.REF2 GR_US PMDA0174.REF2 BR_US PMDA0174.REF2

LTK 40m_20161220

20DEC2016  17:39:02  Gain: 20  Zoff: 132 165 290 127
No   Time    G  PAR    F1   F2   F3   F4   Fm1  Fm2  Fm3  Fm4    Y1   Y2   Y3   Y4
 1 17:39:02 20    1   180  212   98  116   361  393  210  253  0.50 0.46 0.53 0.54
 2 17:39:24 20    1   165  192   86  107   377  397  216  269  0.56 0.52 0.60 0.60
 3 17:39:44 20    1   158  205   97  167   366  398  210  265  0.57 0.48 0.54 0.37
 4 17:40:04 20  128   184  213  101  121   343  383  201  251  0.46 0.44 0.50 0.52
 5 17:40:24 20    1   195  223  108  130   340  378  199  249  0.43 0.41 0.46 0.48
 6 17:40:45 20  256   207  232  114  138   335  372  192  241  0.38 0.38 0.41 0.43
 7 17:41:05 20    1   215  237  119  143   327  360  190  231  0.34 0.34 0.37 0.38
 8 17:41:25 20   95   219  243  123  147   318  365  190  225  0.31 0.33 0.35 0.35
 9 17:41:46 20  448   219  245  124  148   312  352  183  223  0.30 0.30 0.32 0.34
10 17:42:06 20  512   219  245  124  148   301  347  181  222  0.27 0.29 0.31 0.33
11 17:42:26 20  576   222  250  126  151   377  260  223  175  0.41 0.04 0.43 0.14
12 17:42:46 20    1   226  254  130  155   298  344  184  219  0.24 0.26 0.29 0.29
13 17:43:07 20  704   231  259  134  159   297  347  180  225  0.22 0.25 0.26 0.29
14 17:43:27 20  832   236  262  138  163   298  338  181  216  0.21 0.22 0.24 0.25
;            Ch1    Ch2    Ch3    Ch4      blue   green  brown
;  alpha:   0.732  0.841  0.898  0.857     0.766 -0.000  0.893
; ETRmax:   260.7  264.0  414.9  258.6     293.0    0.0  384.8
;     Ik:   356.1  314.0  462.2  301.5     382.7    0.0  430.7
;References: BL_US PMDA0174.REF2 GR_US PMDA0174.REF2 BR_US PMDA0174.REF2

LTK 40m_20161220

20DEC2016  17:46:10  Gain: 20  Zoff: 132 165 290 127
No   Time    G  PAR    F1   F2   F3   F4   Fm1  Fm2  Fm3  Fm4    Y1   Y2   Y3   Y4
 1 17:46:10 20   64   189  216  101  118   364  389  207  257  0.48 0.44 0.51 0.54
 2 17:46:32 20   16   165  198   91  105   391  408  231  283  0.58 0.51 0.61 0.63
 3 17:46:52 20   64   186  216  101  119   372  401  212  262  0.50 0.46 0.52 0.55
 4 17:47:12 20  128   188  216  102  120   348  380  205  250  0.46 0.43 0.50 0.52
 5 17:47:33 20  192   203  226  111  131   354  383  202  252  0.43 0.41 0.45 0.48
 6 17:47:53 20  256   216  237  121  142   341  377  197  251  0.37 0.37 0.39 0.43
 7 17:48:13 20 1390   221  242  124  147   335  374  196  242  0.34 0.35 0.37 0.39
 8 17:48:33 20  384   230  250  129  153   342  369  199  243  0.33 0.32 0.35 0.37
 9 17:48:54 20  448   235  254  131  156   330  365  186  239  0.29 0.30 0.30 0.35
10 17:49:14 20  512   236  259  133  158   322  362  193  233  0.27 0.28 0.31 0.32
11 17:49:34 20  576   243  264  137  162   322  358  185  226  0.25 0.26 0.26 0.28
12 17:49:55 20  640   244  264  139  164   313  357  190  230  0.22 0.26 0.27 0.29
13 17:50:15 20  704   242  264  139  164   306  350  185  228  0.21 0.25 0.25 0.28
14 17:50:35 20    1   243  267  143  168   303  343  184  226  0.20 0.22 0.22 0.26
;            Ch1    Ch2    Ch3    Ch4      blue   green  brown
;  alpha:   1.070  0.973  1.147  1.174     1.003 -0.000  1.087
; ETRmax:   345.1  405.6  415.0  458.5     383.9    0.0  411.6
;     Ik:   322.5  417.0  361.9  390.7     382.9    0.0  378.5
;References: BL_US PMDA0174.REF2 GR_US PMDA0174.REF2 BR_US PMDA0174.REF2

LTK 50m_20161220

20DEC2016  17:54:17  Gain: 20  Zoff: 132 165 290 127
No   Time    G  PAR    F1   F2   F3   F4   Fm1  Fm2  Fm3  Fm4    Y1   Y2   Y3   Y4
 1 17:54:18 20   64    69   66   37   41   138  125   85  102  0.50 0.47 0.56 0.60
 2 17:54:39 20   16    65   63   35   38   144  127   89  115  0.55 0.50 0.61 0.67
 3 17:55:00 20    1    71   68   39   43   135  133   88  101  0.47 0.49 0.56 0.57
 4 17:55:20 20  128    72   67   40   45   133  119   84  102  0.46 0.44 0.52 0.56
 5 17:55:40 20  192    73   67   42   46   127  116   85  101  0.43 0.42 0.51 0.54
 6 17:56:00 20  256    78   71   45   50   130  118   83   98  0.40 0.40 0.46 0.49
 7 17:56:21 20  320    81   72   47   53   129  113   81  103  0.37 0.36 0.42 0.49
 8 17:56:41 20    1    84   74   50   56   128  113   87  102  0.34 0.35 0.43 0.45
 9 17:57:01 20  448    88   77   53   59   130  121   84  105  0.32 0.36 0.37 0.44
10 17:57:22 20  512    88   75   53   59   129  109   88   97  0.32 0.31 0.40 0.39
11 17:57:42 20  576    88   75   54   60   126  115   89  103  0.30 0.35 0.39 0.42
12 17:58:02 20  640    86   72   54   60   120  110   81   96  0.28 0.35 0.33 0.38
13 17:58:22 20  704    84   70   54   60   115  105   81   97  0.27 0.33 0.33 0.38
14 17:58:43 20  832    85   70   57   62   115  105   86   97  0.26 0.33 0.34 0.36
;            Ch1    Ch2    Ch3    Ch4      blue   green  brown
;  alpha:   1.179  1.073  1.329  1.391     1.416 -0.000  1.116
; ETRmax:   846.9 1527.6 1258.0 1501.0    1651.2    0.0 1468.4
;     Ik:   718.4 1423.5  946.6 1078.7    1166.2    0.0 1315.6
;References: BL_US PMDA0174.REF2 GR_US PMDA0174.REF2 BR_US PMDA0174.REF2

LTK 60m_20161220

20DEC2016  18:02:23  Gain: 20  Zoff: 132 165 290 127
No   Time    G  PAR    F1   F2   F3   F4   Fm1  Fm2  Fm3  Fm4    Y1   Y2   Y3   Y4
 1 18:02:24 20   64    86   75   52   59   161  133  105  123  0.47 0.44 0.50 0.52
 2 18:02:46 20   16    71   65   44   49   168  143  113  137  0.58 0.55 0.61 0.64
 3 18:03:06 20   64    83   73   50   56   164  138  109  131  0.49 0.47 0.54 0.57
 4 18:03:26 20  128    91   78   56   64   162  141  110  132  0.44 0.45 0.49 0.52
 5 18:03:46 20  192    94   79   59   67   147  130  105  125  0.36 0.39 0.44 0.46
 6 18:04:07 20  256    95   80   60   70   148  129   99  115  0.36 0.38 0.39 0.39
 7 18:04:27 20  320    93   79   59   69   146  128  101  118  0.36 0.38 0.42 0.42
 8 18:04:47 20  384    96   81   63   71   147  128   97  117  0.35 0.37 0.35 0.39
 9 18:05:08 20  448   100   83   65   75   145  123  104  116  0.31 0.33 0.38 0.35
10 18:05:28 20  512    99   82   66   75   138  121   97  121  0.28 0.32 0.32 0.38
11 18:05:48 20  576    97   81   65   74   132  121   99  113  0.27 0.33 0.34 0.35
12 18:06:08 20  640    95   78   65   73   135  117   97  113  0.30 0.33 0.33 0.35
13 18:06:29 20  704   163  158   46   70   133  119  100  114  ---- ---- 0.54 0.39
14 18:06:49 20  832   100   78   69   78   127  116   96  113  0.21 0.33 0.28 0.31
;            Ch1    Ch2    Ch3    Ch4      blue   green  brown
;  alpha:   1.175  1.060  1.161  1.283     1.270  0.616  1.089
; ETRmax:   755.1 1437.6 1587.9 1214.4    1321.2 1022.1 1716.9
;     Ik:   642.5 1356.5 1367.2  946.7    1040.1 1660.1 1577.2
;References: BL_US PMDA0174.REF2 GR_US PMDA0174.REF2 BR_US PMDA0174.REF2

LTK 70m_20161220

20DEC2016  18:10:24  Gain: 20  Zoff: 132 165 290 127
No   Time    G  PAR    F1   F2   F3   F4   Fm1  Fm2  Fm3  Fm4    Y1   Y2   Y3   Y4
 1 18:10:25 20   64    58   45   34   38   107   89   75   93  0.46 0.49 0.55 0.59
 2 18:10:46 20   16    50   40   29   32   116   96   77   95  0.57 0.58 0.62 0.66
 3 18:11:07 20   64    54   42   32   35   106   93   71   85  0.49 0.55 0.55 0.59
 4 18:11:27 20  128    57   43   35   38   102   83   78   89  0.44 0.48 0.55 0.57
 5 18:11:47 20  192    61   44   38   42   104   82   78   85  0.41 0.46 0.51 0.51
 6 18:12:07 20  256    63   44   40   43   104   81   73   90  0.39 0.46 0.45 0.52
 7 18:12:28 20  320    61   44   40   43   100   81   73   85  0.39 0.46 0.45 0.49
 8 18:12:48 20  384    62   43   40   44   101   80   70   82  0.39 0.46 0.43 0.46
 9 18:13:08 20  448    63   43   42   46   105   79   73   90  0.40 0.46 0.42 0.49
10 18:13:29 20  512    65   44   45   49   105   77   73   91  0.38 0.43 0.38 0.46
11 18:13:49 20    1    68   46   47   52    99   73   73   86  0.31 0.37 0.36 0.40
12 18:14:09 20  640    70   46   49   54   102   77   76   97  0.31 0.40 0.36 0.44
13 18:14:29 20  704    70   45   50   55   104   74   75   97  0.33 0.39 0.33 0.43
14 18:14:50 20  832    71   44   53   58    98   69   73   92  0.28 0.36 0.27 0.37
;            Ch1    Ch2    Ch3    Ch4      blue   green  brown
;  alpha:   0.916  1.072  0.954  1.189     1.249  1.089  1.129
; ETRmax:   456.0  731.9  325.0  725.0     644.8  893.8 1055113.
;     Ik:   498.0  682.5  340.8  609.9     516.2  820.6 934746.2
;References: BL_US PMDA0174.REF2 GR_US PMDA0174.REF2 BR_US PMDA0174.REF2

LTK 80m_20161220

20DEC2016  18:18:25  Gain: 20  Zoff: 132 165 290 127
No   Time    G  PAR    F1   F2   F3   F4   Fm1  Fm2  Fm3  Fm4    Y1   Y2   Y3   Y4
 1 18:18:26 20    1    31   19   19   20    74   51   52   67  0.58 ---- ---- ----
 2 18:18:47 20   16    27   17   17   17    74   60   59   58  0.64 ---- ---- ----
 3 18:19:08 20   64    29   18   18   19    67   49   52   73  0.57 ---- ---- ----
 4 18:19:28 20  128    30   18   20   20    66   45   49   59  0.55 ---- ---- ----
 5 18:19:48 20  192    31   18   21   22    66   50   49   65  0.53 ---- 0.57 0.66
 6 18:20:08 20  256    33   18   24   25    69   49   58   64  0.52 ---- 0.59 0.61
 7 18:20:29 20  320    35   18   25   27    67   42   57   65  0.48 ---- 0.56 0.58
 8 18:20:49 20  384    36   17   27   28    67   47   49   64  0.46 ---- 0.45 0.56
 9 18:21:09 20  448    36   17   28   29    66   48   59   62  0.45 ---- 0.53 0.53
10 18:21:29 20  512    37   16   29   31    65   42   57   65  0.43 ---- 0.49 0.52
11 18:21:50 20  576    37   16   30   32    63   41   57   70  0.41 ---- 0.47 0.54
12 18:22:10 20    1    38   15   31   33    66   40   55   65  0.42 ---- 0.44 0.49
13 18:22:30 20  704    39   15   33   35    69   41   58   72  0.43 ---- 0.43 0.51
14 18:22:51 20  832    41   14   35   38    66   40   56   69  0.38 ---- 0.38 0.45
;            Ch1    Ch2    Ch3    Ch4      blue   green  brown
;  alpha:   1.146 -0.000  1.052  1.245     1.416  1.625  0.639
; ETRmax:   621.1    0.0  412.5  596.4     572.3  925.8   89.0
;     Ik:   542.2    0.0  392.2  479.0     404.1  569.8  139.3
;References: BL_US PMDA0174.REF2 GR_US PMDA0174.REF2 BR_US PMDA0174.REF2

LTK 90m_20161220

20DEC2016  18:27:26  Gain: 20  Zoff: 132 165 290 127
No   Time    G  PAR    F1   F2   F3   F4   Fm1  Fm2  Fm3  Fm4    Y1   Y2   Y3   Y4
 1 18:27:26 20    1    23   17   12   12    62   49   41   49  0.63 ---- ---- ----
 2 18:27:48 20   16    22   16   11   11    62   49   43   51  0.65 ---- ---- ----
 3 18:28:08 20   64    23   17   12   11    59   48   42   55  0.61 ---- ---- ----
 4 18:28:28 20  128    23   17   13   13    58   49   40   52  0.60 ---- ---- ----
 5 18:28:49 20  192    24   16   14   15    60   49   43   49  0.60 ---- ---- ----
 6 18:29:09 20  256    25   16   16   16    57   46   46   55  0.56 ---- ---- ----
 7 18:29:29 20  320    26   16   17   18    54   43   40   52  0.52 ---- ---- ----
 8 18:29:49 20  384    26   15   19   19    56   40   48   55  0.54 ---- ---- ----
 9 18:30:10 20  448    27   15   20   20    58   43   48   57  0.53 ---- ---- ----
10 18:30:30 20  512    28   14   21   22    55   38   42   54  0.49 ---- 0.50 0.59
11 18:30:50 20  576    29   13   23   23    58   41   47   57  0.50 ---- 0.51 0.60
12 18:31:11 20  640    30   12   24   25    58   33   49   59  0.48 ---- 0.51 0.58
13 18:31:31 20  704    31   12   25   26    57   39   50   57  0.46 ---- 0.50 0.54
14 18:31:51 20  832    32   11   28   29    58   34   52   60  0.45 ---- 0.46 0.52
;            Ch1    Ch2    Ch3    Ch4      blue   green  brown
;  alpha:   1.437 -0.000  0.637  1.613     1.763  0.865  1.521
; ETRmax:  2515.8    0.0  290.5 1239.0     706.4 1423.7 132592.3
;     Ik:  1750.4    0.0  456.1  768.3     400.6 1645.5 87165.8
;References: BL_US PMDA0174.REF2 GR_US PMDA0174.REF2 BR_US PMDA0174.REF2

LTK 100m_20161220

20DEC2016  18:35:30  Gain: 20  Zoff: 132 165 290 127
No   Time    G  PAR    F1   F2   F3   F4   Fm1  Fm2  Fm3  Fm4    Y1   Y2   Y3   Y4
 1 18:35:31 20   64    11    4    5    4    47   35   36   44  ---- ---- ---- ----
 2 18:35:52 20   16    13    6    7    6    50   38   40   49  ---- ---- ---- ----
 3 18:36:13 20   64    14    6    7    6    44   35   31   41  ---- ---- ---- ----
 4 18:36:33 20  128    13    4    8    6    48   33   35   44  ---- ---- ---- ----
 5 18:36:53 20  192    13    3    8    7    42   33   33   42  ---- ---- ---- ----
 6 18:37:13 20  256    13    3   10    8    42   32   38   41  ---- ---- ---- ----
 7 18:37:34 20  320    14    2   11   10    48   32   35   42  ---- ---- ---- ----
 8 18:37:54 20  384    15    2   13   11    44   28   37   48  ---- ---- ---- ----
 9 18:38:14 20  448    16    1   14   13    50   29   43   47  ---- ---- ---- ----
10 18:38:34 20  512    18    1   15   15    46   33   41   49  ---- ---- ---- ----
11 18:38:55 20  576    19    1   17   16    42   24   41   49  ---- ---- ---- ----
12 18:39:15 20   94    37   21    8   44    40   22   41   54  ---- ---- ---- 0.19
13 18:39:35 20  704    16    7    5   13    44   38   33   47  ---- ---- ---- ----
14 18:39:56 20  832    21   -1   20   20    47   25   43   51  0.55 ---- ---- ----
;            Ch1    Ch2    Ch3    Ch4      blue   green  brown
;  alpha:   3.118 -0.000 -0.000  0.567     0.599  1.818  0.730
; ETRmax:  1041.0    0.0    0.0  405.4     217.2 1711.1  438.8
;     Ik:   333.9    0.0    0.0  714.5     362.8  941.2  601.0
;References: BL_US PMDA0174.REF2 GR_US PMDA0174.REF2 BR_US PMDA0174.REF2


LTK 110m_20161220

20DEC2016  18:43:27  Gain: 20  Zoff: 132 165 290 127
No   Time    G  PAR    F1   F2   F3   F4   Fm1  Fm2  Fm3  Fm4    Y1   Y2   Y3   Y4
 1 18:43:57 20   64    42   84  -33   76    15    2   81   52  ---- ---- ---- ----
 2 18:44:19 20   16     9    4    3    2    44   33   30   42  ---- ---- ---- ----
 3 18:44:39 20   64     9    3    3    2    42   34   33   42  ---- ---- ---- ----
 4 18:44:59 20    1    10    3    5    3    45   33   33   41  ---- ---- ---- ----
 5 18:45:20 20  192    11    3    6    4    44   35   33   49  ---- ---- ---- ----
 6 18:45:40 20  256    13    2    8    6    43   35   32   42  ---- ---- ---- ----
 7 18:46:00 20  320    14    2    9    7    42   26   37   45  ---- ---- ---- ----
 8 18:46:20 20  384    14    1   10    8    50   27   36   43  ---- ---- ---- ----
 9 18:46:41 20    1    14    0   11   10    44   26   35   46  ---- ---- ---- ----
10 18:47:01 20    1    15    0   13   11    45   29   41   41  ---- ---- ---- ----
11 18:47:21 20  576    16   -1   14   12    44   18   37   45  ---- ---- ---- ----
12 18:47:42 20  640    17   -1   15   14    42   25   41   52  ---- ---- ---- ----
13 18:48:02 20  704    19   -1   17   16    48   25   37   55  ---- ---- ---- ----
14 18:48:22 20  832    21   -2   20   20    49   22   42   52  0.57 ---- ---- ----
;            Ch1    Ch2    Ch3    Ch4      blue   green  brown
;  alpha:   1.288 -0.000 -0.000 -0.000     1.416  1.811 -0.000
; ETRmax:    49.8    0.0    0.0    0.0     879.3 1202.1    0.0
;     Ik:    38.7    0.0    0.0    0.0     621.2  663.7    0.0
;References: BL_US PMDA0174.REF2 GR_US PMDA0174.REF2 BR_US PMDA0174.REF2

LTK 120m_20161220

20DEC2016  18:51:48  Gain: 20  Zoff: 132 165 290 127
No   Time    G  PAR    F1   F2   F3   F4   Fm1  Fm2  Fm3  Fm4    Y1   Y2   Y3   Y4
 1 18:51:49 20    1    14    7    3    2    47   40   31   37  ---- ---- ---- ----
 2 18:52:10 20   16    12    6    3    0    53   39   35   37  ---- ---- ---- ----
 3 18:52:30 20   64    13    6    3    0    42   36   29   33  ---- ---- ---- ----
 4 18:52:51 20  128    13    6    4    2    45   33   29   44  ---- ---- ---- ----
 5 18:53:11 20  192    15    6    6    3    48   35   35   46  ---- ---- ---- ----
 6 18:53:31 20  256    15    5    7    4    46   30   30   42  ---- ---- ---- ----
 7 18:53:52 20  320    16    5    9    6    50   33   33   41  ---- ---- ---- ----
 8 18:54:12 20  384    18    4   11    8    50   33   32   49  ---- ---- ---- ----
 9 18:54:32 20  448    18    3   12    9    47   29   38   41  ---- ---- ---- ----
10 18:54:52 20  512    19    3   13   11    49   30   38   46  ---- ---- ---- ----
11 18:55:13 20  576    20    3   14   13    46   32   39   50  ---- ---- ---- ----
12 18:55:33 20  640    21    2   16   14    51   29   41   49  0.59 ---- ---- ----
13 18:55:53 20  704    22    2   17   15    45   23   42   49  0.51 ---- ---- ----
14 18:56:14 20  832    39   19   10   43    44   24   47   52  ---- ---- ---- 0.17
;            Ch1    Ch2    Ch3    Ch4      blue   green  brown
;  alpha:   4.396 -0.000 -0.000  0.543     0.692  2.066 19.025
; ETRmax:   899.1    0.0    0.0  473.0    1183.8  889.0  170.4
;     Ik:   204.5    0.0    0.0  870.6    1710.4  430.3    9.0
;References: BL_US PMDA0174.REF2 GR_US PMDA0174.REF2 BR_US PMDA0174.REF2

LTK 130m_20161220

20DEC2016  19:00:28  Gain: 20  Zoff: 132 165 290 127
No   Time    G  PAR    F1   F2   F3   F4   Fm1  Fm2  Fm3  Fm4    Y1   Y2   Y3   Y4
 1 19:00:29 20   64    34   28    9    7    72   57   37   52  0.53 0.51 ---- ----
 2 19:00:50 20   16    34   27   10    8    69   61   41   48  0.51 0.56 ---- ----
 3 19:01:11 20   64    34   27   10    8    66   59   38   45  0.48 0.54 ---- ----
 4 19:01:31 20  128    35   27   11    9    66   56   39   47  0.47 0.52 ---- ----
 5 19:01:51 20  192    35   26   12   10    64   57   38   49  0.45 0.54 ---- ----
 6 19:02:12 20  256    36   26   13   12    71   49   41   49  0.49 0.47 ---- ----
 7 19:02:32 20  320    37   25   15   13    65   52   40   50  0.43 0.52 ---- ----
 8 19:02:52 20  384    37   24   16   15    66   51   42   51  0.44 0.53 ---- ----
 9 19:03:12 20  448    38   23   17   16    66   49   47   48  0.42 0.53 ---- ----
10 19:03:33 20  512    39   23   18   17    61   54   41   52  0.36 0.57 ---- ----
11 19:03:53 20  576    39   22   20   19    66   48   47   54  0.41 0.54 ---- ----
12 19:04:13 20  640    40   22   21   20    68   43   43   56  0.41 0.49 0.51 ----
13 19:04:33 20  704    40   21   22   22    69   49   46   57  0.42 0.57 0.52 0.61
14 19:04:54 20  832    43   21   25   25    66   41   50   55  0.35 0.49 0.50 0.55
;            Ch1    Ch2    Ch3    Ch4      blue   green  brown
;  alpha:   1.154  1.154  1.305  2.058    -0.000  1.597  1.295
; ETRmax:  2398.8 1303.9 6908.3 1046.2       0.0  376.3 2167.6
;     Ik:  2077.9 1129.8 5292.4  508.5       0.0  235.7 1674.3
;References: BL_US PMDA0174.REF2 GR_US PMDA0174.REF2 BR_US PMDA0174.REF2

LTK 140m_20161220

20DEC2016  19:07:54  Gain: 20  Zoff: 132 165 290 127
No   Time    G  PAR    F1   F2   F3   F4   Fm1  Fm2  Fm3  Fm4    Y1   Y2   Y3   Y4
 1 19:07:55 20    1    78   72   22   20   107  105   49   66  0.27 0.31 0.55 ----
 2 19:08:17 20   16    77   72   23   20   113   99   54   60  0.32 0.27 0.57 ----
 3 19:08:37 20   64    79   72   23   21   112  104   49   64  0.29 0.31 0.53 0.67
 4 19:08:57 20  128    79   71   24   22   111  104   53   63  0.29 0.32 0.55 0.65
 5 19:09:17 20  192    78   69   24   23   108   97   53   62  0.28 0.29 0.55 0.63
 6 19:09:38 20  256    78   67   25   24   106   98   51   59  0.26 0.32 0.51 0.59
 7 19:09:58 20  320    77   66   27   25   110   94   55   64  0.30 0.30 0.51 0.61
 8 19:10:18 20  384    77   65   28   26   106   89   50   58  0.27 0.27 0.44 0.55
 9 19:10:39 20  448    77   63   29   28   107   93   57   66  0.28 0.32 0.49 0.58
10 19:10:59 20  512    78   62   30   29   103   89   52   62  0.24 0.30 0.42 0.53
11 19:11:19 20  576    77   61   31   30   106   84   57   62  0.27 0.27 0.46 0.52
12 19:11:39 20  640    77   60   32   31   103   81   55   66  0.25 0.26 0.42 0.53
13 19:12:00 20  704    77   59   33   32   106   83   62   61  0.27 0.29 0.47 0.48
14 19:12:20 20  832    78   57   36   35   100   81   61   70  0.22 0.30 0.41 0.50
;            Ch1    Ch2    Ch3    Ch4      blue   green  brown
;  alpha:   0.645  0.687  1.305  1.557     2.086 18.337  0.882
; ETRmax:   531.0 6993.8 2549.2 2864.8    5366.3 1435.7  342.3
;     Ik:   822.9 10181.0 1953.3 1839.6    2573.1   78.3  387.9
;References: BL_US PMDA0174.REF2 GR_US PMDA0174.REF2 BR_US PMDA0174.REF2
