Gain: 22  Zoff: 314 370 247 281
;LTM 0m_01262017
26JAN2017  19:21:00  Gain: 22  Zoff: 314 370 247 281
No   Time    G  PAR    F1   F2   F3   F4   Fm1  Fm2  Fm3  Fm4    Y1   Y2   Y3   Y4
 1 19:32:33 22   64   170  250  118  132   246  333  167  211  0.31 0.25 0.29 0.37

26JAN2017  19:32:37  Gain: 22  Zoff: 314 370 247 281
No   Time    G  PAR    F1   F2   F3   F4   Fm1  Fm2  Fm3  Fm4    Y1   Y2   Y3   Y4
 1 19:32:38 22   64   155  308   57  105   241  320  180  217  0.36 0.04 0.68 0.52
 2 19:32:59 22   16   181  248  126  141   267  324  193  229  0.32 0.23 0.35 0.38
 3 19:33:20 22   64   178  253  124  139   263  337  191  227  0.32 0.25 0.35 0.39
 4 19:33:40 22  128   180  256  128  143   244  337  188  223  0.26 0.24 0.32 0.36
 5 19:34:00 22  192   183  261  132  147   256  338  183  219  0.29 0.23 0.28 0.33
 6 19:34:21 22  256   180  259  133  146   237  337  170  212  0.24 0.23 0.22 0.31
 7 19:34:41 22  320   164  250  124  137   211  319  177  204  0.22 0.22 0.30 0.33
 8 19:35:01 22  384   165  251  126  139   216  326  164  207  0.24 0.23 0.23 0.33
 9 19:35:21 22  448   166  252  129  143   207  305  160  220  0.20 0.17 0.19 0.35
10 19:35:42 22  512   161  250  127  140   199  320  160  205  0.19 0.22 0.21 0.32
11 19:36:02 22  576   163  251  131  144   201  316  176  203  0.19 0.21 0.26 0.29
12 19:36:22 22  640   163  251  132  144   198  308  174  210  0.18 0.19 0.24 0.31
13 19:36:43 22  704   163  249  132  144   205  309  173  220  0.20 0.19 0.24 0.35
14 19:37:03 22  832   163  249  134  148   176  301  157  205  0.07 0.17 0.15 0.28
;            Ch1    Ch2    Ch3    Ch4      blue   green  brown
;  alpha:   0.775  0.566  1.285  0.943     0.806 -0.000  0.657
; ETRmax:   249.7  515.7  372.5 1116.1    1964.8    0.0  954.5
;     Ik:   322.1  911.6  290.0 1183.1    2438.3    0.0 1451.8
;References: BL_US PMDA0174.REF2 GR_US PMDA0174.REF2 BR_US PMDA0174.REF2

;LTM 10m_01262017

26JAN2017  19:39:52  Gain: 22  Zoff: 314 370 247 281
No   Time    G  PAR    F1   F2   F3   F4   Fm1  Fm2  Fm3  Fm4    Y1   Y2   Y3   Y4
 1 19:40:04 22    1   313  362  233  266   526  492  370  451  0.40 0.26 0.37 0.41

26JAN2017  19:40:07  Gain: 22  Zoff: 314 370 247 281
No   Time    G  PAR    F1   F2   F3   F4   Fm1  Fm2  Fm3  Fm4    Y1   Y2   Y3   Y4
 1 19:40:07 22   64   317  345  236  269   507  481  366  454  0.37 0.28 0.36 0.41
 2 19:40:29 22   16   321  309  232  264   575  490  395  471  0.44 0.37 0.41 0.44
 3 19:40:49 22   64   331  323  242  276   561  514  400  483  0.41 0.37 0.40 0.43
 4 19:41:09 22    1   337  333  253  286   525  510  394  452  0.36 0.35 0.36 0.37
 5 19:41:30 22  192   324  331  248  279   476  494  369  433  0.32 0.33 0.33 0.36
 6 19:41:50 22  256   334  340  252  283   497  502  360  425  0.33 0.32 0.30 0.33
 7 19:42:10 22  320   357  356  260  294   507  505  354  433  0.30 0.30 0.27 0.32
 8 19:42:30 22  384   364  362  267  301   492  514  369  427  0.26 0.30 0.28 0.30
 9 19:42:51 22  448   356  358  267  300   472  492  357  414  0.25 0.27 0.25 0.28
10 19:43:11 22  512   348  353  263  295   455  475  343  401  0.24 0.26 0.23 0.26
11 19:43:31 22  576   347  353  264  298   455  473  335  406  0.24 0.25 0.21 0.27
12 19:43:52 22  640   353  359  268  303   458  470  334  409  0.23 0.24 0.20 0.26
13 19:44:12 22  704   360  392  255  321   455  476  343  402  0.21 0.18 0.26 0.20
14 19:44:32 22  832   363  366  277  312   402  464  314  394  0.10 0.21 0.12 0.21
;            Ch1    Ch2    Ch3    Ch4      blue   green  brown
;  alpha:   0.802  0.761  0.813  0.878     0.782 -0.000  0.851
; ETRmax:   256.4  337.7  297.6  373.3     672.3    0.0  353.1
;     Ik:   319.6  443.5  366.2  425.2     859.1    0.0  414.9
;References: BL_US PMDA0174.REF2 GR_US PMDA0174.REF2 BR_US PMDA0174.REF2

;LTM 20m_01262017

26JAN2017  19:46:59  Gain: 22  Zoff: 314 370 247 281
No   Time    G  PAR    F1   F2   F3   F4   Fm1  Fm2  Fm3  Fm4    Y1   Y2   Y3   Y4
 1 19:47:12 22   64   215  269  144  166   398  474  257  331  0.46 0.43 0.44 0.50

26JAN2017  19:47:16  Gain: 22  Zoff: 314 370 247 281
No   Time    G  PAR    F1   F2   F3   F4   Fm1  Fm2  Fm3  Fm4    Y1   Y2   Y3   Y4
 1 19:47:16 22   64   220  272  148  170   407  482  274  334  0.46 0.44 0.46 0.49
 2 19:47:38 22   16   212  255  142  163   414  452  273  330  0.49 0.44 0.48 0.51
 3 19:47:58 22   64   225  275  150  172   428  506  293  365  0.47 0.46 0.49 0.53
 4 19:48:18 22  128   233  284  159  181   388  476  274  335  0.40 0.40 0.42 0.46
 5 19:48:39 22  192   216  276  151  173   368  468  252  311  0.41 0.41 0.40 0.44
 6 19:48:59 22    1   234  290  164  187   371  472  263  317  0.37 0.39 0.38 0.41
 7 19:49:19 22  320   231  288  160  183   350  453  246  298  0.34 0.36 0.35 0.39
 8 19:49:39 22  384   225  284  163  184   333  438  239  301  0.32 0.35 0.32 0.39
 9 19:50:00 22  448   236  292  169  190   359  448  249  294  0.34 0.35 0.32 0.35
10 19:50:20 22  512   247  293  167  204   337  444  245  294  0.27 0.34 0.32 0.31
11 19:50:40 22  576   234  299  174  197   314  428  230  289  0.25 0.30 0.24 0.32
12 19:51:01 22  640   240  303  176  200   319  435  250  291  0.25 0.30 0.30 0.31
13 19:51:21 22  704   253  312  183  208   345  445  243  293  0.27 0.30 0.25 0.29
14 19:51:41 22  832   251  313  187  212   279  418  227  288  0.10 0.25 0.18 0.26
;            Ch1    Ch2    Ch3    Ch4      blue   green  brown
;  alpha:   0.894  0.873  0.859  0.959     0.786 -0.000  0.911
; ETRmax:   260.1  452.8  309.0  437.8     334.4    0.0  361.1
;     Ik:   290.9  518.9  359.7  456.6     425.2    0.0  396.4
;References: BL_US PMDA0174.REF2 GR_US PMDA0174.REF2 BR_US PMDA0174.REF2

;LTM 30m_01262017

26JAN2017  19:53:56  Gain: 22  Zoff: 314 370 247 281
No   Time    G  PAR    F1   F2   F3   F4   Fm1  Fm2  Fm3  Fm4    Y1   Y2   Y3   Y4
 1 19:54:07 22   64   187  293  126  139   347  502  240  281  0.46 0.42 0.47 0.51

26JAN2017  19:54:12  Gain: 22  Zoff: 314 370 247 281
No   Time    G  PAR    F1   F2   F3   F4   Fm1  Fm2  Fm3  Fm4    Y1   Y2   Y3   Y4
 1 19:54:12 22 3294   191  294  129  143   345  507  239  282  0.45 0.42 0.46 0.49
 2 19:54:34 22   16   176  272  119  129   369  488  246  294  0.52 0.44 0.52 0.56
 3 19:54:54 22   64   182  285  123  135   335  503  236  290  0.46 0.43 0.48 0.53
 4 19:55:15 22  128   180  289  122  134   310  497  213  264  0.42 0.42 0.43 0.49
 5 19:55:35 22  192   184  292  128  140   300  493  213  263  0.39 0.41 0.40 0.47
 6 19:55:55 22  256   191  296  135  149   297  490  221  270  0.36 0.40 0.39 0.45
 7 19:56:16 22  320   192  298  134  148   295  468  212  260  0.35 0.36 0.37 0.43
 8 19:56:36 22  384   181  293  131  144   264  456  201  250  0.31 0.36 0.35 0.42
 9 19:56:56 22  448   182  295  134  147   273  461  201  255  0.33 0.36 0.33 0.42
10 19:57:16 22  512   189  300  139  152   274  465  209  248  0.31 0.35 0.33 0.39
11 19:57:37 22  576   193  305  142  156   261  448  213  248  0.26 0.32 0.33 0.37
12 19:57:57 22  640   193  307  143  157   267  454  207  246  0.28 0.32 0.31 0.36
13 19:58:17 22  704   192  308  145  159   266  443  206  242  0.28 0.30 0.30 0.34
14 19:58:38 22  832   197  312  150  165   235  432  190  243  0.16 0.28 0.21 0.32
;            Ch1    Ch2    Ch3    Ch4      blue   green  brown
;  alpha:   1.048  1.307  1.084  1.237     1.070 -0.000  1.092
; ETRmax:   409.3  637.8  538.8  988.6    1132.7    0.0  818.6
;     Ik:   390.6  488.1  496.9  799.0    1059.0    0.0  749.6
;References: BL_US PMDA0174.REF2 GR_US PMDA0174.REF2 BR_US PMDA0174.REF2

;LTM 40m_01262017

26JAN2017  20:01:06  Gain: 22  Zoff: 314 370 247 281
No   Time    G  PAR    F1   F2   F3   F4   Fm1  Fm2  Fm3  Fm4    Y1   Y2   Y3   Y4
 1 20:01:18 22   64    99  182   71   81   200  291  145  175  0.51 0.37 0.51 0.54

26JAN2017  20:01:25  Gain: 22  Zoff: 314 370 247 281
No   Time    G  PAR    F1   F2   F3   F4   Fm1  Fm2  Fm3  Fm4    Y1   Y2   Y3   Y4
 1 20:01:25 22   64   103  182   74   84   210  281  135  185  0.51 0.35 0.45 0.55
 2 20:01:47 22   16    91  174   68   76   227  291  142  198  0.60 0.40 0.52 0.62
 3 20:02:07 22   64   100  182   71   82   206  290  133  183  0.51 0.37 0.47 0.55
 4 20:02:27 22  128   108  188   77   89   209  288  140  190  0.48 0.35 0.45 0.53
 5 20:02:48 22  192   114  192   83   95   201  273  143  188  0.43 0.30 0.42 0.49
 6 20:03:08 22  256   121  195   88  100   195  269  142  186  0.38 0.28 0.38 0.46
 7 20:03:28 22  320   126  200   92  106   193  278  145  190  0.35 0.28 0.37 0.44
 8 20:03:48 22  384   134  207   96  111   197  268  135  187  0.32 0.23 0.29 0.41
 9 20:04:09 22  448   133  206   98  112   178  261  139  180  0.25 0.21 0.29 0.38
10 20:04:29 22  512   126  203   96  111   177  269  137  176  0.29 0.25 0.30 0.37
11 20:04:49 22  576   126  204   98  111   177  260  143  170  0.29 0.22 0.31 0.35
12 20:05:10 22  640   126  203   99  112   176  262  134  167  0.28 0.23 0.26 0.33
13 20:05:30 22  704   122  200   98  111   167  260  129  171  0.27 0.23 0.24 0.35
14 20:05:50 22  832   124  201  100  113   144  250  128  168  0.14 0.20 0.22 0.33
;            Ch1    Ch2    Ch3    Ch4      blue   green  brown
;  alpha:   1.353  0.874  1.182  1.345     1.283 -0.000  1.156
; ETRmax:   452.8  488.9  571.5 1164.9    1010.2    0.0  630.5
;     Ik:   334.6  559.4  483.4  866.3     787.6    0.0  545.5
;References: BL_US PMDA0174.REF2 GR_US PMDA0174.REF2 BR_US PMDA0174.REF2

;LTM 50m_01262017

26JAN2017  20:08:17  Gain: 22  Zoff: 314 370 247 281
No   Time    G  PAR    F1   F2   F3   F4   Fm1  Fm2  Fm3  Fm4    Y1   Y2   Y3   Y4
 1 20:08:29 22   64   120  191   78   92   219  287  146  179  0.45 0.33 0.47 0.49

26JAN2017  20:08:34  Gain: 22  Zoff: 314 370 247 281
No   Time    G  PAR    F1   F2   F3   F4   Fm1  Fm2  Fm3  Fm4    Y1   Y2   Y3   Y4
 1 20:08:35 22   64   119  188   80   94   204  271  145  183  0.42 0.31 0.45 0.49
 2 20:08:56 22   16    98  174   70   81   220  279  146  193  0.55 0.38 0.52 0.58
 3 20:09:17 22    1   116  190   79   93   227  304  152  201  0.49 0.38 0.48 0.54
 4 20:09:37 22  128   126  197   86  102   210  291  135  196  0.40 0.32 0.36 0.48
 5 20:09:57 22  192   132  201   91  108   225  270  146  186  0.41 0.26 0.38 0.42
 6 20:10:17 22  256   140  208   97  115   218  293  152  190  0.36 0.29 0.36 0.39
 7 20:10:38 22  320   144  211  101  120   200  280  144  184  0.28 0.25 0.30 0.35
 8 20:10:58 22  384   142  208  102  121   198  269  150  182  0.28 0.23 0.32 0.34
 9 20:11:18 22  448   143  211  104  123   200  281  144  198  0.28 0.25 0.28 0.38
10 20:11:39 22  512   155  221  111  132   206  278  155  196  0.25 0.21 0.28 0.33
11 20:11:59 22  576   158  225  113  135   207  287  152  196  0.24 0.22 0.26 0.31
12 20:12:19 22  640   160  227  115  138   195  280  157  194  0.18 0.19 0.27 0.29
13 20:12:39 22  704   159  226  116  139   202  271  149  190  0.21 0.17 0.22 0.27
14 20:13:00 22   94   157  223  119  141   172  273  139  189  0.09 0.18 0.14 0.25
;            Ch1    Ch2    Ch3    Ch4      blue   green  brown
;  alpha:   1.153  0.881  1.088  1.279     1.095 -0.000  1.110
; ETRmax:   277.4  532.1  377.3  827.7     770.7    0.0  414.9
;     Ik:   240.7  603.7  346.7  647.1     704.1    0.0  373.8
;References: BL_US PMDA0174.REF2 GR_US PMDA0174.REF2 BR_US PMDA0174.REF2

;LTM 60m_01262017

26JAN2017  20:16:01  Gain: 22  Zoff: 314 370 247 281
No   Time    G  PAR    F1   F2   F3   F4   Fm1  Fm2  Fm3  Fm4    Y1   Y2   Y3   Y4
 1 20:16:29 22    1   123   75   79   90   223  158  145  182  0.45 0.53 0.46 0.51

26JAN2017  20:16:37  Gain: 22  Zoff: 314 370 247 281
No   Time    G  PAR    F1   F2   F3   F4   Fm1  Fm2  Fm3  Fm4    Y1   Y2   Y3   Y4
 1 20:16:37 22   64   124   74   82   93   220  150  151  192  0.44 0.51 0.46 0.52
 2 20:16:59 22   16    96   58   65   73   240  168  173  211  0.60 0.65 0.62 0.65
 3 20:17:19 22   64   125   75   82   94   231  159  163  200  0.46 0.53 0.50 0.53
 4 20:17:39 22    1   130   77   86   98   219  149  146  181  0.41 0.48 0.41 0.46
 5 20:18:00 22  192   140   81   93  107   205  138  146  188  0.32 0.41 0.36 0.43
 6 20:18:20 22  256   143   82   96  110   205  141  140  176  0.30 0.42 0.31 0.38
 7 20:18:40 22  320   141   79   96  109   187  130  134  164  0.25 0.39 0.28 0.34
 8 20:19:00 22  384   139   77   96  110   187  124  141  162  0.26 0.38 0.32 0.32
 9 20:19:21 22  448   143   78  100  113   181  118  137  171  0.21 0.34 0.27 0.34
10 20:19:41 22  512   145   78  103  117   186  126  137  173  0.22 0.38 0.25 0.32
11 20:20:01 22  576   146   77  105  119   196  125  133  174  0.26 0.38 0.21 0.32
12 20:20:22 22  640   147   76  106  120   190  110  138  168  0.23 0.31 0.23 0.29
13 20:20:42 22    1   145   73  105  120   193  106  135  172  0.25 0.31 0.22 0.30
14 20:21:02 22    1   142   69  106  120   148  102  122  167  ---- 0.32 0.13 0.28
;            Ch1    Ch2    Ch3    Ch4      blue   green  brown
;  alpha:   1.123  1.191  1.267  1.216     1.217  0.738  1.335
; ETRmax:   494.4 1262.7  479.2  891.3    3267.1 1160.2 13659.4
;     Ik:   440.2 1060.5  378.1  733.2    2683.6 1571.1 10229.9
;References: BL_US PMDA0174.REF2 GR_US PMDA0174.REF2 BR_US PMDA0174.REF2

;LTM 70m_01262017

26JAN2017  20:23:41  Gain: 22  Zoff: 314 370 247 281
No   Time    G  PAR    F1   F2   F3   F4   Fm1  Fm2  Fm3  Fm4    Y1   Y2   Y3   Y4
 1 20:23:52 22   64    35   20   28   30    77   66   72  102  0.55 ---- 0.61 0.71

26JAN2017  20:23:57  Gain: 22  Zoff: 314 370 247 281
No   Time    G  PAR    F1   F2   F3   F4   Fm1  Fm2  Fm3  Fm4    Y1   Y2   Y3   Y4
 1 20:23:58 22    1    35   19   29   32   108   30  121   33  0.68 ---- 0.76 ----
 2 20:24:19 22  187    24   14   21   22    85   72   62  100  0.72 ---- 0.66 0.78
 3 20:24:40 22   64    35   21   29   31    94   70   71   92  0.63 0.70 0.59 0.66
 4 20:25:00 22  128    33   17   28   30    74   65   64   85  0.55 ---- 0.56 0.65
 5 20:25:20 22  192    34   16   30   31    86   57   70   89  0.60 ---- 0.57 0.65
 6 20:25:40 22  256    38   16   33   36    71   55   60   81  0.46 ---- 0.45 0.56
 7 20:26:01 22    1    39   16   35   38    72   54   69   88  0.46 ---- 0.49 0.57
 8 20:26:21 22  384    39   14   37   39    69   51   71   92  0.43 ---- 0.48 0.58
 9 20:26:41 22  448    40   14   40   42    77   47   70   89  0.48 ---- 0.43 0.53
10 20:27:02 22  512    41   13   40   43    69   43   67   88  0.41 ---- 0.40 0.51
11 20:27:22 22    1    39   10   40   43    76   41   69   79  0.49 ---- 0.42 0.46
12 20:27:42 22  640    40    9   41   44    61   41   69   85  0.34 ---- 0.41 0.48
13 20:28:02 22  704    40    8   43   46    64   36   70   90  0.38 ---- 0.39 0.49
14 20:28:23 22  832    43    7   47   51    52   35   65   97  0.17 ---- 0.28 0.47
;            Ch1    Ch2    Ch3    Ch4      blue   green  brown
;  alpha:   1.145  7.252  1.391  1.543     1.492  1.378 100.371
; ETRmax:   373.4  114.6  594.8 2402.4    1492.1  752.4  306.8
;     Ik:   326.1   15.8  427.6 1557.1    1000.0  546.0    3.1
;References: BL_US PMDA0174.REF2 GR_US PMDA0174.REF2 BR_US PMDA0174.REF2

;LTM 80m_01262017

26JAN2017  20:31:32  Gain: 22  Zoff: 314 370 247 281
No   Time    G  PAR    F1   F2   F3   F4   Fm1  Fm2  Fm3  Fm4    Y1   Y2   Y3   Y4
 1 20:31:43 22   64    31   37   15   15    69   70   50   64  0.55 0.47 ---- ----

26JAN2017  20:31:54  Gain: 22  Zoff: 314 370 247 281
No   Time    G  PAR    F1   F2   F3   F4   Fm1  Fm2  Fm3  Fm4    Y1   Y2   Y3   Y4
 1 20:31:54 22   64    32   36   17   17    60   75   45   72  0.47 0.52 ---- ----
 2 20:32:15 22   16    28   35   15   14    84   88   55   62  0.67 0.60 ---- ----
 3 20:32:36 22   64    52   79   -3    2    70   81   48   73  0.26 ---- ---- ----
 4 20:32:56 22  128    35   37   20   20    66   68   54   80  0.47 0.46 ---- ----
 5 20:33:16 22  192    36   36   22   23    67   71   42   65  0.46 0.49 0.48 0.65
 6 20:33:37 22  256    37   35   25   25    73   72   53   76  0.49 0.51 0.53 0.67
 7 20:33:57 22  320    40   35   27   28    84   75   53   68  0.52 0.53 0.49 0.59
 8 20:34:17 22  384    40   34   29   29    63   62   55   76  0.37 0.45 0.47 0.62
 9 20:34:37 22  448    41   32   31   31    72   60   46   73  0.43 0.47 0.33 0.58
10 20:34:58 22  512    41   31   32   33    68   73   58   90  0.40 0.58 0.45 0.63
11 20:35:18 22  576    42   31   34   35    76   61   59   78  0.45 0.49 0.42 0.55
12 20:35:38 22  640    44   30   36   37    74   59   74   85  0.41 0.49 0.51 0.56
13 20:35:59 22  704    45   29   38   39    72   63   64   77  0.38 0.54 0.41 0.49
14 20:36:19 22  832    46   27   41   43    49   59   48   88  ---- 0.54 ---- 0.51
;            Ch1    Ch2    Ch3    Ch4      blue   green  brown
;  alpha:   1.104  1.058  1.173  1.536     1.805 -0.000  0.918
; ETRmax:   794.6 338033.0 3446.7 1174.3    2085.8    0.0 3548.3
;     Ik:   719.7 319549.7 2938.5  764.4    1155.2    0.0 3867.3
;References: BL_US PMDA0174.REF2 GR_US PMDA0174.REF2 BR_US PMDA0174.REF2

;LTM 90m_01262017

26JAN2017  20:38:53  Gain: 22  Zoff: 314 370 247 281
No   Time    G  PAR    F1   F2   F3   F4   Fm1  Fm2  Fm3  Fm4    Y1   Y2   Y3   Y4
 1 20:39:04 22   64    50   26   36   29   118   80   92  111  0.58 0.68 0.61 0.74

26JAN2017  20:39:10  Gain: 22  Zoff: 314 370 247 281
No   Time    G  PAR    F1   F2   F3   F4   Fm1  Fm2  Fm3  Fm4    Y1   Y2   Y3   Y4
 1 20:39:11 22   94   202  265  -64   10    20   22  191  152  ---- ---- ---- ----
 2 20:39:32 22   16    53   38   35   28   119   76   83  101  0.55 0.50 0.58 0.72
 3 20:39:52 22   64    49   25   36   28   128   81   93  106  0.62 0.69 0.61 0.74
 4 20:40:13 22  128    50   24   38   30    99   72   85   99  0.49 0.67 0.55 0.70
 5 20:40:33 22  192    50   23   39   32   100   70   78   91  0.50 0.67 0.50 0.65
 6 20:40:53 22  256    51   22   42   34    89   71   87   93  0.43 0.69 0.52 0.63
 7 20:41:14 22  320    53   21   44   37    97   71   82   87  0.45 0.70 0.46 0.57
 8 20:41:34 22  384    54   20   47   40    93   62   90   99  0.42 ---- 0.48 0.60
 9 20:41:54 22    1    57   21   49   43   100   59   86   92  0.43 0.64 0.43 0.53
10 20:42:14 22  512    59   20   52   46   102   58   84   90  0.42 ---- 0.38 0.49
11 20:42:35 22  576    60   20   54   48    96   54   87   97  0.38 ---- 0.38 0.51
12 20:42:55 22  640    61   19   55   50    95   44   79   99  0.36 ---- 0.30 0.49
13 20:43:15 22  704    60   18   55   50    95   51   87   97  0.37 ---- 0.37 0.48
14 20:43:36 22  832    62   17   59   53    70   41   74   96  ---- ---- 0.20 0.45
;            Ch1    Ch2    Ch3    Ch4      blue   green  brown
;  alpha:   1.008  1.546  1.354  1.283     2.198  1.392 24.623
; ETRmax:   465.5 6353.4  843.3  563.1     985.9  739.4  188.2
;     Ik:   461.8 4110.8  622.7  438.8     448.7  531.3    7.6
;References: BL_US PMDA0174.REF2 GR_US PMDA0174.REF2 BR_US PMDA0174.REF2

;LTM 100m_01262017

26JAN2017  20:45:56  Gain: 22  Zoff: 314 370 247 281
No   Time    G  PAR    F1   F2   F3   F4   Fm1  Fm2  Fm3  Fm4    Y1   Y2   Y3   Y4
 1 20:45:56 22   64     5   12    8    7    47   59   40   64  ---- ---- ---- ----

26JAN2017  20:46:02  Gain: 22  Zoff: 314 370 247 281
No   Time    G  PAR    F1   F2   F3   F4   Fm1  Fm2  Fm3  Fm4    Y1   Y2   Y3   Y4
 1 20:46:02 22   64     6   10   10    9    43   54   48   64  ---- ---- ---- ----
 2 20:46:24 22   16     0    8    7    6    42   54   39   58  ---- ---- ---- ----
 3 20:46:44 22   64     3   10    8    7    45   51   45   61  ---- ---- ---- ----
 4 20:47:04 22  128     6   11   11   10    44   53   41   63  ---- ---- ---- ----
 5 20:47:24 22  192     6    9   13   11    40   41   33   66  ---- ---- ---- ----
 6 20:47:45 22  256     6    7   14   14    38   38   37   65  ---- ---- ---- ----
 7 20:48:05 22  320     8    7   17   17    36   46   58   55  ---- ---- ---- ----
 8 20:48:25 22  384     9    6   19   19    48   42   43   62  ---- ---- ---- ----
 9 20:48:46 22  448    10    6   21   21    45   45   48   67  ---- ---- 0.56 0.69
10 20:49:06 22  512    10    5   22   22    35   36   44   68  ---- ---- 0.50 0.68
11 20:49:26 22    1    11    4   24   24    32   46   55   71  ---- ---- 0.56 0.66
12 20:49:46 22  640    13    4   26   27    35   38   55   74  ---- ---- 0.53 0.64
13 20:50:07 22  704    15    4   28   29    35   37   52   74  ---- ---- 0.46 0.61
14 20:50:27 22  832    17    3   32   33    29   28   45   67  ---- ---- 0.29 0.51
;            Ch1    Ch2    Ch3    Ch4      blue   green  brown
;  alpha:  -0.000 -0.000  0.649  1.141     1.864  1.760  1.853
; ETRmax:     0.0    0.0  235.4  490.1    1913.4 1005.7 1453.1
;     Ik:     0.0    0.0  362.9  429.6    1026.3  571.3  784.3
;References: BL_US PMDA0174.REF2 GR_US PMDA0174.REF2 BR_US PMDA0174.REF2

;LTM 110m_01262017

26JAN2017  20:53:36  Gain: 22  Zoff: 314 370 247 281
No   Time    G  PAR    F1   F2   F3   F4   Fm1  Fm2  Fm3  Fm4    Y1   Y2   Y3   Y4
 1 20:53:47 22   64     2    8    7    6    36   46   29   56  ---- ---- ---- ----

26JAN2017  20:53:54  Gain: 22  Zoff: 314 370 247 281
No   Time    G  PAR    F1   F2   F3   F4   Fm1  Fm2  Fm3  Fm4    Y1   Y2   Y3   Y4
 1 20:53:55 22    1     3    7    9    8    39   42   38   66  ---- ---- ---- ----
 2 20:54:16 22   16     2   10    9    6    32   46   35   62  ---- ---- ---- ----
 3 20:54:37 22   64     6   11    9    9    43   46   48   60  ---- ---- ---- ----
 4 20:54:57 22  128     6   10   10   10    31   34   31   63  ---- ---- ---- ----
 5 20:55:17 22  192     8   10   14   13    28   46   35   64  ---- ---- ---- ----
 6 20:55:37 22  256     7    7   15   15    39   39   42   67  ---- ---- ---- ----
 7 20:55:58 22  320     9    7   17   17    39   45   39   56  ---- ---- ---- ----
 8 20:56:18 22  384    11    7   20   20    42   33   52   69  ---- ---- ---- ----
 9 20:56:38 22  448    12    7   22   23    46   28   54   66  ---- ---- 0.59 0.65
10 20:56:58 22  512    14    8   24   25    37   33   53   64  ---- ---- 0.55 0.61
11 20:57:19 22  576    15    6   26   28    39   34   56   71  ---- ---- 0.54 0.61
12 20:57:39 22  640    17    7   28   30    43   36   53   64  ---- ---- 0.47 0.53
13 20:57:59 22  704    18    7   30   32    38   43   52   77  ---- ---- 0.42 0.58
14 20:58:20 22  832    21    6   34   37    22   31   47   78  ---- ---- 0.28 0.53
;            Ch1    Ch2    Ch3    Ch4      blue   green  brown
;  alpha:  -0.000 -0.000  1.198  1.369     1.410  1.611  1.966
; ETRmax:     0.0    0.0  354.9  803.6     657.6  834.9 7242.5
;     Ik:     0.0    0.0  296.2  587.0     466.3  518.3 3683.5
;References: BL_US PMDA0174.REF2 GR_US PMDA0174.REF2 BR_US PMDA0174.REF2

;LTM 120m_01262017

26JAN2017  21:00:33  Gain: 22  Zoff: 314 370 247 281
No   Time    G  PAR    F1   F2   F3   F4   Fm1  Fm2  Fm3  Fm4    Y1   Y2   Y3   Y4
 1 21:00:44 22   64     4    8    2    0    32   39   37   41  ---- ---- ---- ----

26JAN2017  21:00:51  Gain: 22  Zoff: 314 370 247 281
No   Time    G  PAR    F1   F2   F3   F4   Fm1  Fm2  Fm3  Fm4    Y1   Y2   Y3   Y4
 1 21:00:52 22   64     5    7    4    2    33   51   27   53  ---- ---- ---- ----
 2 21:01:13 22   16     4    8    3    1    39   38   33   51  ---- ---- ---- ----
 3 21:01:34 22   64     7    9    4    2    45   42   36   53  ---- ---- ---- ----
 4 21:01:54 22  128     8    9    6    5    35   36   31   54  ---- ---- ---- ----
 5 21:02:14 22  192     9    8    9    6    38   40   42   53  ---- ---- ---- ----
 6 21:02:34 22  256    10    8   11    9    35   48   39   61  ---- ---- ---- ----
 7 21:02:55 22  320    12    7   13   12    38   41   28   45  ---- ---- ---- ----
 8 21:03:15 22  384    13    7   15   15    33   39   43   61  ---- ---- ---- ----
 9 21:03:35 22  448    15    7   17   18    42   39   33   59  ---- ---- ---- ----
10 21:03:56 22  512    16    6   19   20    39   43   46   68  ---- ---- ---- ----
11 21:04:16 22  576    18    6   21   23    36   36   46   59  ---- ---- 0.54 0.61
12 21:04:36 22  640    19    6   23   24    46   33   50   63  ---- ---- 0.54 0.62
13 21:04:56 22  704    20    5   26   27    40   35   61   75  ---- ---- 0.57 0.64
14 21:05:17 22  832    22    4   29   31    28   27   52   68  ---- ---- 0.44 0.54
;            Ch1    Ch2    Ch3    Ch4      blue   green  brown
;  alpha:  -0.000 -0.000  1.727  0.389     2.217  1.782  1.846
; ETRmax:     0.0    0.0  971.5  152.3    2303.8 1436.1 20653.3
;     Ik:     0.0    0.0  562.4  391.2    1039.0  806.0 11189.0
;References: BL_US PMDA0174.REF2 GR_US PMDA0174.REF2 BR_US PMDA0174.REF2

;LTM 130m_01262017

26JAN2017  21:07:53  Gain: 22  Zoff: 314 370 247 281
No   Time    G  PAR    F1   F2   F3   F4   Fm1  Fm2  Fm3  Fm4    Y1   Y2   Y3   Y4
 1 21:08:14 22   64   205  279  141  149   342  467  254  293  0.40 0.40 0.44 0.49

26JAN2017  21:08:21  Gain: 22  Zoff: 314 370 247 281
No   Time    G  PAR    F1   F2   F3   F4   Fm1  Fm2  Fm3  Fm4    Y1   Y2   Y3   Y4
 1 21:08:21 22   64   204  278  142  149   351  464  250  296  0.42 0.40 0.43 0.50
 2 21:08:43 22   16   188  257  131  136   364  438  252  302  0.48 0.41 0.48 0.55
 3 21:09:03 22   64   197  271  137  144   358  478  253  296  0.45 0.43 0.46 0.51
 4 21:09:23 22  128   201  277  143  150   334  464  236  285  0.40 0.40 0.39 0.47
 5 21:09:44 22  192   204  280  147  154   329  469  243  275  0.38 0.40 0.40 0.44
 6 21:10:04 22  256   205  283  150  157   308  455  245  281  0.33 0.38 0.39 0.44
 7 21:10:24 22  320   210  287  154  162   307  443  239  272  0.32 0.35 0.36 0.40
 8 21:10:45 22  384   215  291  158  168   316  444  243  269  0.32 0.34 0.35 0.38
 9 21:11:05 22  448   220  296  164  173   308  440  239  272  0.29 0.33 0.31 0.36
10 21:11:25 22  512   223  300  167  177   305  440  240  274  0.27 0.32 0.30 0.35
11 21:11:45 22  576   225  302  169  178   304  419  239  266  0.26 0.28 0.29 0.33
12 21:12:06 22  640   222  303  170  179   291  431  231  265  0.24 0.30 0.26 0.32
13 21:12:26 22  704   220  304  170  179   287  421  220  253  0.23 0.28 0.23 0.29
14 21:12:46 22  832   221  307  173  183   251  415  213  265  0.12 0.26 0.19 0.31
;            Ch1    Ch2    Ch3    Ch4      blue   green  brown
;  alpha:   1.027  1.026  1.001  1.429     0.950 -0.000  1.110
; ETRmax:   330.7  664.3  381.9  720.5     374.3    0.0  994.7
;     Ik:   321.9  647.7  381.5  504.1     393.8    0.0  896.6
;References: BL_US PMDA0174.REF2 GR_US PMDA0174.REF2 BR_US PMDA0174.REF2

;LTM 140m_01262017

26JAN2017  21:15:28  Gain: 22  Zoff: 314 370 247 281
No   Time    G  PAR    F1   F2   F3   F4   Fm1  Fm2  Fm3  Fm4    Y1   Y2   Y3   Y4
 1 21:15:40 22   64   119  128   40   40   162  172   79   88  0.27 0.26 0.49 0.55

26JAN2017  21:15:46  Gain: 22  Zoff: 314 370 247 281
No   Time    G  PAR    F1   F2   F3   F4   Fm1  Fm2  Fm3  Fm4    Y1   Y2   Y3   Y4
 1 21:15:46 22   64   119  126   42   42   148  166   75   93  0.20 0.24 0.44 0.55
 2 21:16:08 22   16   115  123   40   37   151  159   70   85  0.24 0.23 0.43 0.56
 3 21:16:28 22   64   113  123   39   37   151  177   85   95  0.25 0.31 0.54 0.61
 4 21:16:48 22  128   113  123   40   39   145  169   69   92  0.22 0.27 0.42 0.58
 5 21:17:09 22  192   114  121   43   41   150  174   75   96  0.24 0.30 0.43 0.57
 6 21:17:29 22  256   114  120   45   43   141  157   72   85  0.19 0.24 0.38 0.49
 7 21:17:49 22  320   113  118   47   45   146  161   76   90  0.23 0.27 0.38 0.50
 8 21:18:09 22  384   114  116   49   47   148  154   71   85  0.23 0.25 0.31 0.45
 9 21:18:30 22  448   114  115   50   49   138  148   79   93  0.17 0.22 0.37 0.47
10 21:18:50 22    1   123  127   46   61   132  147   78   95  0.07 0.14 0.41 0.36
11 21:19:10 22  576   113  112   52   52   148  143   87   83  0.24 0.22 0.40 0.37
12 21:19:31 22  640   113  110   54   53   134  147   78  107  0.16 0.25 0.31 0.50
13 21:19:51 22    1   113  109   55   55   140  138   72   94  0.19 0.21 0.24 0.41
14 21:20:11 22  832   113  107   58   58   118  132   79  106  ---- 0.19 0.27 0.45
;            Ch1    Ch2    Ch3    Ch4      blue   green  brown
;  alpha:   0.401  0.535  0.991  1.039     1.698 -0.000  0.423
; ETRmax:  2654.7 1500.7  856.2  598.2    3015.5    0.0  122.9
;     Ik:  6624.3 2802.5  863.9  575.7    1775.5    0.0  290.7
;References: BL_US PMDA0174.REF2 GR_US PMDA0174.REF2 BR_US PMDA0174.REF2