Gain: 20  Zoff: 168 197 118 131
;LTM 0m_06012017
01JUN2017  19:15:42  Gain: 20  Zoff: 168 197 118 131
No   Time    G  PAR    F1   F2   F3   F4   Fm1  Fm2  Fm3  Fm4    Y1   Y2   Y3   Y4
 1 19:27:05 20   64    48  116   47   51   112  201   95  115  0.57 0.42 0.51 0.56

01JUN2017  19:27:08  Gain: 20  Zoff: 168 197 118 131
No   Time    G  PAR    F1   F2   F3   F4   Fm1  Fm2  Fm3  Fm4    Y1   Y2   Y3   Y4
 1 19:27:09 20   64    50  116   49   52   112  203   96  116  0.55 0.43 0.49 0.55
 2 19:27:30 20   16    46  104   44   47   106  172   92  112  0.57 0.40 0.52 0.58
 3 19:27:51 20   64    51  116   49   52   117  209  104  124  0.56 0.44 0.53 0.58
 4 19:28:11 20  128    53  119   53   56   112  216  108  123  0.53 0.45 0.51 0.54
 5 19:28:31 20  192    53  120   55   58   105  209  100  118  0.50 0.43 0.45 0.51
 6 19:28:52 20  256    52  120   56   58    97  206   99  118  0.46 0.42 0.43 0.51
 7 19:29:12 20  320    52  120   55   57   100  203   96  115  0.48 0.41 0.43 0.50
 8 19:29:32 20  384    53  120   55   58    96  197   95  110  0.45 0.39 0.42 0.47
 9 19:29:52 20  448    50  118   55   57    90  196   96  111  0.44 0.40 0.43 0.49
10 19:30:13 20  512    50  119   56   58    88  192   96  110  0.43 0.38 0.42 0.47
11 19:30:33 20  576    53  121   59   61    94  198   96  106  0.44 0.39 0.39 0.42
12 19:30:53 20  640    54  123   62   64    95  193  102  108  0.43 0.36 0.39 0.41
13 19:31:13 20  704    56  124   64   66    91  188   98  106  0.38 0.34 0.35 0.38
14 19:31:34 20  832    58  126   67   69    93  192  100  116  0.38 0.34 0.33 0.41
;            Ch1    Ch2    Ch3    Ch4      blue   green  brown
;  alpha:   1.271  1.006  1.129  1.253     1.207 -0.000  1.177
; ETRmax:  2117.2  921.8  775.4  848.0    1319.3    0.0 1653.3
;     Ik:  1665.7  915.9  686.5  676.9    1092.8    0.0 1404.7
;References: BL_US PMDA0174.REF2 GR_US PMDA0174.REF2 BR_US PMDA0174.REF2

;LTM 10m_06012017

01JUN2017  19:35:17  Gain: 20  Zoff: 168 197 118 131
No   Time    G  PAR    F1   F2   F3   F4   Fm1  Fm2  Fm3  Fm4    Y1   Y2   Y3   Y4
 1 19:35:28 20   64    72  118   75   77   165  239  158  177  0.56 0.51 0.53 0.56

01JUN2017  19:35:33  Gain: 20  Zoff: 168 197 118 131
No   Time    G  PAR    F1   F2   F3   F4   Fm1  Fm2  Fm3  Fm4    Y1   Y2   Y3   Y4
 1 19:35:34 20   64    73  118   77   79   165  239  157  170  0.56 0.51 0.51 0.54
 2 19:35:55 20   16    67  107   71   71   166  211  152  172  0.60 0.49 0.53 0.59
 3 19:36:16 20   64    74  117   71   74   171  244  146  171  0.57 0.52 0.51 0.57
 4 19:36:36 20  128    71  115   67   70   147  237  136  148  0.52 0.51 0.51 0.53
 5 19:36:56 20  192    69  116   68   70   137  228  130  145  0.50 0.49 0.48 0.52
 6 19:37:17 20  256    68  115   72   74   125  213  126  148  0.46 0.46 0.43 0.50
 7 19:37:37 20  320    68  117   73   74   128  219  128  142  0.47 0.47 0.43 0.48
 8 19:37:57 20  384    72  119   74   76   130  219  131  145  0.45 0.46 0.44 0.48
 9 19:38:17 20  448    78  124   81   82   128  224  137  154  0.39 0.45 0.41 0.47
10 19:38:38 20  512    85  129   86   87   140  220  136  148  0.39 0.41 0.37 0.41
11 19:38:58 20  576    86  129   83   86   138  214  129  148  0.38 0.40 0.36 0.42
12 19:39:18 20  640    80  125   79   82   123  211  119  135  0.35 0.41 0.34 0.39
13 19:39:39 20  704    79  126   81   82   127  208  123  139  0.38 0.39 0.34 0.41
14 19:39:59 20  832    86  131   89   90   126  209  134  137  0.32 0.37 0.34 0.34
;            Ch1    Ch2    Ch3    Ch4      blue   green  brown
;  alpha:   1.333  1.226  1.236  1.292     1.089 -0.000  1.315
; ETRmax:  1347.7 2167.2 1423.4  813.3     590.4    0.0 1373.6
;     Ik:  1010.8 1768.3 1151.4  629.5     542.0    0.0 1044.7
;References: BL_US PMDA0174.REF2 GR_US PMDA0174.REF2 BR_US PMDA0174.REF2

;LTM 20m_06012017

01JUN2017  19:42:31  Gain: 20  Zoff: 168 197 118 131
No   Time    G  PAR    F1   F2   F3   F4   Fm1  Fm2  Fm3  Fm4    Y1   Y2   Y3   Y4
 1 19:42:45 20   64    80  121   69   72   171  242  132  148  0.53 0.50 0.48 0.51

01JUN2017  19:42:48  Gain: 20  Zoff: 168 197 118 131
No   Time    G  PAR    F1   F2   F3   F4   Fm1  Fm2  Fm3  Fm4    Y1   Y2   Y3   Y4
 1 19:42:49 20   64    81  121   69   73   167  236  130  151  0.51 0.49 0.47 0.52
 2 19:43:10 20   16    66  105   58   60   168  210  128  148  0.61 0.50 0.55 0.59
 3 19:43:31 20   64    69  113   60   64   162  241  128  153  0.57 0.53 0.53 0.58
 4 19:43:51 20  128    73  118   65   68   150  239  131  150  0.51 0.51 0.50 0.55
 5 19:44:11 20  192    65  114   60   63   130  228  115  128  0.50 0.50 0.48 0.51
 6 19:44:31 20  256    63  113   60   62   121  223  110  129  0.48 0.49 0.45 0.52
 7 19:44:52 20  320    64  115   62   64   121  228  112  127  0.47 0.50 0.45 0.50
 8 19:45:12 20  384    67  117   63   66   121  218  108  129  0.45 0.46 0.42 0.49
 9 19:45:32 20  448    66  117   64   66   119  217  107  124  0.45 0.46 0.40 0.47
10 19:45:52 20  512    64  116   62   65   112  209  103  124  0.43 0.44 0.40 0.48
11 19:46:13 20  576    60  114   62   64   109  202  107  116  0.45 0.44 0.42 0.45
12 19:46:33 20  640    61  116   64   66   110  206  107  114  0.45 0.44 0.40 0.42
13 19:46:53 20  704    63  118   67   69   106  201  106  120  0.41 0.41 0.37 0.42
14 19:47:14 20  832    66  121   73   75   106  197  110  120  0.38 0.39 0.34 0.38
;            Ch1    Ch2    Ch3    Ch4      blue   green  brown
;  alpha:   1.264  1.167  1.224  1.310     1.103 -0.000  1.304
; ETRmax:  2299.2  903.3 1814.9 1006.2     745.1    0.0 2160.1
;     Ik:  1818.9  774.3 1483.3  767.8     675.3    0.0 1656.0
;References: BL_US PMDA0174.REF2 GR_US PMDA0174.REF2 BR_US PMDA0174.REF2

;LTM 30m_06012017

01JUN2017  19:48:44  Gain: 20  Zoff: 168 197 118 131
No   Time    G  PAR    F1   F2   F3   F4   Fm1  Fm2  Fm3  Fm4    Y1   Y2   Y3   Y4
 1 19:48:55 20   64    48  108   51   50   105  218  110  120  0.54 0.50 0.54 0.58

01JUN2017  19:49:01  Gain: 20  Zoff: 168 197 118 131
No   Time    G  PAR    F1   F2   F3   F4   Fm1  Fm2  Fm3  Fm4    Y1   Y2   Y3   Y4
 1 19:49:01 20   64    48  108   52   51   112  211  112  118  0.57 0.49 0.54 0.57
 2 19:49:22 20   16    39   95   46   44   111  180  104  116  0.65 0.47 0.56 0.62
 3 19:49:43 20   64    42  104   48   47   112  215  113  119  0.63 0.52 0.58 0.61
 4 19:50:03 20  128    43  106   49   48   104  208  101  117  0.59 0.49 0.51 0.59
 5 19:50:23 20  192    43  106   48   48    97  207   96  109  0.56 0.49 0.50 0.56
 6 19:50:43 20  256    42  106   50   49    92  207   98  105  0.54 0.49 0.49 0.53
 7 19:51:04 20  320    43  107   53   52    88  199  101  110  0.51 0.46 0.48 0.53
 8 19:51:24 20  384    44  108   55   53    85  204   96  111  0.48 0.47 0.43 0.52
 9 19:51:44 20  448    43  109   56   55    87  197  104  106  0.51 0.45 0.46 0.48
10 19:52:04 20  512    45  110   58   57    89  188   96  113  0.49 0.41 0.40 0.50
11 19:52:25 20  576    47  112   58   57    86  197   94  109  0.45 0.43 0.38 0.48
12 19:52:45 20  640    49  113   60   60    86  194  103  108  0.43 0.42 0.42 0.44
13 19:53:05 20  704    49  114   61   62    88  195   99  108  0.44 0.42 0.38 0.43
14 19:53:26 20  832    50  116   64   64    88  187  104  108  0.43 0.38 0.38 0.41
;            Ch1    Ch2    Ch3    Ch4      blue   green  brown
;  alpha:   1.426  1.158  1.254  1.416     1.218 -0.000  1.324
; ETRmax:  2208.3 1045.9 2000.7 1385.7    1412.0    0.0 1707.0
;     Ik:  1548.8  903.0 1595.7  978.4    1159.6    0.0 1289.7
;References: BL_US PMDA0174.REF2 GR_US PMDA0174.REF2 BR_US PMDA0174.REF2

;LTM 40m_06012017

01JUN2017  19:56:02  Gain: 20  Zoff: 168 197 118 131
No   Time    G  PAR    F1   F2   F3   F4   Fm1  Fm2  Fm3  Fm4    Y1   Y2   Y3   Y4
 1 19:56:14 20   64    67  128   57   59   145  250  120  130  0.54 0.49 0.53 0.55

01JUN2017  19:56:18  Gain: 20  Zoff: 168 197 118 131
No   Time    G  PAR    F1   F2   F3   F4   Fm1  Fm2  Fm3  Fm4    Y1   Y2   Y3   Y4
 1 19:56:18 20   64    68  128   59   61   144  246  120  139  0.53 0.48 0.51 0.56
 2 19:56:39 20   16    61  117   54   55   158  240  118  143  0.61 0.51 0.54 0.62
 3 19:56:59 20   64    68  127   58   59   155  262  124  140  0.56 0.52 0.53 0.58
 4 19:57:20 20  128    69  129   58   60   147  259  114  132  0.53 0.50 0.49 0.55
 5 19:57:40 20  192    69  130   59   61   140  248  119  129  0.51 0.48 0.50 0.53
 6 19:58:00 20  256    74  133   61   64   140  249  115  137  0.47 0.47 0.47 0.53
 7 19:58:21 20  320    79  137   65   68   136  244  113  131  0.42 0.44 0.42 0.48
 8 19:58:41 20  384    81  140   69   72   144  241  119  134  0.44 0.42 0.42 0.46
 9 19:59:01 20  448    81  141   71   74   134  240  118  130  0.40 0.41 0.40 0.43
10 19:59:21 20  512    78  140   70   73   128  229  111  126  0.39 0.39 0.37 0.42
11 19:59:42 20  576    76  138   69   71   119  221  108  125  0.36 0.38 0.36 0.43
12 20:00:02 20  640    74  138   69   72   120  217  108  123  0.38 0.36 0.36 0.41
13 20:00:22 20  704    75  140   71   74   118  225  110  124  0.36 0.38 0.35 0.40
14 20:00:43 20  832    80  145   77   79   121  223  114  127  0.34 0.35 0.32 0.38
;            Ch1    Ch2    Ch3    Ch4      blue   green  brown
;  alpha:   1.327  1.221  1.271  1.357     1.097 -0.000  1.321
; ETRmax:  1370.1 1703.6 1392.0 1800.3     775.3    0.0 1749.2
;     Ik:  1032.6 1395.8 1095.6 1326.7     706.7    0.0 1324.4
;References: BL_US PMDA0174.REF2 GR_US PMDA0174.REF2 BR_US PMDA0174.REF2

;LTM 50m_06012017

01JUN2017  20:02:59  Gain: 20  Zoff: 168 197 118 131
No   Time    G  PAR    F1   F2   F3   F4   Fm1  Fm2  Fm3  Fm4    Y1   Y2   Y3   Y4
 1 20:03:13 20   64    60  124   53   55   128  240  110  126  0.53 0.48 0.52 0.56

01JUN2017  20:03:18  Gain: 20  Zoff: 168 197 118 131
No   Time    G  PAR    F1   F2   F3   F4   Fm1  Fm2  Fm3  Fm4    Y1   Y2   Y3   Y4
 1 20:03:19 20   64    59  123   53   55   126  241  106  121  0.53 0.49 0.50 0.55
 2 20:03:40 20   16    53  112   49   50   138  221  112  132  0.62 0.49 0.56 0.62
 3 20:04:01 20   64    60  123   56   57   138  245  124  146  0.57 0.50 0.55 0.61
 4 20:04:21 20  128    60  125   60   60   128  243  124  138  0.53 0.49 0.52 0.57
 5 20:04:41 20  192    60  125   62   61   122  232  115  127  0.51 0.46 0.46 0.52
 6 20:05:01 20  256    59  125   61   62   118  238  112  124  0.50 0.47 0.46 0.50
 7 20:05:22 20  320    60  126   62   63   112  228  113  124  0.46 0.45 0.45 0.49
 8 20:05:42 20  384    60  127   64   65   112  225  110  124  0.46 0.44 0.42 0.48
 9 20:06:02 20  448    62  129   68   68   113  225  119  129  0.45 0.43 0.43 0.47
10 20:06:23 20  512    64  132   70   72   107  225  116  126  0.40 0.41 0.40 0.43
11 20:06:43 20  576    67  134   74   75   106  217  124  127  0.37 0.38 0.40 0.41
12 20:07:03 20  640    69  137   76   78   111  215  119  133  0.38 0.36 0.36 0.41
13 20:07:23 20  704    71  139   79   81   115  224  124  132  0.38 0.38 0.36 0.39
14 20:07:44 20  832    73  141   83   85   109  214  120  135  0.33 0.34 0.31 0.37
;            Ch1    Ch2    Ch3    Ch4      blue   green  brown
;  alpha:   1.316  1.147  1.263  1.411     1.132 -0.000  1.267
; ETRmax:   747.1  784.8  891.0 1638.7    1397.8    0.0  825.8
;     Ik:   567.7  684.3  705.4 1161.3    1234.4    0.0  651.9
;References: BL_US PMDA0174.REF2 GR_US PMDA0174.REF2 BR_US PMDA0174.REF2

;LTM 60m_06012017

01JUN2017  20:09:41  Gain: 20  Zoff: 168 197 118 131
No   Time    G  PAR    F1   F2   F3   F4   Fm1  Fm2  Fm3  Fm4    Y1   Y2   Y3   Y4
 1 20:10:12 20   64    69  144   54   56   144  244  109  126  0.52 0.41 0.50 0.56

01JUN2017  20:10:17  Gain: 20  Zoff: 168 197 118 131
No   Time    G  PAR    F1   F2   F3   F4   Fm1  Fm2  Fm3  Fm4    Y1   Y2   Y3   Y4
 1 20:10:17 20   64    70  144   56   58   145  243  112  131  0.52 0.41 0.50 0.56
 2 20:10:39 20   16    60  131   53   53   157  247  119  135  0.62 0.47 0.55 0.61
 3 20:10:59 20   64    67  140   58   58   150  255  116  143  0.55 0.45 0.50 0.59
 4 20:11:19 20  128    68  142   60   61   148  245  115  129  0.54 0.42 0.48 0.53
 5 20:11:40 20  192    68  143   60   62   128  235  108  121  0.47 0.39 0.44 0.49
 6 20:12:00 20  256    70  144   59   61   127  231  104  118  0.45 0.38 0.43 0.48
 7 20:12:20 20  320    73  147   61   64   127  232  104  116  0.43 0.37 0.41 0.45
 8 20:12:41 20  384    75  148   63   66   126  227  103  120  0.40 0.35 0.39 0.45
 9 20:13:01 20  448    74  148   64   67   126  224  104  121  0.41 0.34 0.38 0.45
10 20:13:21 20  512    77  150   67   70   123  220  105  120  0.37 0.32 0.36 0.42
11 20:13:41 20  576    76  150   68   71   121  220   99  115  0.37 0.32 0.31 0.38
12 20:14:02 20  640    78  151   69   72   124  218  102  116  0.37 0.31 0.32 0.38
13 20:14:22 20  704    79  153   71   74   114  219  106  122  0.31 0.30 0.33 0.39
14 20:14:42 20  832    83  156   74   78   119  218  104  124  0.30 0.28 0.29 0.37
;            Ch1    Ch2    Ch3    Ch4      blue   green  brown
;  alpha:   1.328  1.039  1.197  1.329     1.108 -0.000  1.222
; ETRmax:   859.7 1294.8  786.7 1622.0    1208.1    0.0 1354.7
;     Ik:   647.3 1246.1  657.2 1220.4    1090.7    0.0 1108.6
;References: BL_US PMDA0174.REF2 GR_US PMDA0174.REF2 BR_US PMDA0174.REF2

;LTM 70m_06012017

01JUN2017  20:17:27  Gain: 20  Zoff: 168 197 118 131
No   Time    G  PAR    F1   F2   F3   F4   Fm1  Fm2  Fm3  Fm4    Y1   Y2   Y3   Y4
 1 20:17:40 20   64    61   56   48   51   120  110   96  108  0.49 0.49 0.50 0.53

01JUN2017  20:17:45  Gain: 20  Zoff: 168 197 118 131
No   Time    G  PAR    F1   F2   F3   F4   Fm1  Fm2  Fm3  Fm4    Y1   Y2   Y3   Y4
 1 20:17:46 20   64    62   56   50   53   124  108   96  113  0.50 0.48 0.48 0.53
 2 20:18:07 20   16    49   49   42   42   136  121  104  127  0.64 0.60 0.60 0.67
 3 20:18:28 20   64    63   57   50   52   131  115  102  115  0.52 0.50 0.51 0.55
 4 20:18:48 20  128    67   59   53   57   119  113   90  113  0.44 0.48 0.41 0.50
 5 20:19:08 20  192    70   60   56   60   120  107   96  110  0.42 0.44 0.42 0.45
 6 20:19:28 20  256    73   62   59   62   113  108   90  111  0.35 0.43 0.34 0.44
 7 20:19:49 20  320    78   64   61   66   123  110   96  111  0.37 0.42 0.36 0.41
 8 20:20:09 20  384    81   66   64   69   119  109   96  109  0.32 0.39 0.33 0.37
 9 20:20:29 20  448    81   64   65   70   115  102   96  108  0.30 0.37 0.32 0.35
10 20:20:50 20  512    80   63   65   70   112   96   96  105  0.29 0.34 0.32 0.33
11 20:21:10 20  576    80   62   66   70   110   96   89  109  0.27 0.35 0.26 0.36
12 20:21:30 20  640    81   63   67   71   112   98   88  104  0.28 0.36 0.24 0.32
13 20:21:50 20  704    81   62   68   73   106   95   94  110  0.24 0.35 0.28 0.34
14 20:22:11 20  832    82   61   71   75   109   93   97  115  0.25 0.34 0.27 0.35
;            Ch1    Ch2    Ch3    Ch4      blue   green  brown
;  alpha:   1.251  1.156  1.176  1.260     1.063 -0.000  1.158
; ETRmax:   693.9 1369.1  805.8 1158.4    1505.3    0.0 3970.6
;     Ik:   554.7 1184.6  685.1  919.5    1415.6    0.0 3429.1
;References: BL_US PMDA0174.REF2 GR_US PMDA0174.REF2 BR_US PMDA0174.REF2

;LTM 80m_06012017

01JUN2017  20:24:42  Gain: 20  Zoff: 168 197 118 131
No   Time    G  PAR    F1   F2   F3   F4   Fm1  Fm2  Fm3  Fm4    Y1   Y2   Y3   Y4
 1 20:24:53 20   64    82   58   58   61   139  108  103  116  0.41 0.46 0.44 0.47

01JUN2017  20:24:57  Gain: 20  Zoff: 168 197 118 131
No   Time    G  PAR    F1   F2   F3   F4   Fm1  Fm2  Fm3  Fm4    Y1   Y2   Y3   Y4
 1 20:24:57 20   64    83   58   59   62   144   96   97  123  0.42 0.40 0.39 0.50
 2 20:25:19 20   16    67   49   50   51   154  109  112  126  0.56 0.55 0.55 0.60
 3 20:25:39 20   64    83   58   59   62   146  104  103  119  0.43 0.44 0.43 0.48
 4 20:25:59 20  128    87   60   63   65   141   99  105  120  0.38 0.39 0.40 0.46
 5 20:26:20 20  192    91   61   66   69   134   98  100  114  0.32 0.38 0.34 0.39
 6 20:26:40 20  256    93   61   68   72   131   93  101  116  0.29 0.34 0.33 0.38
 7 20:27:00 20  320    94   61   70   74   131   92  101  114  0.28 0.34 0.31 0.35
 8 20:27:20 20  384    94   60   71   75   128   92   98  114  0.27 0.35 0.28 0.34
 9 20:27:41 20  448    93   58   70   75   120   91  100  106  0.23 0.36 0.30 0.29
10 20:28:01 20  512    94   58   71   75   123   89   96  109  0.24 0.35 0.26 0.31
11 20:28:21 20  576    96   58   73   77   130   87   96  114  0.26 0.33 0.24 0.32
12 20:28:42 20  640    99   59   75   80   128   83  102  117  0.23 0.29 0.26 0.32
13 20:29:02 20  704   100   59   77   82   131   85  103  119  0.24 0.31 0.25 0.31
14 20:29:22 20  832   102   58   81   85   126   80  104  121  0.19 0.28 0.22 0.30
;            Ch1    Ch2    Ch3    Ch4      blue   green  brown
;  alpha:   1.021  0.967  1.009  1.098     0.909  1.468  0.881
; ETRmax:   594.6  860.7  566.9 1117.6    4134.5  284.0 1901.2
;     Ik:   582.2  889.7  562.0 1017.8    4549.5  193.5 2157.4
;References: BL_US PMDA0174.REF2 GR_US PMDA0174.REF2 BR_US PMDA0174.REF2

;LTM 90m_06012017

01JUN2017  20:31:43  Gain: 20  Zoff: 168 197 118 131
No   Time    G  PAR    F1   F2   F3   F4   Fm1  Fm2  Fm3  Fm4    Y1   Y2   Y3   Y4
 1 20:31:54 20   64    83   87   74   77   154  170  134  154  0.46 0.49 0.45 0.50

01JUN2017  20:32:04  Gain: 20  Zoff: 168 197 118 131
No   Time    G  PAR    F1   F2   F3   F4   Fm1  Fm2  Fm3  Fm4    Y1   Y2   Y3   Y4
 1 20:32:05 20   64    84   85   74   78   153  164  130  148  0.45 0.48 0.43 0.47
 2 20:32:26 20   16    68   73   63   64   161  158  135  160  0.58 0.54 0.53 0.60
 3 20:32:47 20   64    78   81   67   71   152  164  131  147  0.49 0.51 0.49 0.52
 4 20:33:07 20  128    85   88   79   82   154  170  142  155  0.45 0.48 0.44 0.47
 5 20:33:27 20  192    89   91   84   88   144  167  138  150  0.38 0.46 0.39 0.41
 6 20:33:48 20  256    89   89   84   88   136  158  131  150  0.35 0.44 0.36 0.41
 7 20:34:08 20  320    89   90   86   89   133  156  129  147  0.33 0.42 0.33 0.39
 8 20:34:28 20  384    86   88   83   87   125  147  118  138  0.31 0.40 0.30 0.37
 9 20:34:48 20  448    83   85   77   81   120  146  112  124  0.31 0.42 0.31 0.35
10 20:35:09 20  512    83   84   75   80   120  147  115  126  0.31 0.43 0.35 0.37
11 20:35:29 20  576    84   85   80   84   123  137  120  132  0.32 0.38 0.33 0.36
12 20:35:49 20  640    84   86   84   88   123  138  120  132  0.32 0.38 0.30 0.33
13 20:36:10 20  704    83   85   85   89   117  135  120  132  0.29 0.37 0.29 0.33
14 20:36:30 20  832    86   86   89   93   121  134  120  132  0.29 0.36 0.26 0.30
;            Ch1    Ch2    Ch3    Ch4      blue   green  brown
;  alpha:   1.083  1.487  1.103  1.161     1.058 -0.000  1.491
; ETRmax:  1039.7  773.2 1007.3  805.5     859.7    0.0  723.7
;     Ik:   960.3  519.9  912.9  693.7     812.4    0.0  485.3
;References: BL_US PMDA0174.REF2 GR_US PMDA0174.REF2 BR_US PMDA0174.REF2

;LTM 100m_06012017

01JUN2017  20:38:50  Gain: 20  Zoff: 168 197 118 131
No   Time    G  PAR    F1   F2   F3   F4   Fm1  Fm2  Fm3  Fm4    Y1   Y2   Y3   Y4
 1 20:39:02 20   64    58  109   61   63   120  194  120  135  0.52 0.44 0.49 0.53

01JUN2017  20:39:06  Gain: 20  Zoff: 168 197 118 131
No   Time    G  PAR    F1   F2   F3   F4   Fm1  Fm2  Fm3  Fm4    Y1   Y2   Y3   Y4
 1 20:39:06 20   64    59  109   63   64   122  193  126  140  0.52 0.44 0.50 0.54
 2 20:39:28 20   16    56  103   65   64   136  185  133  148  0.59 0.44 0.51 0.57
 3 20:39:48 20   64    56  109   63   63   125  205  122  138  0.55 0.47 0.48 0.54
 4 20:40:08 20  128    54  109   59   60   108  194  109  121  0.50 0.44 0.46 0.50
 5 20:40:28 20  192    53  109   58   59   105  190  109  117  0.50 0.43 0.47 0.50
 6 20:40:49 20  256    52  110   62   62    98  187  113  120  0.47 0.41 0.45 0.48
 7 20:41:09 20  320    54  111   64   65    94  187  107  116  0.43 0.41 0.40 0.44
 8 20:41:29 20  384    53  111   65   65    97  187  107  116  0.45 0.41 0.39 0.44
 9 20:41:49 20  448    53  111   64   65    96  179  104  112  0.45 0.38 0.38 0.42
10 20:42:10 20  512    54  112   63   64    96  179  103  115  0.44 0.37 0.39 0.44
11 20:42:30 20  576    55  114   65   66    94  179  104  117  0.41 0.36 0.38 0.44
12 20:42:50 20  640    57  116   69   69    93  173  104  110  0.39 0.33 0.34 0.37
13 20:43:11 20  704    57  117   71   71    92  178  105  114  0.38 0.34 0.32 0.38
14 20:43:31 20  832    55  117   74   74    87  175  102  116  0.37 0.33 0.27 0.36
;            Ch1    Ch2    Ch3    Ch4      blue   green  brown
;  alpha:   1.243  1.044  1.099  1.564     1.106 -0.000  1.202
; ETRmax:  2000.9  930.0  569.4  852.8     546.2    0.0 2231.0
;     Ik:  1609.3  890.6  518.2  545.4     493.9    0.0 1856.3
;References: BL_US PMDA0174.REF2 GR_US PMDA0174.REF2 BR_US PMDA0174.REF2

;LTM 110m_06012017

01JUN2017  20:46:21  Gain: 20  Zoff: 168 197 118 131
No   Time    G  PAR    F1   F2   F3   F4   Fm1  Fm2  Fm3  Fm4    Y1   Y2   Y3   Y4
 1 20:46:32 20   64    -4    4    8    5    25   30   36   41  ---- ---- ---- ----

01JUN2017  20:46:38  Gain: 20  Zoff: 168 197 118 131
No   Time    G  PAR    F1   F2   F3   F4   Fm1  Fm2  Fm3  Fm4    Y1   Y2   Y3   Y4
 1 20:46:39 20   64    -3    3   10    7    29   35   40   44  ---- ---- ---- ----
 2 20:47:00 20   16    -6    2    8    5    23   32   39   42  ---- ---- ---- ----
 3 20:47:20 20   64    -5    3    8    5    23   34   33   39  ---- ---- ---- ----
 4 20:47:41 20  128    -2    3   10    7    24   33   39   44  ---- ---- ---- ----
 5 20:48:01 20  192    -2    4   11    8    23   41   34   47  ---- ---- ---- ----
 6 20:48:21 20  256    -1    3   13   10    26   27   39   49  ---- ---- ---- ----
 7 20:48:42 20  320     0    3   14   12    24   26   40   46  ---- ---- ---- ----
 8 20:49:02 20  384     1    2   15   13    29   24   35   47  ---- ---- ---- ----
 9 20:49:22 20  448     2    1   17   14    24   27   44   41  ---- ---- ---- ----
10 20:49:42 20  512     2    0   18   15    27   28   37   44  ---- ---- ---- ----
11 20:50:03 20  576     3   -1   19   17    31   27   40   47  ---- ---- ---- ----
12 20:50:23 20  640     4   -1   20   18    31   19   41   50  ---- ---- ---- ----
13 20:50:43 20  704     4   -2   21   19    27   26   49   51  ---- ---- 0.57 ----
14 20:51:04 20  832     5   -4   24   22    27   18   48   55  ---- ---- 0.50 0.60
;            Ch1    Ch2    Ch3    Ch4      blue   green  brown
;  alpha:  -0.000 -0.000  1.999  3.758     1.955 -0.000 -0.000
; ETRmax:     0.0    0.0  937.2 1145.9    3220.7    0.0    0.0
;     Ik:     0.0    0.0  468.8  304.9    1647.3    0.0    0.0
;References: BL_US PMDA0174.REF2 GR_US PMDA0174.REF2 BR_US PMDA0174.REF2

;LTM 120m_06012017

01JUN2017  20:53:20  Gain: 20  Zoff: 168 197 118 131
No   Time    G  PAR    F1   F2   F3   F4   Fm1  Fm2  Fm3  Fm4    Y1   Y2   Y3   Y4
 1 20:53:31 20   64    -5    3    9    7    24   30   34   49  ---- ---- ---- ----

01JUN2017  20:53:37  Gain: 20  Zoff: 168 197 118 131
No   Time    G  PAR    F1   F2   F3   F4   Fm1  Fm2  Fm3  Fm4    Y1   Y2   Y3   Y4
 1 20:53:37 20   64    -4    3   11    9    27   29   39   44  ---- ---- ---- ----
 2 20:53:59 20   16    -7    2    9    5    23   32   39   44  ---- ---- ---- ----
 3 20:54:19 20   64    -5    3   10    7    24   32   37   48  ---- ---- ---- ----
 4 20:54:39 20  128    -5    2   10    8    23   29   33   44  ---- ---- ---- ----
 5 20:55:00 20  192    -5    2   12    9    24   28   37   45  ---- ---- ---- ----
 6 20:55:20 20  256    -2    2   13   11    24   26   40   46  ---- ---- ---- ----
 7 20:55:40 20  320    -3    0   14   12    24   30   38   44  ---- ---- ---- ----
 8 20:56:01 20  384    -2    0   16   13    22   23   40   51  ---- ---- ---- ----
 9 20:56:21 20  448    -2    0   17   15    26   27   38   50  ---- ---- ---- ----
10 20:56:41 20  512    -1   -1   18   16    24   19   38   50  ---- ---- ---- ----
11 20:57:01 20  576     0   -2   19   17    27   29   45   45  ---- ---- ---- ----
12 20:57:22 20  640     2   -1   22   20    25   26   47   52  ---- ---- 0.53 ----
13 20:57:42 20  704     4   -1   24   22    24   27   48   56  ---- ---- 0.50 0.61
14 20:58:02 20  832     4   -3   25   24    25   21   48   53  ---- ---- 0.48 0.55
;            Ch1    Ch2    Ch3    Ch4      blue   green  brown
;  alpha:  -0.000 -0.000  1.493  1.967     1.915 -0.000 -0.000
; ETRmax:     0.0    0.0 1103.6 1080.5    1770.6    0.0    0.0
;     Ik:     0.0    0.0  739.3  549.5     924.8    0.0    0.0
;References: BL_US PMDA0174.REF2 GR_US PMDA0174.REF2 BR_US PMDA0174.REF2

;LTM 120m_06012017

01JUN2017  21:00:06  Gain: 20  Zoff: 168 197 118 131
No   Time    G  PAR    F1   F2   F3   F4   Fm1  Fm2  Fm3  Fm4    Y1   Y2   Y3   Y4
 1 21:00:17 20   64    -5    7   12    7    24   30   35   47  ---- ---- ---- ----

01JUN2017  21:00:21  Gain: 20  Zoff: 168 197 118 131
No   Time    G  PAR    F1   F2   F3   F4   Fm1  Fm2  Fm3  Fm4    Y1   Y2   Y3   Y4
 1 21:00:21 20   64    -4    7   14    9    23   36   40   49  ---- ---- ---- ----
 2 21:00:43 20   16    -5    7   15    9    24   36   42   50  ---- ---- ---- ----
 3 21:01:03 20   64    -4    7   13    8    21   34   31   43  ---- ---- ---- ----
 4 21:01:23 20  128    -4    5   12    8    24   36   32   45  ---- ---- ---- ----
 5 21:01:44 20  192    -3    5   14   10    24   33   39   37  ---- ---- ---- ----
 6 21:02:04 20  256    -2    5   15   11    22   28   39   46  ---- ---- ---- ----
 7 21:02:24 20  320    -1    4   16   12    24   27   43   46  ---- ---- ---- ----
 8 21:02:44 20  384    -1    4   18   14    24   32   42   45  ---- ---- ---- ----
 9 21:03:05 20  448     1    3   20   16    21   27   46   47  ---- ---- ---- ----
10 21:03:25 20  512     1    2   21   17    25   27   44   52  ---- ---- 0.52 ----
11 21:03:45 20  576     2    1   22   18    24   26   47   47  ---- ---- 0.53 ----
12 21:04:05 20  640     2    0   23   19    25   29   46   56  ---- ---- 0.50 ----
13 21:04:26 20  704     3    0   24   21    28   25   48   52  ---- ---- 0.50 0.60
14 21:04:46 20  832     5   -1   27   24    30   19   48   53  ---- ---- 0.44 0.55
;            Ch1    Ch2    Ch3    Ch4      blue   green  brown
;  alpha:  -0.000 -0.000  1.513  1.846     1.691 -0.000 -0.000
; ETRmax:     0.0    0.0 1026.7 1149.4    1269.1    0.0    0.0
;     Ik:     0.0    0.0  678.5  622.5     750.4    0.0    0.0
;References: BL_US PMDA0174.REF2 GR_US PMDA0174.REF2 BR_US PMDA0174.REF2

;LTM 140m_06012017

01JUN2017  21:08:05  Gain: 20  Zoff: 168 197 118 131
No   Time    G  PAR    F1   F2   F3   F4   Fm1  Fm2  Fm3  Fm4    Y1   Y2   Y3   Y4
 1 21:08:16 20   64    -3    9   10    7    28   42   36   44  ---- ---- ---- ----

01JUN2017  21:08:21  Gain: 20  Zoff: 168 197 118 131
No   Time    G  PAR    F1   F2   F3   F4   Fm1  Fm2  Fm3  Fm4    Y1   Y2   Y3   Y4
 1 21:08:21 20   64    -2    9   11    9    27   35   39   42  ---- ---- ---- ----
 2 21:08:43 20   16    -4    8   10    6    24   39   40   51  ---- ---- ---- ----
 3 21:09:03 20   64    -3    9   10    7    26   43   39   41  ---- ---- ---- ----
 4 21:09:23 20  128    -2   10   12    9    25   47   40   52  ---- ---- ---- ----
 5 21:09:44 20  192     1   11   14   11    28   40   34   52  ---- ---- ---- ----
 6 21:10:04 20  256     1   10   15   12    25   40   40   44  ---- ---- ---- ----
 7 21:10:24 20  320     0    8   15   13    24   42   37   46  ---- ---- ---- ----
 8 21:10:45 20  384     1    8   16   14    24   35   41   48  ---- ---- ---- ----
 9 21:11:05 20  448     2    7   18   15    26   32   40   46  ---- ---- ---- ----
10 21:11:25 20  512     2    7   19   17    30   35   41   49  ---- ---- ---- ----
11 21:11:45 20  576     3    7   21   19    30   32   45   51  ---- ---- 0.53 ----
12 21:12:06 20  640     5    6   22   20    29   35   42   51  ---- ---- 0.48 ----
13 21:12:26 20  704     5    6   23   22    26   35   45   57  ---- ---- 0.49 0.61
14 21:12:46 20  832     7    5   26   24    32   28   47   55  ---- ---- 0.45 0.56
;            Ch1    Ch2    Ch3    Ch4      blue   green  brown
;  alpha:  -0.000 -0.000  1.535  1.901     1.661 17.856 -0.000
; ETRmax:     0.0    0.0  981.1 1184.1     523.6 2572.6    0.0
;     Ik:     0.0    0.0  639.1  623.0     315.2  144.1    0.0
;References: BL_US PMDA0174.REF2 GR_US PMDA0174.REF2 BR_US PMDA0174.REF2