Gain: 23  Zoff: -33 31 555 -115
;LTK 0m_02212017
21FEB2017  15:03:55  Gain: 23  Zoff: -33 31 555 -115
No   Time    G  PAR    F1   F2   F3   F4   Fm1  Fm2  Fm3  Fm4    Y1   Y2   Y3   Y4
 1 15:12:11 23   64   317  391  246  278   566  653  422  515  0.44 0.40 0.42 0.46

21FEB2017  15:12:15  Gain: 23  Zoff: -33 31 555 -115
No   Time    G  PAR    F1   F2   F3   F4   Fm1  Fm2  Fm3  Fm4    Y1   Y2   Y3   Y4
 1 15:12:16 23   64   322  395  248  281   584  679  431  522  0.45 0.42 0.42 0.46
 2 15:12:37 23   16   360  407  253  288   648  654  446  547  0.44 0.38 0.43 0.47
 3 15:12:58 23   64   301  380  234  267   549  642  414  502  0.45 0.41 0.43 0.47
 4 15:13:18 23  128   304  389  243  275   513  648  393  485  0.41 0.40 0.38 0.43
 5 15:13:38 23  192   336  411  253  289   547  675  397  483  0.39 0.39 0.36 0.40
 6 15:13:58 23  256   363  438  265  307   575  694  407  497  0.37 0.37 0.35 0.38
 7 15:14:19 23  320   366  452  271  317   527  681  374  492  0.31 0.34 0.28 0.36
 8 15:14:39 23  384   339  432  262  301   471  642  379  469  0.28 0.33 0.31 0.36
 9 15:14:59 23  448   315  421  257  291   434  619  359  415  0.27 0.32 0.28 0.30
10 15:15:20 23  512   313  415  265  298   420  584  359  438  0.25 0.29 0.26 0.32
11 15:15:40 23  576   308  412  264  299   395  566  337  396  0.22 0.27 0.22 0.24
12 15:16:00 23  640   296  405  255  288   377  555  344  399  0.21 0.27 0.26 0.28
13 15:16:20 23  704   294  404  255  290   369  541  331  392  0.20 0.25 0.23 0.26
14 15:16:41 23  832   232  368  204  266   326  562  315  398  0.29 0.35 0.35 0.33
;            Ch1    Ch2    Ch3    Ch4      blue   green  brown
;  alpha:   0.780  0.863  0.733  0.911     0.724 -0.000  0.923
; ETRmax:   385.5  814.1  915.2  541.6    1659.2    0.0  529.9
;     Ik:   494.5  942.8 1248.3  594.2    2292.7    0.0  573.9
;References: BL_US PMDA0174.REF2 GR_US PMDA0174.REF2 BR_US PMDA0174.REF2

;LTK 10m_02212017

21FEB2017  15:19:04  Gain: 23  Zoff: -33 31 555 -115
No   Time    G  PAR    F1   F2   F3   F4   Fm1  Fm2  Fm3  Fm4    Y1   Y2   Y3   Y4
 1 15:19:22 23   64   454  429  321  360   946  879  658  797  0.52 0.51 0.51 0.55

21FEB2017  15:19:26  Gain: 23  Zoff: -33 31 555 -115
No   Time    G  PAR    F1   F2   F3   F4   Fm1  Fm2  Fm3  Fm4    Y1   Y2   Y3   Y4
 1 15:19:26 23   64   462  435  332  372   946  872  670  800  0.51 0.50 0.50 0.54
 2 15:19:48 23   16   448  408  327  362  1001  808  695  805  0.55 0.50 0.53 0.55
 3 15:20:08 23   64   444  424  318  357   970  868  669  786  0.54 0.51 0.52 0.55
 4 15:20:29 23  128   469  442  341  381   888  847  619  752  0.47 0.48 0.45 0.49
 5 15:20:49 23  192   433  425  319  359   733  764  530  631  0.41 0.44 0.40 0.43
 6 15:21:09 23  256   459  440  333  373   809  801  548  658  0.43 0.45 0.39 0.43
 7 15:21:30 23  320   484  463  356  403   708  757  527  637  0.32 0.39 0.32 0.37
 8 15:21:50 23  384   466  455  351  398   694  738  506  622  0.33 0.38 0.31 0.36
 9 15:22:10 23  448   468  454  351  398   700  731  506  612  0.33 0.38 0.31 0.35
10 15:22:30 23  512   482  459  354  399   663  696  483  575  0.27 0.34 0.27 0.31
11 15:22:51 23  576   470  455  347  393   618  669  469  541  0.24 0.32 0.26 0.27
12 15:23:11 23  640   439  443  342  385   605  661  448  550  0.27 0.33 0.24 0.30
13 15:23:31 23 3294   431  440  341  384   570  646  438  543  0.24 0.32 0.22 0.29
14 15:23:51 23  832   348  385  269  344   495  633  410  515  0.30 0.39 0.34 0.33
;            Ch1    Ch2    Ch3    Ch4      blue   green  brown
;  alpha:   0.943  0.979  0.962  0.979     0.797 -0.000  0.981
; ETRmax:   288.1  452.6  437.0  334.1     206.6    0.0  401.0
;     Ik:   305.5  462.5  454.2  341.4     259.2    0.0  408.7
;References: BL_US PMDA0174.REF2 GR_US PMDA0174.REF2 BR_US PMDA0174.REF2

;LTK 20m_02212017

21FEB2017  15:26:26  Gain: 23  Zoff: -33 31 555 -115
No   Time    G  PAR    F1   F2   F3   F4   Fm1  Fm2  Fm3  Fm4    Y1   Y2   Y3   Y4
 1 15:26:39 23   64   378  406  272  306   755  846  516  623  0.50 0.52 0.47 0.51

21FEB2017  15:26:42  Gain: 23  Zoff: -33 31 555 -115
No   Time    G  PAR    F1   F2   F3   F4   Fm1  Fm2  Fm3  Fm4    Y1   Y2   Y3   Y4
 1 15:26:43 23   64   375  406  271  306   741  828  517  624  0.49 0.51 0.48 0.51
 2 15:27:04 23   16   332  362  249  281   808  791  536  663  0.59 0.54 0.54 0.58
 3 15:27:25 23   64   375  406  277  312   840  885  594  700  0.55 0.54 0.53 0.55
 4 15:27:45 23  128   341  392  260  294   643  811  473  562  0.47 0.52 0.45 0.48
 5 15:28:05 23  192   345  393  260  296   648  792  467  583  0.47 0.50 0.44 0.49
 6 15:28:25 23  256   356  406  276  314   626  777  466  573  0.43 0.48 0.41 0.45
 7 15:28:46 23  320   353  401  273  311   590  721  431  538  0.40 0.44 0.37 0.42
 8 15:29:06 23  384   368  416  287  327   599  730  438  538  0.39 0.43 0.34 0.39
 9 15:29:26 23  448   370  421  291  328   578  729  443  536  0.36 0.42 0.34 0.39
10 15:29:47 23  512   371  422  290  330   535  703  404  515  0.31 0.40 0.28 0.36
11 15:30:07 23  576   359  420  290  328   524  676  411  498  0.31 0.38 0.29 0.34
12 15:30:27 23  640   381  429  306  347   530  687  428  515  0.28 0.38 0.29 0.33
13 15:30:47 23  704   380  434  300  343   488  659  397  475  0.22 0.34 0.24 0.28
14 15:31:08 23  832   284  385  230  298   448  645  365  453  0.37 0.40 0.37 0.34
;            Ch1    Ch2    Ch3    Ch4      blue   green  brown
;  alpha:   1.323  1.268  1.239  1.308     0.957 -0.000  1.344
; ETRmax:   896.8 1693.1  898.3 1108.2     779.5    0.0 1407.8
;     Ik:   678.1 1335.2  725.1  847.1     814.4    0.0 1047.6
;References: BL_US PMDA0174.REF2 GR_US PMDA0174.REF2 BR_US PMDA0174.REF2

;LTK 30m_02212017

21FEB2017  15:34:29  Gain: 23  Zoff: -33 31 555 -115
No   Time    G  PAR    F1   F2   F3   F4   Fm1  Fm2  Fm3  Fm4    Y1   Y2   Y3   Y4
 1 15:34:45 23   64   196  348  177  200   469  753  378  475  0.58 0.54 0.53 0.58

21FEB2017  15:34:56  Gain: 23  Zoff: -33 31 555 -115
No   Time    G  PAR    F1   F2   F3   F4   Fm1  Fm2  Fm3  Fm4    Y1   Y2   Y3   Y4
 1 15:34:56 23   64   204  350  182  206   504  757  387  466  0.60 0.54 0.53 0.56
 2 15:35:18 23   16   178  325  165  187   488  679  356  441  0.64 0.52 0.54 0.58
 3 15:35:38 23   64   192  350  176  199   484  761  367  480  0.60 0.54 0.52 0.59
 4 15:35:59 23  128   210  361  188  215   453  757  371  450  0.54 0.52 0.49 0.52
 5 15:36:19 23  192   212  361  188  214   421  721  343  442  0.50 0.50 0.45 0.52
 6 15:36:39 23  256   223  375  199  227   426  742  366  433  0.48 0.49 0.46 0.48
 7 15:36:59 23  320   239  397  215  245   416  750  346  455  0.43 0.47 0.38 0.46
 8 15:37:20 23  384   229  397  213  244   396  706  346  404  0.42 0.44 0.38 0.40
 9 15:37:40 23  448   231  397  214  245   374  690  333  401  0.38 0.42 0.36 0.39
10 15:38:00 23  512   231  398  215  246   360  677  330  408  0.36 0.41 0.35 0.40
11 15:38:21 23  576   235  403  219  251   354  663  315  395  0.34 0.39 0.30 0.36
12 15:38:41 23  640   240  411  225  258   360  663  323  410  0.33 0.38 0.30 0.37
13 15:39:01 23    1   174  434  224  239   330  651  305  382  0.47 0.33 0.27 0.37
14 15:39:21 23  832   176  384  177  237   291  649  308  380  0.40 0.41 0.43 0.38
;            Ch1    Ch2    Ch3    Ch4      blue   green  brown
;  alpha:   1.149  0.996  1.060  1.077     0.831 -0.000  1.162
; ETRmax:   702.2  363.1  379.7 1170.6     289.6    0.0  582.5
;     Ik:   610.9  364.6  358.3 1087.4     348.4    0.0  501.1
;References: BL_US PMDA0174.REF2 GR_US PMDA0174.REF2 BR_US PMDA0174.REF2

;LTK 40m_02212017

21FEB2017  15:41:34  Gain: 23  Zoff: -33 31 555 -115
No   Time    G  PAR    F1   F2   F3   F4   Fm1  Fm2  Fm3  Fm4    Y1   Y2   Y3   Y4
 1 15:41:46 23   64    92   92   88  105   191  185  143  190  0.52 0.50 0.38 0.45

21FEB2017  15:41:52  Gain: 23  Zoff: -33 31 555 -115
No   Time    G  PAR    F1   F2   F3   F4   Fm1  Fm2  Fm3  Fm4    Y1   Y2   Y3   Y4
 1 15:41:52 23   64    94   90   91  107   196  176  149  202  0.52 0.49 0.39 0.47
 2 15:42:14 23   16    77   80   82   94   217  185  170  218  0.65 0.57 0.52 0.57
 3 15:42:34 23   64    89   91   87  101   189  192  151  210  0.53 0.53 0.42 0.52
 4 15:42:54 23  128   100   94   95  112   183  180  139  204  0.45 0.48 0.32 0.45
 5 15:43:15 23  192    97   91   97  112   153  158  128  198  0.37 0.42 0.24 0.43
 6 15:43:35 23  256    97   92   97  113   157  170  143  191  0.38 0.46 0.32 0.41
 7 15:43:55 23  320   105   94  103  120   165  159  145  200  0.36 0.41 0.29 0.40
 8 15:44:16 23  384   109   97  105  124   159  148  141  198  0.31 0.34 0.26 0.37
 9 15:44:36 23  448   103   92  106  122   141  139  132  176  0.27 0.34 0.20 0.31
10 15:44:56 23  512   103   90  107  124   140  136  132  199  0.26 0.34 0.19 0.38
11 15:45:16 23  576   105   91  107  125   159  143  142  191  0.34 0.36 0.25 0.35
12 15:45:37 23  640   103   89  107  125   140  130  129  193  0.26 0.32 0.17 0.35
13 15:45:57 23  704   106   91  111  129   151  144  139  194  0.30 0.37 0.20 0.34
14 15:46:17 23  832    75   76   88  128   124  147  139  199  0.40 0.48 0.37 0.36
;            Ch1    Ch2    Ch3    Ch4      blue   green  brown
;  alpha:   1.127  1.103  0.992  1.126     0.775 -0.000  1.232
; ETRmax:  1016.5 2036.7  506.5 1057.4    1207.8    0.0 1518.1
;     Ik:   902.2 1846.1  510.3  939.5    1558.0    0.0 1231.8
;References: BL_US PMDA0174.REF2 GR_US PMDA0174.REF2 BR_US PMDA0174.REF2

;LTK 50m_02212017

21FEB2017  15:49:52  Gain: 23  Zoff: -33 31 555 -115
No   Time    G  PAR    F1   F2   F3   F4   Fm1  Fm2  Fm3  Fm4    Y1   Y2   Y3   Y4
 1 15:50:04 23   64   121  116  108  124   234  223  191  265  0.48 0.48 0.43 0.53

21FEB2017  15:50:09  Gain: 23  Zoff: -33 31 555 -115
No   Time    G  PAR    F1   F2   F3   F4   Fm1  Fm2  Fm3  Fm4    Y1   Y2   Y3   Y4
 1 15:50:10 23   64   119  113  108  124   238  227  187  239  0.50 0.50 0.42 0.48
 2 15:50:31 23   16   102  106   98  111   265  236  218  281  0.62 0.55 0.55 0.60
 3 15:50:52 23   64   122  117  109  126   245  245  186  272  0.50 0.52 0.41 0.54
 4 15:51:12 23  128   125  119  113  129   221  205  182  240  0.43 0.42 0.38 0.46
 5 15:51:32 23  192   119  112  109  125   195  207  167  226  0.39 0.46 0.35 0.45
 6 15:51:52 23  256   128  117  115  132   200  194  148  230  0.36 0.40 0.22 0.43
 7 15:52:13 23  320   133  120  121  140   214  191  169  219  0.38 0.37 0.28 0.36
 8 15:52:33 23  384   135  120  123  142   199  195  172  213  0.32 0.38 0.28 0.33
 9 15:52:53 23  448   136  120  124  144   192  175  173  215  0.29 0.31 0.28 0.33
10 15:53:13 23  512   134  118  125  143   167  187  177  216  0.20 0.37 0.29 0.34
11 15:53:34 23  576   134  119  125  145   180  188  167  206  0.26 0.37 0.25 0.30
12 15:53:54 23  640   133  118  126  145   166  179  149  233  0.20 0.34 0.15 0.38
13 15:54:14 23  704   130  117  125  145   166  167  160  206  0.22 0.30 0.22 0.30
14 15:54:35 23  832   103  103  104  146   156  162  145  212  0.34 0.36 0.28 0.31
;            Ch1    Ch2    Ch3    Ch4      blue   green  brown
;  alpha:   0.911  0.979  0.775  0.958     0.742 -0.000  1.030
; ETRmax:   237.8  538.2  310.6  436.8     434.6    0.0  449.2
;     Ik:   260.9  549.8  401.0  455.8     585.7    0.0  436.1
;References: BL_US PMDA0174.REF2 GR_US PMDA0174.REF2 BR_US PMDA0174.REF2

;LTK 60m_02212017

21FEB2017  15:57:32  Gain: 23  Zoff: -33 31 555 -115
No   Time    G  PAR    F1   F2   F3   F4   Fm1  Fm2  Fm3  Fm4    Y1   Y2   Y3   Y4
 1 15:57:46 23   64   154  107  137  156   289  200  236  275  0.47 0.47 0.42 0.43

21FEB2017  15:57:53  Gain: 23  Zoff: -33 31 555 -115
No   Time    G  PAR    F1   F2   F3   F4   Fm1  Fm2  Fm3  Fm4    Y1   Y2   Y3   Y4
 1 15:57:54 23   64   157  107  140  160   268  204  218  293  0.41 0.48 0.36 0.45
 2 15:58:15 23   16   112   82  111  125   315  234  246  299  0.64 0.65 0.55 0.58
 3 15:58:35 23   64   158  109  139  161   282  210  230  281  0.44 0.48 0.40 0.43
 4 15:58:56 23  128   164  110  143  166   254  201  201  275  0.35 0.45 0.29 0.40
 5 15:59:16 23  192   166  111  146  168   251  191  209  255  0.34 0.42 0.30 0.34
 6 15:59:36 23  256   163  107  145  166   218  175  186  244  0.25 0.39 0.22 0.32
 7 15:59:56 23  320   170  110  151  174   241  174  198  249  0.29 0.37 0.24 0.30
 8 16:00:17 23  384   181  115  160  185   240  163  201  269  0.25 0.29 0.20 0.31
 9 16:00:37 23  448   169  107  153  177   216  143  194  233  0.22 0.25 0.21 0.24
10 16:00:57 23  512   158   97  145  167   207  155  176  233  0.24 0.37 0.18 0.28
11 16:01:18 23  576   163  102  150  173   219  159  200  253  0.26 0.36 0.25 0.32
12 16:01:38 23  640   171  109  159  184   211  160  191  241  0.19 0.32 0.17 0.24
13 16:01:58 23  704   165  102  154  180   199  154  178  238  0.17 0.34 0.13 0.24
14 16:02:18 23  832   121   75  122  169   169  127  169  215  0.28 0.41 0.28 0.21
;            Ch1    Ch2    Ch3    Ch4      blue   green  brown
;  alpha:   1.030  1.019  0.856  1.002     0.949  1.135  1.466
; ETRmax:   541.3 1828.4  523.2  800.6     647.4  645.9 1318.1
;     Ik:   525.4 1794.6  610.9  799.3     681.9  569.0  898.9
;References: BL_US PMDA0174.REF2 GR_US PMDA0174.REF2 BR_US PMDA0174.REF2

;LTK 70m_02212017

21FEB2017  16:05:01  Gain: 23  Zoff: -33 31 555 -115
No   Time    G  PAR    F1   F2   F3   F4   Fm1  Fm2  Fm3  Fm4    Y1   Y2   Y3   Y4
 1 16:05:15 23   64    -3    3   35   38    60   72   88  105  ---- ---- 0.60 0.64

21FEB2017  16:05:21  Gain: 23  Zoff: -33 31 555 -115
No   Time    G  PAR    F1   F2   F3   F4   Fm1  Fm2  Fm3  Fm4    Y1   Y2   Y3   Y4
 1 16:05:22 23    1    -1    1   38   41    56   51   70  109  ---- ---- 0.46 0.62
 2 16:05:43 23   16   -11   -1   32   33    79   61   85  124  ---- ---- 0.62 0.73
 3 16:06:04 23   64    -2    2   36   38    56   57   77  109  ---- ---- 0.53 0.65
 4 16:06:24 23  128     2    4   41   44    61   63   78   98  ---- ---- 0.47 0.55
 5 16:06:44 23  192     7    5   45   49    50   36   70  126  ---- ---- 0.36 0.61
 6 16:07:05 23  256     6    3   46   49    48   44   87  113  ---- ---- 0.47 0.57
 7 16:07:25 23  320     9    3   48   53    45   48   71  111  ---- ---- 0.32 0.52
 8 16:07:45 23  384     8    1   48   54    50   36   77  117  ---- ---- 0.38 0.54
 9 16:08:05 23  448     7   -1   49   54    46   47   66  107  ---- ---- 0.26 0.50
10 16:08:26 23  512    11    0   52   58    62   39   87  117  ---- ---- 0.40 0.50
11 16:08:46 23  576    14    1   56   62    38   44   80  116  ---- ---- 0.30 0.47
12 16:09:06 23  640    17    2   58   66    41   32   78  134  ---- ---- 0.26 0.51
13 16:09:27 23  704    17    0   59   66    48   33   91  108  ---- ---- 0.35 0.39
14 16:09:47 23  832   -10  -12   41   68    23   26   82   99  ---- ---- 0.50 0.31
;            Ch1    Ch2    Ch3    Ch4      blue   green  brown
;  alpha:  -0.000 -0.000  1.072  1.379     1.507  2.606 -0.000
; ETRmax:     0.0    0.0 1736.6  685.3    1540.0 1458.6    0.0
;     Ik:     0.0    0.0 1620.5  496.9    1022.1  559.7    0.0
;References: BL_US PMDA0174.REF2 GR_US PMDA0174.REF2 BR_US PMDA0174.REF2

;LTK 80m_02212017

21FEB2017  16:12:24  Gain: 23  Zoff: -33 31 555 -115
No   Time    G  PAR    F1   F2   F3   F4   Fm1  Fm2  Fm3  Fm4    Y1   Y2   Y3   Y4
 1 16:12:35 23   64   -14    4   28   29    39   81   74   96  ---- ---- 0.62 0.70

21FEB2017  16:12:40  Gain: 23  Zoff: -33 31 555 -115
No   Time    G  PAR    F1   F2   F3   F4   Fm1  Fm2  Fm3  Fm4    Y1   Y2   Y3   Y4
 1 16:12:41 23   64   -14    3   30   31    28   59   63  102  ---- ---- 0.52 0.70
 2 16:13:02 23   16   -18    1   27   26    45   66   86  101  ---- ---- 0.69 0.74
 3 16:13:22 23   64    -6   19   21   34    37   51   55  101  ---- ---- 0.62 0.66
 4 16:13:43 23 1996   -10    5   32   34    36   54   64   99  ---- ---- 0.50 0.66
 5 16:14:03 23  192   -11    1   33   35    23   54   64   96  ---- ---- 0.48 0.64
 6 16:14:23 23  256    -7    2   38   41    40   42   56  119  ---- ---- 0.32 0.66
 7 16:14:44 23  320    -5    3   40   43    41   44   65  102  ---- ---- 0.38 0.58
 8 16:15:04 23    1    26   62   11   58    29   27   81  106  ---- ---- ---- 0.45
 9 16:15:24 23  448    -9   -1   39   43    36   42   72   95  ---- ---- 0.46 0.55
10 16:15:44 23  512    -1    2   45   49    21   32   69  108  ---- ---- 0.35 0.55
11 16:16:05 23  576     1    1   48   53    15   51   76  101  ---- ---- 0.37 0.48
12 16:16:25 23  640     1    1   50   55    36   59   73  105  ---- ---- 0.32 0.48
13 16:16:45 23  704    -2   -2   48   54    19   27   64  109  ---- ---- 0.25 0.50
14 16:17:05 23  832   -27  -11   34   58    11   26   67   97  ---- ---- 0.49 0.40
;            Ch1    Ch2    Ch3    Ch4      blue   green  brown
;  alpha:  -0.000 -0.000  1.166  1.465     1.462 -0.000 -0.000
; ETRmax:     0.0    0.0 1548.9 1368.5    1555.7    0.0    0.0
;     Ik:     0.0    0.0 1328.1  933.8    1064.3    0.0    0.0
;References: BL_US PMDA0174.REF2 GR_US PMDA0174.REF2 BR_US PMDA0174.REF2

;LTK 90m_02212017

21FEB2017  16:19:24  Gain: 23  Zoff: -33 31 555 -115
No   Time    G  PAR    F1   F2   F3   F4   Fm1  Fm2  Fm3  Fm4    Y1   Y2   Y3   Y4
 1 16:19:35 23   64   -31  -16   20   19    28   51   71   93  ---- ---- ---- ----

21FEB2017  16:19:40  Gain: 23  Zoff: -33 31 555 -115
No   Time    G  PAR    F1   F2   F3   F4   Fm1  Fm2  Fm3  Fm4    Y1   Y2   Y3   Y4
 1 16:19:41 23   64   -27  -15   25   24    27   59   72   94  ---- ---- 0.65 0.74
 2 16:20:02 23   16   -40  -20   18   17    19   45   49   83  ---- ---- ---- ----
 3 16:20:22 23   64   -35  -19   19   17    20   25   76  104  ---- ---- ---- ----
 4 16:20:43 23  128   -24  -13   29   29    12   43   60   98  ---- ---- 0.52 0.70
 5 16:21:03 23  192   -31  -19   23   24     6   24   54   91  ---- ---- 0.57 0.74
 6 16:21:23 23  256   -23  -16   33   34    29   26   69  103  ---- ---- 0.52 0.67
 7 16:21:44 23  320   -24  -19   33   34     6   15   54   80  ---- ---- 0.39 0.57
 8 16:22:04 23  384   -28  -23   30   30     0   20   57   87  ---- ---- 0.47 0.66
 9 16:22:24 23  448   -28  -23   31   32     0    5   57   87  ---- ---- 0.46 0.63
10 16:22:44 23  512   -24  -22   34   36    15   26   80   91  ---- ---- 0.57 0.60
11 16:23:05 23  576   -17  -20   42   44     8   12   59  115  ---- ---- 0.29 0.62
12 16:23:25 23  640    -8  -16   51   53    30   13   78  106  ---- ---- 0.35 0.50
13 16:23:45 23  704    -9  -17   52   54    22   14   74  101  ---- ---- 0.30 0.47
14 16:24:06 23  832   -48  -37   22   43   -13    4   59   79  ---- ---- 0.63 0.46
;            Ch1    Ch2    Ch3    Ch4      blue   green  brown
;  alpha:  -0.000 -0.000  1.368  1.671     3.185 -0.000 -0.000
; ETRmax:     0.0    0.0 1930.8  893.2     714.5    0.0    0.0
;     Ik:     0.0    0.0 1411.2  534.5     224.3    0.0    0.0
;References: BL_US PMDA0174.REF2 GR_US PMDA0174.REF2 BR_US PMDA0174.REF2

;LTK 100m_02212017

21FEB2017  16:26:42  Gain: 23  Zoff: -33 31 555 -115
No   Time    G  PAR    F1   F2   F3   F4   Fm1  Fm2  Fm3  Fm4    Y1   Y2   Y3   Y4
 1 16:27:00 23 3294   -39  -16   12   12    13   42   47   65  ---- ---- ---- ----

21FEB2017  16:27:05  Gain: 23  Zoff: -33 31 555 -115
No   Time    G  PAR    F1   F2   F3   F4   Fm1  Fm2  Fm3  Fm4    Y1   Y2   Y3   Y4
 1 16:27:05 23   64   -37  -17   14   14     0   21   43   76  ---- ---- ---- ----
 2 16:27:27 23   16   -40  -16   13   10    27   36   44   79  ---- ---- ---- ----
 3 16:27:47 23   64   -35  -12   17   17    16   35   55   95  ---- ---- ---- ----
 4 16:28:07 23  128   -30  -11   21   22    -1   50   54   78  ---- ---- 0.61 0.72
 5 16:28:28 23  192   -28  -12   24   26    14   32   56   83  ---- ---- 0.57 0.69
 6 16:28:48 23  256   -24  -11   27   28     8   31   54   90  ---- ---- 0.50 0.69
 7 16:29:08 23  320   -29  -18   26   27    -4   18   48   79  ---- ---- 0.46 0.66
 8 16:29:28 23  384   -32  -21   24   25     2   13   57   82  ---- ---- 0.58 0.70
 9 16:29:49 23  448   -30  -21   26   26    -3   11   47   69  ---- ---- 0.45 0.62
10 16:30:09 23  512   -28  -21   28   29    -4   12   57   78  ---- ---- 0.51 0.63
11 16:30:29 23  576   -28  -22   30   30    -6    4   56   92  ---- ---- 0.46 0.67
12 16:30:50 23  640   -26  -22   32   33   -11   17   63   89  ---- ---- 0.49 0.63
13 16:31:10 23  704   -26  -23   34   36    -8   16   55   87  ---- ---- 0.38 0.59
14 16:31:30 23  832   -53  -36   16   36   -15   -1   61   97  ---- ---- ---- 0.63
;            Ch1    Ch2    Ch3    Ch4      blue   green  brown
;  alpha:  -0.000 -0.000  1.430  1.635    -0.000 -0.000 -0.000
; ETRmax:     0.0    0.0 2119.4 5155.2       0.0    0.0    0.0
;     Ik:     0.0    0.0 1482.2 3152.6       0.0    0.0    0.0
;References: BL_US PMDA0174.REF2 GR_US PMDA0174.REF2 BR_US PMDA0174.REF2

;LTK 110m_02212017

21FEB2017  16:34:28  Gain: 23  Zoff: -33 31 555 -115
No   Time    G  PAR    F1   F2   F3   F4   Fm1  Fm2  Fm3  Fm4    Y1   Y2   Y3   Y4
 1 16:34:39 23   64   -12    7   24   23    56   67   66   98  ---- ---- 0.64 0.77

21FEB2017  16:34:44  Gain: 23  Zoff: -33 31 555 -115
No   Time    G  PAR    F1   F2   F3   F4   Fm1  Fm2  Fm3  Fm4    Y1   Y2   Y3   Y4
 1 16:34:44 23   64    -9    7   26   27    45   67   58  109  ---- ---- 0.55 0.75
 2 16:35:06 23   16   -18    4   22   20    42   79   73   95  ---- ---- 0.70 ----
 3 16:35:26 23   64   -14    5   23   21    51   70   59   97  ---- ---- 0.61 0.78
 4 16:35:46 23  128   -11    6   28   27    46   61   73   93  ---- ---- 0.62 0.71
 5 16:36:06 23  192   -12    3   29   27    31   62   80   89  ---- ---- 0.64 0.70
 6 16:36:27 23  256   -10    1   30   29    32   48   66   81  ---- ---- 0.55 0.64
 7 16:36:47 23  320    -8    1   32   32    38   38   62  102  ---- ---- 0.48 0.69
 8 16:37:07 23  384   -10   -1   34   32    20   48   59   98  ---- ---- 0.42 0.67
 9 16:37:28 23  448   -10   -2   33   34    24   44   60  106  ---- ---- 0.45 0.68
10 16:37:48 23  512    -9   -4   35   35    22   29   67   89  ---- ---- 0.48 0.61
11 16:38:08 23  576    -7   -4   38   38    14   32   71  103  ---- ---- 0.46 0.63
12 16:38:28 23  640    -8   -6   38   39    23   30   61  108  ---- ---- 0.38 0.64
13 16:38:49 23  704    -6   -6   41   42    44   41   65   95  ---- ---- 0.37 0.56
14 16:39:09 23    1   -30  -15   25   46    15   35   74   91  ---- ---- 0.66 0.49
;            Ch1    Ch2    Ch3    Ch4      blue   green  brown
;  alpha:  -0.000 -0.000  1.371  1.500     1.732 -0.000 -0.000
; ETRmax:     0.0    0.0 2736.1  817.8    3172.0    0.0    0.0
;     Ik:     0.0    0.0 1995.8  545.4    1831.3    0.0    0.0
;References: BL_US PMDA0174.REF2 GR_US PMDA0174.REF2 BR_US PMDA0174.REF2

;LTK 120m_02212017

21FEB2017  16:41:47  Gain: 23  Zoff: -33 31 555 -115
No   Time    G  PAR    F1   F2   F3   F4   Fm1  Fm2  Fm3  Fm4    Y1   Y2   Y3   Y4
 1 16:41:57 23   64   -34  -16   10    7    15   36   48   85  ---- ---- ---- ----

21FEB2017  16:42:03  Gain: 23  Zoff: -33 31 555 -115
No   Time    G  PAR    F1   F2   F3   F4   Fm1  Fm2  Fm3  Fm4    Y1   Y2   Y3   Y4
 1 16:42:03 23   64   -33  -17   12    9     0   27   43   74  ---- ---- ---- ----
 2 16:42:25 23   16   -38  -18    8    6    27   21   46   74  ---- ---- ---- ----
 3 16:42:45 23   64   -37  -17    9    6    -3   43   55   73  ---- ---- ---- ----
 4 16:43:05 23  128   -35  -19   12    9     9   23   43   75  ---- ---- ---- ----
 5 16:43:26 23  192   -34  -20   15   12     7   24   43   78  ---- ---- ---- ----
 6 16:43:46 23  256   -32  -20   17   14     1   18   52   72  ---- ---- ---- ----
 7 16:44:06 23  320   -32  -21   19   17    13   18   59   63  ---- ---- ---- ----
 8 16:44:26 23  384   -16   13   -1   16    -2   -4   42   89  ---- ---- ---- ----
 9 16:44:47 23  448   -30  -23   21   21    -5   19   40   69  ---- ---- 0.47 0.70
10 16:45:07 23  512   -30  -24   23   23     7   21   59   75  ---- ---- 0.61 0.69
11 16:45:27 23  576   -28  -24   26   25   -13   16   48   77  ---- ---- 0.46 0.68
12 16:45:48 23  640   -26  -24   28   27   -10    9   57   82  ---- ---- 0.51 0.67
13 16:46:08 23  704   -25  -26   29   29     3   17   47   79  ---- ---- 0.38 0.63
14 16:46:28 23  832   -48  -34   16   34   -16   13   59   84  ---- ---- ---- 0.60
;            Ch1    Ch2    Ch3    Ch4      blue   green  brown
;  alpha:  -0.000 -0.000  1.375  2.048    -0.000 -0.000 -0.000
; ETRmax:     0.0    0.0 2182.7  776.5       0.0    0.0    0.0
;     Ik:     0.0    0.0 1587.4  379.2       0.0    0.0    0.0
;References: BL_US PMDA0174.REF2 GR_US PMDA0174.REF2 BR_US PMDA0174.REF2

;LTK 130m_02212017

21FEB2017  16:49:20  Gain: 23  Zoff: -33 31 555 -115
No   Time    G  PAR    F1   F2   F3   F4   Fm1  Fm2  Fm3  Fm4    Y1   Y2   Y3   Y4
 1 16:49:33 23   64   -24    5   17   15    38   77   71  104  ---- ---- ---- ----

21FEB2017  16:49:40  Gain: 23  Zoff: -33 31 555 -115
No   Time    G  PAR    F1   F2   F3   F4   Fm1  Fm2  Fm3  Fm4    Y1   Y2   Y3   Y4
 1 16:49:41 23   64   -22    4   18   17   -99  -82  300  144  ---- ---- ---- ----
 2 16:50:03 23   16   -26    2   17   14    38   63   55   89  ---- ---- ---- ----
 3 16:50:23 23   64   -25    4   17   15    48   78   50   95  ---- ---- ---- ----
 4 16:50:43 23  128   -22    6   21   19    33   76   75   94  ---- ---- 0.72 ----
 5 16:51:03 23  192   -19    5   27   25    46   86   68  107  ---- ---- 0.60 0.77
 6 16:51:24 23  256   -18    4   28   28    32   74   76   98  ---- ---- 0.63 0.71
 7 16:51:44 23  320   -15    4   32   32    28   64   62  100  ---- ---- 0.48 0.68
 8 16:52:04 23  384   -12    5   35   36    16   57   57   90  ---- ---- 0.39 0.60
 9 16:52:25 23  448   -13    4   36   36    28   55   66   99  ---- ---- 0.45 0.64
10 16:52:45 23  512   -12    4   37   38    27   46   74  103  ---- ---- 0.50 0.63
11 16:53:05 23  576    -9    4   39   40    30   40   78   96  ---- ---- 0.50 0.58
12 16:53:25 23  640   -12    1   37   39    25   56   59   95  ---- ---- 0.37 0.59
13 16:53:46 23  704   -13    0   39   41    31   47   74   95  ---- ---- 0.47 0.57
14 16:54:06 23  832   -43  -13   19   41     7   46   70   91  ---- ---- ---- 0.55
;            Ch1    Ch2    Ch3    Ch4      blue   green  brown
;  alpha:  -0.000 -0.000  1.789  1.875     1.862 -0.000 -0.000
; ETRmax:     0.0    0.0 1241.8 2740.8    2547.5    0.0    0.0
;     Ik:     0.0    0.0  694.3 1461.8    1368.4    0.0    0.0
;References: BL_US PMDA0174.REF2 GR_US PMDA0174.REF2 BR_US PMDA0174.REF2

;LTK 140m_02212017

21FEB2017  16:56:52  Gain: 23  Zoff: -33 31 555 -115
No   Time    G  PAR    F1   F2   F3   F4   Fm1  Fm2  Fm3  Fm4    Y1   Y2   Y3   Y4
 1 16:57:18 23   64   -10    8   25   22    52   59   64  100  ---- ---- 0.61 0.78

21FEB2017  16:57:23  Gain: 23  Zoff: -33 31 555 -115
No   Time    G  PAR    F1   F2   F3   F4   Fm1  Fm2  Fm3  Fm4    Y1   Y2   Y3   Y4
 1 16:57:24 23   64    -9    6   25   22    65   65   61  107  ---- ---- 0.59 0.79
 2 16:57:46 23   16   -12    2   22   18    70   65   78  100  ---- ---- 0.72 ----
 3 16:58:06 23   64   -11    5   21   19    54   69   89  106  ---- ---- 0.76 ----
 4 16:58:26 23 3293   -10    5   25   22    44   68   71   90  ---- ---- 0.65 0.76
 5 16:58:46 23  192    -6    6   30   28    43   77   81  112  ---- ---- 0.63 0.75
 6 16:59:07 23  256    -6    3   30   28    36   57   57  100  ---- ---- 0.47 0.72
 7 16:59:27 23  320    -6    1   31   29    43   46   65  101  ---- ---- 0.52 0.71
 8 16:59:47 23  384    -6    1   33   32    39   55   66  100  ---- ---- 0.50 0.68
 9 17:00:07 23  448    -4    1   35   35    44   55   69   86  ---- ---- 0.49 0.59
10 17:00:28 23  512    -5    0   37   36    34   50   81   88  ---- ---- 0.54 0.59
11 17:00:48 23  576    -2    5   45   44    38   48   84  104  ---- ---- 0.46 0.58
12 17:01:08 23  640     0    5   47   46    26   50   76  122  ---- ---- 0.38 0.62
13 17:01:29 23  704     0    2   44   45    50   31   78   99  ---- ---- 0.44 0.55
14 17:01:49 23  832   -32  -14   22   44    25   54   75   84  ---- ---- 0.71 0.48
;            Ch1    Ch2    Ch3    Ch4      blue   green  brown
;  alpha:  -0.000 -0.000  1.309  1.832     1.811 -0.000 -0.000
; ETRmax:     0.0    0.0 5591.6 1056.6    1277.0    0.0    0.0
;     Ik:     0.0    0.0 4271.3  576.8     705.3    0.0    0.0
;References: BL_US PMDA0174.REF2 GR_US PMDA0174.REF2 BR_US PMDA0174.REF2
