Gain: 19  Zoff: 104 109 72 67

;LTK_10172018_0m


17OCT2018  16:37:23  Gain: 20  Zoff: 155 163 107 100
No   Time    G  PAR    F1   F2   F3   F4   Fm1  Fm2  Fm3  Fm4    Y1   Y2   Y3   Y4
 1 16:37:24 20 3386   357  483  190  205   498  766  329  372  0.28 0.37 0.42 0.45
 2 16:37:46 20 3392   351  469  186  200   499  740  323  367  0.30 0.37 0.42 0.46

17OCT2018  16:37:56  Gain: 20  Zoff: 155 163 107 100
No   Time    G  PAR    F1   F2   F3   F4   Fm1  Fm2  Fm3  Fm4    Y1   Y2   Y3   Y4
 1 16:38:06 20 3384   353  479  189  203   488  756  326  365  0.28 0.37 0.42 0.44
 2 16:38:26 20 3388   355  491  194  209   476  755  319  355  0.25 0.35 0.39 0.41
 3 16:38:46 20 3383   357  501  198  213   468  744  314  346  0.24 0.33 0.37 0.38
 4 16:39:07 20 3392   358  511  202  217   456  739  311  338  0.21 0.31 0.35 0.36
 5 16:39:27 20 3389   358  519  206  221   449  726  301  336  0.20 0.29 0.32 0.34
 6 16:39:47 20 3386   358  527  209  224   441  718  298  330  0.19 0.27 0.30 0.32
 7 16:40:07 20 3390   358  534  212  227   430  712  297  322  0.17 0.25 0.29 0.30
 8 16:40:28 20 3387   358  541  214  229   423  707  292  318  0.15 0.23 0.27 0.28
;            Ch1    Ch2    Ch3    Ch4      blue   green  brown
;  alpha:  29579.37 120127.7 254489.2 326123.5     0.395 -0.000 36628.02
; ETRmax:   809.5 2490.5 5271.5 3442.0     796.0    0.0 91600.2
;     Ik:     0.0    0.0    0.0    0.0    2016.6    0.0    2.5
;References: BL_US PMDA0174.REF2 GR_US PMDA0174.REF2 BR_US PMDA0174.REF2

;LTK_10172018_10m


17OCT2018  16:42:18  Gain: 20  Zoff: 155 163 107 100
No   Time    G  PAR    F1   F2   F3   F4   Fm1  Fm2  Fm3  Fm4    Y1   Y2   Y3   Y4
 1 16:42:19 20 3390   366  459  188  208   558  772  334  382  0.34 0.41 0.44 0.46
 2 16:42:40 20 3384   327  427  175  190   582  779  340  388  0.44 0.45 0.49 0.51

17OCT2018  16:42:42  Gain: 20  Zoff: 155 163 107 100
No   Time    G  PAR    F1   F2   F3   F4   Fm1  Fm2  Fm3  Fm4    Y1   Y2   Y3   Y4
 1 16:43:01 20 3388   329  434  178  194   546  768  332  374  0.40 0.43 0.46 0.48
 2 16:43:21 20 3385   327  440  182  198   528  761  324  370  0.38 0.42 0.44 0.46
 3 16:43:41 20 3384   324  444  182  198   509  747  314  360  0.36 0.41 0.42 0.45
 4 16:44:01 20 3393   320  449  185  201   483  732  309  347  0.34 0.39 0.40 0.42
 5 16:44:22 20 3387   313  453  186  201   458  717  298  334  0.32 0.37 0.38 0.40
 6 16:44:42 20 3386   309  457  188  202   448  712  298  332  0.31 0.36 0.37 0.39
 7 16:45:02 20 3389   310  463  191  206   436  702  292  326  0.29 0.34 0.35 0.37
 8 16:45:23 20 3386   311  467  192  207   435  694  286  322  0.29 0.33 0.33 0.36
;            Ch1    Ch2    Ch3    Ch4      blue   green  brown
;  alpha:  77544.97  0.363  0.378  0.407     0.344 -0.000  0.363
; ETRmax:  4768.9  763.8  777.3  800.7     753.4    0.0  768.7
;     Ik:     0.1 2106.2 2058.1 1968.2    2191.3    0.0 2115.2
;References: BL_US PMDA0174.REF2 GR_US PMDA0174.REF2 BR_US PMDA0174.REF2

;LTK_10172018_20m



17OCT2018  16:47:53  Gain: 20  Zoff: 155 163 107 100
No   Time    G  PAR    F1   F2   F3   F4   Fm1  Fm2  Fm3  Fm4    Y1   Y2   Y3   Y4
 1 16:47:54 20 3389   330  438  177  194   646  850  359  417  0.49 0.48 0.51 0.53
 2 16:48:15 20 3387   314  424  175  189   685  872  386  441  0.54 0.51 0.55 0.57
 3 16:48:35 20 3388   327  438  185  200   649  862  380  437  0.50 0.49 0.51 0.54
 4 16:48:56 20 3389   329  446  191  205   620  844  364  415  0.47 0.47 0.48 0.51
 5 16:49:16 20 3388   330  454  195  208   604  828  354  407  0.45 0.45 0.45 0.49
 6 16:49:36 20 3391   339  468  200  216   598  818  350  398  0.43 0.43 0.43 0.46
 7 16:49:57 20 3386   341  475  202  219   572  799  338  385  0.40 0.41 0.40 0.43
 8 16:50:17 20 3393   340  480  203  220   551  786  329  374  0.38 0.39 0.38 0.41
 9 16:50:37 20 3385   337  487  205  222   527  773  324  371  0.36 0.37 0.37 0.40
10 16:50:57 20 3391   341  496  208  226   517  770  321  366  0.34 0.36 0.35 0.38
;            Ch1    Ch2    Ch3    Ch4      blue   green  brown
;  alpha:  303690.4 23298.84 20777.50 102289.2    3633218. -0.000  0.467
; ETRmax:  3196.5 3673.0 2977.9 3370.5    3550.7    0.0  843.1
;     Ik:     0.0    0.2    0.1    0.0       0.0    0.0 1804.7
;References: BL_US PMDA0174.REF2 GR_US PMDA0174.REF2 BR_US PMDA0174.REF2

;LTK_10172018_30m



17OCT2018  16:53:49  Gain: 20  Zoff: 155 163 107 100
No   Time    G  PAR    F1   F2   F3   F4   Fm1  Fm2  Fm3  Fm4    Y1   Y2   Y3   Y4
 1 16:53:50 20 3390   313  431  178  192   572  814  350  401  0.45 0.47 0.49 0.52
 2 16:54:11 20 3385   296  417  172  184   584  809  354  407  0.49 0.48 0.51 0.55
 3 16:54:32 20 3386   303  424  177  188   557  787  345  385  0.46 0.46 0.49 0.51
 4 16:54:52 20 3388   306  428  177  190   544  776  331  375  0.44 0.45 0.47 0.49
 5 16:55:12 20 3380   310  436  180  194   530  767  322  369  0.42 0.43 0.44 0.47
 6 16:55:32 20 3389   315  447  185  200   515  755  314  362  0.39 0.41 0.41 0.45
 7 16:55:53 20 3386   315  455  189  204   498  742  312  353  0.37 0.39 0.39 0.42
 8 16:56:13 20 3384   317  464  196  211   481  729  310  350  0.34 0.36 0.37 0.40
 9 16:56:33 20 3382   316  470  201  214   463  724  306  342  0.32 0.35 0.34 0.37
10 16:56:54 20 3387   311  473  198  212   443  708  296  328  0.30 0.33 0.33 0.35
;            Ch1    Ch2    Ch3    Ch4      blue   green  brown
;  alpha:   0.382  0.403  0.417  0.439     0.339 -0.000  0.425
; ETRmax:   783.8  798.4  808.5 1137.5     743.0    0.0  806.7
;     Ik:  2053.8 1980.9 1939.9 2589.9    2190.4    0.0 1899.8
;References: BL_US PMDA0174.REF2 GR_US PMDA0174.REF2 BR_US PMDA0174.REF2

;LTK_10172018_40m


17OCT2018  16:59:05  Gain: 20  Zoff: 155 163 107 100
No   Time    G  PAR    F1   F2   F3   F4   Fm1  Fm2  Fm3  Fm4    Y1   Y2   Y3   Y4
 1 16:59:06 20 3387   260  401  157  169   423  686  289  325  0.39 0.42 0.46 0.48
 2 16:59:27 20 3393   252  390  152  163   438  687  291  328  0.42 0.43 0.48 0.50
 3 16:59:47 20 3395   259  401  158  169   424  695  292  332  0.39 0.42 0.46 0.49
 4 17:00:08 20 3389   265  411  165  177   422  683  290  328  0.37 0.40 0.43 0.46
 5 17:00:28 20 3385   267  417  168  180   409  672  287  317  0.35 0.38 0.41 0.43
 6 17:00:48 20 3392   267  424  170  182   400  665  277  308  0.33 0.36 0.39 0.41
 7 17:01:09 20 3386   265  430  172  183   381  653  272  304  0.30 0.34 0.37 0.40
 8 17:01:29 20 3381   262  435  174  185   372  640  267  296  0.30 0.32 0.35 0.38
 9 17:01:49 20 3391   262  441  177  187   359  638  266  294  0.27 0.31 0.33 0.36
10 17:02:09 20 3385   263  450  181  191   354  637  266  294  0.26 0.29 0.32 0.35
;            Ch1    Ch2    Ch3    Ch4      blue   green  brown
;  alpha:   0.312  0.347  0.385  0.419     0.381 -0.000 833881.7
; ETRmax:   743.2  752.5  786.5  810.5     780.1    0.0 5321.5
;     Ik:  2378.3 2167.0 2041.5 1934.1    2049.5    0.0    0.0
;References: BL_US PMDA0174.REF2 GR_US PMDA0174.REF2 BR_US PMDA0174.REF2

;LTK_10172018_50m



17OCT2018  17:04:30  Gain: 20  Zoff: 155 163 107 100
No   Time    G  PAR    F1   F2   F3   F4   Fm1  Fm2  Fm3  Fm4    Y1   Y2   Y3   Y4
 1 17:04:30 20 3388    53   55   43   50    97   95   82  102  0.45 0.42 0.48 0.51
 2 17:04:52 20 3394    51   51   44   49   104  102   92  104  0.51 0.50 0.52 0.53
 3 17:05:12 20 3385    55   53   46   52   100   96   87  104  0.45 0.45 0.47 0.50
 4 17:05:32 20 3388    59   55   46   52    99   92   85   99  0.40 0.40 0.46 0.47
 5 17:05:53 20 3389    61   56   48   55    98   88   85  104  0.38 0.36 0.44 0.47
 6 17:06:13 20 3386    57   53   47   54    88   85   79   97  0.35 0.38 0.41 0.44
 7 17:06:33 20 3387    51   47   45   51    83   80   77   93  0.39 0.41 0.42 0.45
 8 17:06:54 20 3386    51   47   47   52    82   78   77   93  0.38 0.40 0.39 0.44
 9 17:07:14 20 3386    51   48   49   54    86   76   80   97  0.41 0.37 0.39 0.44
10 17:07:34 20 3391    51   48   51   55    77   79   84   93  0.34 0.39 0.39 0.41
;            Ch1    Ch2    Ch3    Ch4      blue   green  brown
;  alpha:   0.393  0.396  0.431  0.473     0.448 -0.000  0.412
; ETRmax:   790.1  795.0  815.0  850.5     831.1    0.0  802.5
;     Ik:  2010.4 2007.3 1889.2 1797.1    1855.0    0.0 1946.0
;References: BL_US PMDA0174.REF2 GR_US PMDA0174.REF2 BR_US PMDA0174.REF2

;LTK_10172018_60m

17OCT2018  17:10:49  Gain: 20  Zoff: 155 163 107 100
No   Time    G  PAR    F1   F2   F3   F4   Fm1  Fm2  Fm3  Fm4    Y1   Y2   Y3   Y4
 1 17:10:50 20 3378    11   11   21   23    45   40   55   68  ---- ---- 0.62 0.66
 2 17:11:11 20 3390    10   10   22   23    44   40   57   72  ---- ---- 0.61 0.68
 3 17:11:31 20 3391    11   10   23   24    45   41   55   66  ---- ---- 0.58 0.64
 4 17:11:52 20 3381    12   11   24   25    38   44   57   70  ---- ---- 0.58 0.64
 5 17:12:12 20 3394    13   13   25   27    44   42   59   68  ---- ---- 0.58 0.60
 6 17:12:32 20 3388    16   14   28   30    48   44   60   69  ---- ---- 0.53 0.57
 7 17:12:53 20 3392    16   12   29   31    45   38   56   70  ---- ---- 0.48 0.56
 8 17:13:13 20 3377    15    9   29   31    44   35   58   68  ---- ---- 0.50 0.54
 9 17:13:33 20 3388    15    9   30   31    43   33   57   69  ---- ---- 0.47 0.55
10 17:13:53 20 3388    17    8   31   33    43   33   60   67  ---- ---- 0.48 0.51
;            Ch1    Ch2    Ch3    Ch4      blue   green  brown
;  alpha:  -0.000 -0.000  0.584  0.667     0.458 900436.2 3789339.
; ETRmax:     0.0    0.0  931.4  981.6    1167.9 4184.7 3851.9
;     Ik:     0.0    0.0 1593.7 1471.3    2552.7    0.0    0.0
;References: BL_US PMDA0174.REF2 GR_US PMDA0174.REF2 BR_US PMDA0174.REF2

;LTK_10172018_70m


17OCT2018  17:17:01  Gain: 20  Zoff: 155 163 107 100
No   Time    G  PAR    F1   F2   F3   F4   Fm1  Fm2  Fm3  Fm4    Y1   Y2   Y3   Y4
 1 17:17:01 20 3384    12   15   22   24    42   38   57   70  ---- ---- 0.61 0.66
 2 17:17:22 20 3389    12   13   23   25    45   42   55   68  ---- ---- 0.58 0.63
 3 17:17:42 20 3391    12   12   22   24    45   41   54   68  ---- ---- 0.59 0.65
 4 17:18:03 20 3388    10   11   22   24    40   40   53   68  ---- ---- 0.58 0.65
 5 17:18:23 20 3384    10    9   23   24    39   36   55   64  ---- ---- 0.58 0.63
 6 17:18:43 20 3389    11    8   24   26    41   36   53   64  ---- ---- 0.55 0.59
 7 17:19:04 20 3391    11    8   26   28    40   34   54   65  ---- ---- 0.52 0.57
 8 17:19:24 20 3391    12    8   27   29    37   32   57   66  ---- ---- 0.53 0.56
 9 17:19:44 20 3387    12    7   28   30    37   30   53   66  ---- ---- 0.47 0.55
10 17:20:04 20 3385    12    6   29   31    36   29   56   67  ---- ---- 0.48 0.54
;            Ch1    Ch2    Ch3    Ch4      blue   green  brown
;  alpha:  -0.000 -0.000  0.594  0.679     0.465  0.994  0.973
; ETRmax:     0.0    0.0  937.0  987.5    1183.3 1171.6 1162.1
;     Ik:     0.0    0.0 1578.0 1454.8    2546.4 1178.6 1194.5
;References: BL_US PMDA0174.REF2 GR_US PMDA0174.REF2 BR_US PMDA0174.REF2

;LTK_10172018_80m


17OCT2018  17:22:25  Gain: 20  Zoff: 155 163 107 100
No   Time    G  PAR    F1   F2   F3   F4   Fm1  Fm2  Fm3  Fm4    Y1   Y2   Y3   Y4
 1 17:22:25 20 3391    -6   -3   10   10    20   22   44   48  ---- ---- ---- ----
 2 17:22:47 20 3391    -7   -4   11   11    23   22   42   50  ---- ---- ---- ----
 3 17:23:07 20 3391    -7   -4   12   11    22   24   44   54  ---- ---- ---- ----
 4 17:23:27 20 3386    -6   -3   13   13    21   20   45   52  ---- ---- ---- ----
 5 17:23:48 20 3392    -5   -4   14   14    21   19   42   50  ---- ---- ---- ----
 6 17:24:08 20 3383    -5   -6   15   15    22   18   40   49  ---- ---- ---- ----
 7 17:24:28 20 3392    -3   -6   16   16    22   16   47   58  ---- ---- ---- ----
 8 17:24:49 20 3392    -2   -5   18   18    25   14   50   55  ---- ---- ---- ----
 9 17:25:09 20 3388    -2   -6   20   20    22   18   45   56  ---- ---- ---- ----
10 17:25:29 20 3387    -2   -7   20   20    22   15   49   55  ---- ---- ---- ----
;            Ch1    Ch2    Ch3    Ch4      blue   green  brown
;  alpha:  -0.000 -0.000 -0.000 -0.000     0.943 -0.000 -0.000
; ETRmax:     0.0    0.0    0.0    0.0    1148.9    0.0    0.0
;     Ik:     0.0    0.0    0.0    0.0    1218.0    0.0    0.0
;References: BL_US PMDA0174.REF2 GR_US PMDA0174.REF2 BR_US PMDA0174.REF2

;LTK_10172018_90m

17OCT2018  17:26:48  Gain: 20  Zoff: 155 163 107 100
No   Time    G  PAR    F1   F2   F3   F4   Fm1  Fm2  Fm3  Fm4    Y1   Y2   Y3   Y4
 1 17:26:49 20 3386     8   11   18   19    37   39   51   61  ---- ---- ---- ----
 2 17:27:10 20 3392     7    9   18   19    43   42   52   61  ---- ---- ---- ----
 3 17:27:31 20 3385     7    9   19   20    38   37   54   60  ---- ---- ---- ----
 4 17:27:51 20 3392     8   10   20   21    39   41   55   64  ---- ---- ---- 0.67
 5 17:28:11 20 3386    11   12   23   24    37   36   54   64  ---- ---- 0.57 0.63
 6 17:28:32 20 3390    10    9   23   23    37   33   50   62  ---- ---- 0.54 0.63
 7 17:28:52 20 3387     7    6   22   23    32   30   51   64  ---- ---- 0.57 0.64
 8 17:29:12 20 3373     8    5   24   24    37   29   53   62  ---- ---- 0.55 0.61
 9 17:29:32 20 3390     8    5   24   25    36   27   52   60  ---- ---- 0.54 0.58
10 17:29:53 20 3389     8    4   25   25    36   23   54   63  ---- ---- 0.54 0.60
;            Ch1    Ch2    Ch3    Ch4      blue   green  brown
;  alpha:  -0.000 -0.000  0.596  0.716    6971821.  1.156  1.110
; ETRmax:     0.0    0.0  936.1 1015.4    3431.0 1249.1 1226.9
;     Ik:     0.0    0.0 1570.8 1418.5       0.0 1080.1 1105.5
;References: BL_US PMDA0174.REF2 GR_US PMDA0174.REF2 BR_US PMDA0174.REF2

;LTK_10172018_100m


17OCT2018  17:31:19  Gain: 20  Zoff: 155 163 107 100
No   Time    G  PAR    F1   F2   F3   F4   Fm1  Fm2  Fm3  Fm4    Y1   Y2   Y3   Y4
 1 17:31:19 20 3390     0    4   11   11    29   30   44   53  ---- ---- ---- ----
 2 17:31:41 20 3387     1    5   13   13    32   32   43   54  ---- ---- ---- ----
 3 17:32:01 20 3385     2    6   14   14    32   34   48   53  ---- ---- ---- ----
 4 17:32:21 20 3391     3    6   15   15    31   31   46   54  ---- ---- ---- ----
 5 17:32:41 20 3391     4    5   16   16    33   31   45   58  ---- ---- ---- ----
 6 17:33:02 20 3388     4    4   17   17    30   23   46   55  ---- ---- ---- ----
 7 17:33:22 20 3382     4    3   19   19    34   24   45   56  ---- ---- ---- ----
 8 17:33:42 20 3391     5    2   20   20    31   24   49   59  ---- ---- ---- ----
 9 17:34:02 20 3389     6    2   21   22    35   29   50   59  ---- ---- 0.58 0.63
10 17:34:23 20 3385     8    2   23   23    36   24   47   60  ---- ---- 0.51 0.62
;            Ch1    Ch2    Ch3    Ch4      blue   green  brown
;  alpha:  -0.000 -0.000  0.587  0.713     0.632  1.296 -0.000
; ETRmax:     0.0    0.0  930.8 1013.6     958.3 1313.2    0.0
;     Ik:     0.0    0.0 1585.3 1422.2    1516.9 1013.1    0.0
;References: BL_US PMDA0174.REF2 GR_US PMDA0174.REF2 BR_US PMDA0174.REF2

;LTK_10172018_110m

17OCT2018  17:36:13  Gain: 20  Zoff: 155 163 107 100
No   Time    G  PAR    F1   F2   F3   F4   Fm1  Fm2  Fm3  Fm4    Y1   Y2   Y3   Y4
 1 17:36:14 20 3389   261  263   80   81   289  284  108  119  0.10 0.07 0.26 0.32
 2 17:36:35 20 3392   258  260   81   81   284  282  110  122  0.09 0.08 0.26 0.34
 3 17:36:55 20 3394   256  258   80   81   281  278  110  120  0.09 0.07 0.27 0.33
 4 17:37:16 20 3395   252  254   80   81   276  278  109  118  0.09 0.09 0.27 0.31
 5 17:37:36 20 3383   250  251   81   82   276  267  109  122  0.09 0.06 0.26 0.33
 6 17:37:56 20 3390   248  247   81   82   272  265  109  122  0.09 0.07 0.26 0.33
 7 17:38:16 20 3388   246  244   81   82   268  263  106  119  0.08 0.07 0.24 0.31
 8 17:38:37 20 3386   244  241   82   83   268  261  110  116  0.09 0.08 0.25 0.28
 9 17:38:57 20 3387   242  238   82   83   266  256  106  115  0.09 0.07 0.23 0.28
10 17:39:17 20 3385   240  234   82   84   262  254  106  118  0.08 0.08 0.23 0.29
;            Ch1    Ch2    Ch3    Ch4      blue   green  brown
;  alpha:   0.282  0.280  0.277  0.283    -0.000 -0.000  0.276
; ETRmax:   164.6  147.7  372.6  755.7       0.0    0.0  194.2
;     Ik:   583.0  527.9 1347.6 2671.9       0.0    0.0  703.9
;References: BL_US PMDA0174.REF2 GR_US PMDA0174.REF2 BR_US PMDA0174.REF2

;LTK_10172018_120m

17OCT2018  17:41:29  Gain: 20  Zoff: 155 163 107 100
No   Time    G  PAR    F1   F2   F3   F4   Fm1  Fm2  Fm3  Fm4    Y1   Y2   Y3   Y4
 1 17:41:29 20 3389    16   18   18   18    48   51   52   60  ---- ---- ---- ----
 2 17:41:51 20 3393    16   17   19   19    47   49   56   61  ---- ---- ---- ----
 3 17:42:11 20 3392    19   19   20   21    53   47   55   68  ---- ---- ---- 0.69
 4 17:42:32 20 3383    19   18   22   22    49   47   50   63  ---- ---- 0.56 0.65
 5 17:42:52 20 3385    17   16   22   22    43   44   56   61  ---- ---- 0.61 0.64
 6 17:43:12 20 3388    20   17   24   25    50   43   56   65  ---- ---- 0.57 0.62
 7 17:43:32 20 3389    22   18   26   27    52   44   57   68  0.58 ---- 0.54 0.60
 8 17:43:53 20 3389    21   16   26   27    50   38   56   64  0.58 ---- 0.54 0.58
 9 17:44:13 20 3396    21   15   27   28    51   38   56   66  0.59 ---- 0.52 0.58
10 17:44:33 20 3390    22   15   29   30    49   40   59   67  0.55 ---- 0.51 0.55
;            Ch1    Ch2    Ch3    Ch4      blue   green  brown
;  alpha:   0.634 -0.000  0.593  0.698    733666.3  0.671 294414.9
; ETRmax:   958.7    0.0  935.7 1004.0    4238.1  984.3 3670.0
;     Ik:  1512.4    0.0 1577.8 1438.8       0.0 1467.1    0.0
;References: BL_US PMDA0174.REF2 GR_US PMDA0174.REF2 BR_US PMDA0174.REF2

;LTK_10172018_130m


17OCT2018  17:46:15  Gain: 20  Zoff: 155 163 107 100
No   Time    G  PAR    F1   F2   F3   F4   Fm1  Fm2  Fm3  Fm4    Y1   Y2   Y3   Y4
 1 17:46:15 20 3392     1    4   11   10    30   25   43   46  ---- ---- ---- ----
 2 17:46:37 20 3394     0    3   11   11    28   26   40   51  ---- ---- ---- ----
 3 17:46:57 20 3389     0    3   12   11    28   29   44   46  ---- ---- ---- ----
 4 17:47:17 20 3386     1    3   13   13    28   25   43   47  ---- ---- ---- ----
 5 17:47:38 20 3391     3    3   15   14    29   24   44   54  ---- ---- ---- ----
 6 17:47:58 20 3390     3    3   16   16    29   26   47   54  ---- ---- ---- ----
 7 17:48:18 20 3391     3    2   17   17    25   20   43   52  ---- ---- ---- ----
 8 17:48:39 20 3391     4    1   18   18    28   22   48   52  ---- ---- ---- ----
 9 17:48:59 20 3391     5    0   19   19    25   17   49   58  ---- ---- ---- ----
10 17:49:19 20 3385     5    0   21   21    28   20   50   55  ---- ---- 0.58 0.62
;            Ch1    Ch2    Ch3    Ch4      blue   green  brown
;  alpha:  -0.000 -0.000  0.643  0.706    417566.0 -0.000 -0.000
; ETRmax:     0.0    0.0  965.8 1009.9    4302.0    0.0    0.0
;     Ik:     0.0    0.0 1502.7 1431.1       0.0    0.0    0.0
;References: BL_US PMDA0174.REF2 GR_US PMDA0174.REF2 BR_US PMDA0174.REF2

;LTK_10172018_140m


17OCT2018  17:51:11  Gain: 20  Zoff: 155 163 107 100
No   Time    G  PAR    F1   F2   F3   F4   Fm1  Fm2  Fm3  Fm4    Y1   Y2   Y3   Y4
 1 17:51:12 20 3394    62   66   28   28    88   90   56   71  0.30 0.27 0.50 0.61
 2 17:51:33 20 3391    62   65   29   28    86   85   59   65  0.28 0.24 0.51 0.57
 3 17:51:54 20 3390    61   64   29   29    88   86   58   67  0.31 0.26 0.50 0.57
 4 17:52:14 20 3390    60   63   30   29    86   84   59   69  0.30 0.25 0.49 0.58
 5 17:52:34 20 3387    60   61   30   30    87   82   58   66  0.31 0.26 0.48 0.55
 6 17:52:54 20 3389    60   60   32   32    85   82   58   73  0.29 0.27 0.45 0.56
 7 17:53:15 20 3388    60   58   33   33    86   78   60   67  0.30 0.26 0.45 0.51
 8 17:53:35 20 3387    60   58   39   38    87   80   73   77  0.31 0.28 0.47 0.51
 9 17:53:55 20 3389    60   57   51   52    88   78   82   92  0.32 0.27 0.38 0.43
10 17:54:16 20 3389    60   57   51   51    87   78   74   82  0.31 0.27 0.31 0.38
;            Ch1    Ch2    Ch3    Ch4      blue   green  brown
;  alpha:   0.277  0.277  0.454  0.527     0.728 -0.000  0.276
; ETRmax:   651.0  392.7  840.5 1281.4    1023.4    0.0  450.2
;     Ik:  2350.9 1418.4 1850.0 2433.1    1405.4    0.0 1630.7
;References: BL_US PMDA0174.REF2 GR_US PMDA0174.REF2 BR_US PMDA0174.REF2
