;LTK_0M05152019
Gain: 21  Zoff: 48 20 56 61

15MAY2019  15:00:34  Gain: 21  Zoff: 48 20 56 61
No   Time    G  PAR    F1   F2   F3   F4   Fm1  Fm2  Fm3  Fm4    Y1   Y2   Y3   Y4
 1 15:11:52 21    8   312  378  188  185   374  464  246  271  0.17 0.19 0.24 0.32

15MAY2019  15:12:23  Gain: 21  Zoff: 48 20 56 61
No   Time    G  PAR    F1   F2   F3   F4   Fm1  Fm2  Fm3  Fm4    Y1   Y2   Y3   Y4
 1 15:12:24 21    8   309  377  187  184   375  459  241  262  0.18 0.18 0.22 0.30
 2 15:12:45 21    8   303  366  184  180   384  440  246  262  0.21 0.17 0.25 0.31
 3 15:13:05 21    8   312  379  189  186   390  458  248  277  0.20 0.17 0.24 0.33
 4 15:13:26 21    8   313  380  191  188   370  459  238  254  0.15 0.17 0.20 0.26
 5 15:13:46 21    8   312  380  193  190   369  461  246  258  0.15 0.18 0.22 0.26
 6 15:14:06 21    8   316  385  195  194   374  459  243  260  0.16 0.16 0.20 0.25
 7 15:14:26 21    8   319  385  199  198   381  456  243  273  0.16 0.16 0.18 0.27
 8 15:14:47 21    8   319  385  201  200   364  463  244  261  0.12 0.17 0.18 0.23
 9 15:15:07 21    8   371  427  219  228   448  516  272  300  0.17 0.17 0.19 0.24
10 15:15:27 21    8   338  400  210  211   375  458  246  258  0.10 0.13 0.15 0.18
11 15:15:48 21    8   328  392  208  208   371  454  246  264  0.12 0.14 0.15 0.21
12 15:16:08 21    8   328  392  210  209   370  450  247  261  0.11 0.13 0.15 0.20
13 15:16:28 21    8   331  393  214  213   369  451  253  263  0.10 0.13 0.15 0.19
14 15:16:48 21    8   332  393  217  217   370  448  256  265  0.10 0.12 0.15 0.18
No   Time    G  PAR    F1   F2   F3   F4   Fm1  Fm2  Fm3  Fm4    Y1   Y2   Y3   Y4
15 15:17:09 21    8   326  393  220  220   123  262   65  145  ---- ---- ---- ----
16 15:17:29 21    9    -7   -5   -3   -3   -16  -13  -10   -7  ---- ---- ---- ----
17 15:17:49 21    9   -14  -15   -7   -7   -16  -13  -10   -7  ---- ---- ---- ----
18 15:18:10 21    9   -14  -15   -7   -7   -16  -13  -10   -7  ---- ---- ---- ----
;            Ch1    Ch2    Ch3    Ch4      blue   green  brown
;  alpha:   0.057  0.063  0.079  0.091     0.096 -0.000  0.062
; ETRmax:    38.6   44.7   30.7   24.1      22.0    0.0   45.3
;     Ik:   683.0  713.6  391.6  264.5     227.8    0.0  733.1
;References: BL_US PMDA0174.REF2 GR_US PMDA0174.REF2 BR_US PMDA0174.REF2


;LTK_0M05152019
15MAY2019  15:29:20  Gain: 21  Zoff: 48 20 56 61
No   Time    G  PAR    F1   F2   F3   F4   Fm1  Fm2  Fm3  Fm4    Y1   Y2   Y3   Y4
 1 15:29:21 21    9   340  361  206  206   433  437  279  300  0.21 0.17 0.26 0.31
 2 15:29:42 21    9   326  348  194  193   408  405  247  275  0.20 0.14 0.21 0.30
 3 15:30:03 21    9   327  354  195  194   399  422  253  273  0.18 0.16 0.23 0.29
 4 15:30:23 21    9   327  355  197  197   406  423  254  277  0.19 0.16 0.22 0.29
 5 15:30:43 21    9   340  362  208  209   409  438  262  286  0.17 0.17 0.21 0.27
 6 15:31:03 21    8   335  360  206  206   399  424  254  285  0.16 0.15 0.19 0.28
 7 15:31:24 21    9   339  362  208  209   398  421  250  269  0.15 0.14 0.17 0.22
 8 15:31:44 21    9   332  357  206  207   387  417  252  272  0.14 0.14 0.18 0.24
 9 15:32:04 21    9   334  357  209  210   378  419  252  270  0.12 0.15 0.17 0.22
10 15:32:24 21    9   333  357  209  210   389  417  251  272  0.14 0.14 0.17 0.23
11 15:32:45 21    9   340  360  214  215   391  419  253  273  0.13 0.14 0.15 0.21
12 15:33:05 21    9   337  358  214  215   386  417  251  273  0.13 0.14 0.15 0.21
13 15:33:25 21    9   334  355  214  216   383  407  256  273  0.13 0.13 0.16 0.21
14 15:33:46 21    9   336  355  218  219   378  406  256  272  0.11 0.13 0.15 0.19
No   Time    G  PAR    F1   F2   F3   F4   Fm1  Fm2  Fm3  Fm4    Y1   Y2   Y3   Y4
15 15:34:06 21    8   339  358  225  227   136  225   75  146  ---- ---- ---- ----
16 15:34:26 21    9    -7   -7   -3   -3   -16  -13  -10   -7  ---- ---- ---- ----
17 15:34:46 21    9   -14  -15   -7   -7   -16  -13  -10   -7  ---- ---- ---- ----
18 15:35:07 21    8   -14  -15   -7   -7   -16  -13  -10   -7  ---- ---- ---- ----
;            Ch1    Ch2    Ch3    Ch4      blue   green  brown
;  alpha:   0.067  0.062  0.082  0.106     0.109 -0.000  0.067
; ETRmax:    56.9   42.4   28.1   22.3    5560.9    0.0   47.4
;     Ik:   845.4  681.6  343.7  211.0    51141.6    0.0  711.8
;References: BL_US PMDA0174.REF2 GR_US PMDA0174.REF2 BR_US PMDA0174.REF2


;LTK_20M05152019
15MAY2019  15:38:22  Gain: 21  Zoff: 48 20 56 61
No   Time    G  PAR    F1   F2   F3   F4   Fm1  Fm2  Fm3  Fm4    Y1   Y2   Y3   Y4
 1 15:38:23 21    9   342  385  204  202   479  541  303  330  0.29 0.29 0.33 0.39
 2 15:38:44 21    9   326  371  194  191   471  496  282  318  0.31 0.25 0.31 0.40
 3 15:39:05 21    9   343  388  204  203   488  544  310  331  0.30 0.29 0.34 0.39
 4 15:39:25 21    9   337  385  202  199   451  522  288  309  0.25 0.26 0.30 0.36
 5 15:39:45 21    9   340  388  205  204   454  530  291  306  0.25 0.27 0.30 0.33
 6 15:40:05 21    9   343  387  209  208   426  509  278  310  0.19 0.24 0.25 0.33
 7 15:40:26 21    9   339  385  208  207   431  503  274  297  0.21 0.23 0.24 0.30
 8 15:40:46 21    9   346  389  212  212   433  504  271  301  0.20 0.23 0.22 0.30
 9 15:41:06 21    9   351  393  215  216   436  502  274  310  0.19 0.22 0.22 0.30
10 15:41:27 21    7   352  393  217  217   427  502  272  295  0.18 0.22 0.20 0.26
11 15:41:47 21    8   352  393  218  219   422  497  273  296  0.17 0.21 0.20 0.26
12 15:42:07 21    8   350  391  218  218   416  482  274  285  0.16 0.19 0.20 0.24
13 15:42:27 21    8   350  391  220  220   414  476  266  297  0.15 0.18 0.17 0.26
14 15:42:48 21    8   354  393  224  225   407  475  278  289  0.13 0.17 0.19 0.22
No   Time    G  PAR    F1   F2   F3   F4   Fm1  Fm2  Fm3  Fm4    Y1   Y2   Y3   Y4
15 15:43:08 21    8   355  396  231  231   167  294   86  172  ---- ---- ---- ----
16 15:43:28 21    8    -6   -5   -3   -3   -16  -12  -10   -7  ---- ---- ---- ----
17 15:43:49 21    8   -14  -15   -7   -7   -16  -13  -10   -7  ---- ---- ---- ----
18 15:44:09 21    8   -14  -15   -7   -7   -16  -13  -10   -7  ---- ---- ---- ----
;            Ch1    Ch2    Ch3    Ch4      blue   green  brown
;  alpha:   0.029  0.037  0.101  0.127     0.118 -0.000  0.040
; ETRmax:     2.1    0.4   23.6  597.2     575.6    0.0    0.4
;     Ik:    72.3   10.4  233.9 4709.2    4863.8    0.0    9.4
;References: BL_US PMDA0174.REF2 GR_US PMDA0174.REF2 BR_US PMDA0174.REF2

;LTK_30M05152019

15MAY2019  15:47:20  Gain: 21  Zoff: 48 20 56 61
No   Time    G  PAR    F1   F2   F3   F4   Fm1  Fm2  Fm3  Fm4    Y1   Y2   Y3   Y4
 1 15:47:20 21    8   340  401  197  196   491  563  291  319  0.31 0.29 0.32 0.39
 2 15:47:42 21    8   335  394  194  192   477  518  279  305  0.30 0.24 0.30 0.37
 3 15:48:02 21    8   335  399  196  194   464  544  291  316  0.28 0.27 0.33 0.39
 4 15:48:22 21    8   338  401  199  198   452  547  276  300  0.25 0.27 0.28 0.34
 5 15:48:42 21    8   335  400  201  201   441  542  282  309  0.24 0.26 0.29 0.35
 6 15:49:03 21    8   339  401  204  205   443  541  277  300  0.23 0.26 0.26 0.32
 7 15:49:23 21    8   359  417  214  217   457  548  283  308  0.21 0.24 0.24 0.30
 8 15:49:43 21    8   358  413  215  216   426  524  277  298  0.16 0.21 0.22 0.28
 9 15:50:03 21    8   348  406  213  213   431  526  270  299  0.19 0.23 0.21 0.29
10 15:50:24 21    8   351  408  214  215   426  521  269  292  0.18 0.22 0.20 0.26
11 15:50:44 21    8   351  409  216  217   419  515  269  294  0.16 0.21 0.20 0.26
12 15:51:04 21    8   346  407  217  217   413  504  265  284  0.16 0.19 0.18 0.24
13 15:51:25 21    7   348  409  219  219   414  504  270  293  0.16 0.19 0.19 0.25
14 15:51:45 21    8   355  413  225  226   405  506  276  296  0.12 0.18 0.18 0.24
No   Time    G  PAR    F1   F2   F3   F4   Fm1  Fm2  Fm3  Fm4    Y1   Y2   Y3   Y4
15 15:52:05 21    8   357  417  232  233   166  319   83  170  ---- ---- ---- ----
16 15:52:25 21    8    -6   -2   -3   -3   -16  -12  -10   -7  ---- ---- ---- ----
17 15:52:46 21    8   -14  -15   -7   -7   -16  -13  -10   -7  ---- ---- ---- ----
18 15:53:06 21    8   -14  -15   -7   -7   -16  -13  -10   -7  ---- ---- ---- ----
;            Ch1    Ch2    Ch3    Ch4      blue   green  brown
;  alpha:   0.016  0.097  0.020  0.119     0.118 -0.000  0.101
; ETRmax:     0.1   23.0    0.1  661.4     580.2    0.0  427.4
;     Ik:     9.2  238.2    5.3 5557.5    4924.2    0.0 4241.0
;References: BL_US PMDA0174.REF2 GR_US PMDA0174.REF2 BR_US PMDA0174.REF2

;LTK_40M05152019

15MAY2019  15:56:47  Gain: 21  Zoff: 48 20 56 61
No   Time    G  PAR    F1   F2   F3   F4   Fm1  Fm2  Fm3  Fm4    Y1   Y2   Y3   Y4
 1 15:56:47 21    8   449  593  252  257   699  927  407  450  0.36 0.36 0.38 0.43
 2 15:57:08 21    8   420  569  238  240   697  872  406  456  0.40 0.35 0.41 0.47
 3 15:57:29 21    8   436  584  247  251   671  904  392  442  0.35 0.35 0.37 0.43
 4 15:57:49 21    8   451  596  257  263   671  905  401  447  0.33 0.34 0.36 0.41
 5 15:58:09 21    8   461  607  263  270   656  904  393  439  0.30 0.33 0.33 0.38
 6 15:58:30 21    8   468  614  271  280   653  889  398  437  0.28 0.31 0.32 0.36
 7 15:58:50 21    8   476  620  276  286   640  887  390  426  0.26 0.30 0.29 0.33
 8 15:59:10 21    8   481  627  279  289   634  877  378  422  0.24 0.29 0.26 0.32
 9 15:59:30 21    7   486  632  283  294   623  865  375  419  0.22 0.27 0.25 0.30
10 15:59:51 21    7   494  639  291  303   631  870  384  430  0.22 0.27 0.24 0.30
11 16:00:11 21    7   499  645  293  306   621  854  377  414  0.20 0.24 0.22 0.26
12 16:00:31 21    7   504  653  298  312   621  862  382  428  0.19 0.24 0.22 0.27
13 16:00:52 21    7   512  661  302  317   614  859  382  422  0.17 0.23 0.21 0.25
14 16:01:12 21    7   517  670  309  324   622  850  383  419  0.17 0.21 0.19 0.23
No   Time    G  PAR    F1   F2   F3   F4   Fm1  Fm2  Fm3  Fm4    Y1   Y2   Y3   Y4
15 16:01:32 21    7   473  645  280  310   288  581  104  212  ---- ---- ---- ----
16 16:01:52 21    7     0  116   -2   -1   -14   53  -10   -7  ---- ---- ---- ----
17 16:02:13 21    7   -14  -13   -7   -7   -16  -13  -10   -7  ---- ---- ---- ----
18 16:02:33 21    7   -14  -15   -7   -7   -16  -13  -10   -7  ---- ---- ---- ----
;            Ch1    Ch2    Ch3    Ch4      blue   green  brown
;  alpha:   0.105  0.121  0.114  0.137     0.107 -0.000  0.119
; ETRmax:   794.6  502.4  772.9  883.1     503.7    0.0  695.9
;     Ik:  7572.1 4149.0 6755.3 6468.5    4700.4    0.0 5849.7
;References: BL_US PMDA0174.REF2 GR_US PMDA0174.REF2 BR_US PMDA0174.REF2

;LTK_50M05152019

15MAY2019  16:05:53  Gain: 21  Zoff: 48 20 56 61
No   Time    G  PAR    F1   F2   F3   F4   Fm1  Fm2  Fm3  Fm4    Y1   Y2   Y3   Y4
 1 16:05:53 21    7   428  579  247  248   625  834  378  412  0.32 0.31 0.35 0.40
 2 16:06:15 21    7   397  555  229  226   639  836  381  421  0.38 0.34 0.40 0.46
 3 16:06:35 21    7   422  573  243  243   622  838  375  413  0.32 0.32 0.35 0.41
 4 16:06:55 21    7   429  579  248  249   610  824  366  409  0.30 0.30 0.32 0.39
 5 16:07:16 21    7   443  592  258  262   597  829  369  408  0.26 0.29 0.30 0.36
 6 16:07:36 21    7   454  602  267  272   590  811  370  405  0.23 0.26 0.28 0.33
 7 16:07:56 21    7   457  605  271  278   585  810  358  398  0.22 0.25 0.24 0.30
 8 16:08:16 21    7   464  613  276  283   571  802  358  391  0.19 0.24 0.23 0.28
 9 16:08:37 21    7   461  614  275  282   563  793  356  392  0.18 0.23 0.23 0.28
10 16:08:57 21    7   471  624  282  291   566  789  363  392  0.17 0.21 0.22 0.26
11 16:09:17 21    7   476  633  287  296   568  793  351  385  0.16 0.20 0.18 0.23
12 16:09:38 21    7   477  633  288  298   564  787  357  390  0.15 0.20 0.19 0.24
13 16:09:58 21    7   478  639  290  300   555  782  359  372  0.14 0.18 0.19 0.19
14 16:10:18 21    7   488  651  297  307   561  785  356  383  0.13 0.17 0.17 0.20
No   Time    G  PAR    F1   F2   F3   F4   Fm1  Fm2  Fm3  Fm4    Y1   Y2   Y3   Y4
15 16:10:38 21    7   437  620  261  287   225  505   78  180  ---- ---- ---- ----
16 16:10:59 21    7    -4   88   -2   -2   -16   19  -10   -7  ---- ---- ---- ----
17 16:11:19 21    7   -14  -13   -7   -7   -16  -13  -10   -7  ---- ---- ---- ----
18 16:11:39 21    7   -14  -15   -7   -7   -16  -13  -10   -7  ---- ---- ---- ----
;            Ch1    Ch2    Ch3    Ch4      blue   green  brown
;  alpha:   0.086  0.099  0.104  0.129     0.111 -0.000  0.100
; ETRmax:    25.6   22.8   22.4   20.0      21.6    0.0   22.2
;     Ik:   298.2  229.4  214.5  154.4     195.1    0.0  223.3
;References: BL_US PMDA0174.REF2 GR_US PMDA0174.REF2 BR_US PMDA0174.REF2

;LTK_60M05152019

15MAY2019  16:14:56  Gain: 21  Zoff: 48 20 56 61
No   Time    G  PAR    F1   F2   F3   F4   Fm1  Fm2  Fm3  Fm4    Y1   Y2   Y3   Y4
 1 16:14:56 21    7   350  474  199  195   449  609  274  294  0.22 0.22 0.27 0.34
 2 16:15:17 21    7   333  460  191  184   472  608  283  310  0.29 0.24 0.33 0.41
 3 16:15:38 21    7   355  478  202  199   473  620  288  305  0.25 0.23 0.30 0.35
 4 16:15:58 21    7   356  478  204  201   443  595  263  288  0.20 0.20 0.22 0.30
 5 16:16:18 21    7   369  486  213  212   459  607  287  302  0.20 0.20 0.26 0.30
 6 16:16:38 21    7   375  490  217  216   450  600  270  296  0.17 0.18 0.20 0.27
 7 16:16:59 21    7   375  491  219  218   440  591  278  295  0.15 0.17 0.21 0.26
 8 16:17:19 21    7   377  495  222  221   446  595  280  292  0.15 0.17 0.21 0.24
 9 16:17:39 21    7   386  501  227  229   447  601  275  295  0.14 0.17 0.17 0.22
10 16:17:59 21    7   386  501  229  230   443  590  275  292  0.13 0.15 0.17 0.21
11 16:18:20 21    7   381  498  228  227   431  584  276  293  0.12 0.15 0.17 0.23
12 16:18:40 21    7   383  501  230  230   430  587  270  282  0.11 0.15 0.15 0.18
13 16:19:00 21    7   382  501  231  231   425  581  275  287  0.10 0.14 0.16 0.20
14 16:19:21 21    7   380  501  233  232   419  573  273  286  0.09 0.13 0.15 0.19
No   Time    G  PAR    F1   F2   F3   F4   Fm1  Fm2  Fm3  Fm4    Y1   Y2   Y3   Y4
15 16:19:41 21    7   389  510  243  243   196  409   95  177  ---- ---- ---- ----
16 16:20:01 21    7    -5   40   -2   -2   -16   -6  -10   -7  ---- ---- ---- ----
17 16:20:21 21    7   -14  -14   -7   -7   -16  -13  -10   -7  ---- ---- ---- ----
18 16:20:42 21    7   -14  -15   -7   -7   -16  -13  -10   -7  ---- ---- ---- ----
;            Ch1    Ch2    Ch3    Ch4      blue   green  brown
;  alpha:   0.063  0.070  0.086  0.109     0.113 -0.000  0.071
; ETRmax:    46.0   50.9   25.4   21.5      21.4    0.0   55.0
;     Ik:   730.5  730.5  296.3  197.7     188.7    0.0  771.1
;References: BL_US PMDA0174.REF2 GR_US PMDA0174.REF2 BR_US PMDA0174.REF2

;LTK_70M05152019

15MAY2019  16:23:38  Gain: 21  Zoff: 48 20 56 61
No   Time    G  PAR    F1   F2   F3   F4   Fm1  Fm2  Fm3  Fm4    Y1   Y2   Y3   Y4
 1 16:23:39 21    7   359  424  196  194   434  513  255  273  0.17 0.17 0.23 0.29
 2 16:24:01 21    7   331  403  183  176   436  510  260  276  0.24 0.21 0.30 0.36
 3 16:24:21 21    7   350  417  194  191   440  505  261  278  0.20 0.17 0.26 0.31
 4 16:24:41 21    7   355  421  198  196   426  498  258  280  0.17 0.15 0.23 0.30
 5 16:25:01 21    7   361  425  202  201   423  496  249  268  0.15 0.14 0.19 0.25
 6 16:25:22 21    7   370  429  207  207   444  505  260  286  0.17 0.15 0.20 0.28
 7 16:25:42 21    7   404  456  219  222   474  535  270  286  0.15 0.15 0.19 0.22
 8 16:26:02 21    7   424  464  223  228   484  533  263  286  0.12 0.13 0.15 0.20
 9 16:26:23 21    7   402  450  221  223   453  523  259  285  0.11 0.14 0.15 0.22
10 16:26:43 21    7   414  459  228  233   472  527  272  289  0.12 0.13 0.16 0.19
11 16:27:03 21    7   396  445  221  224   428  494  249  264  0.07 0.10 0.11 0.15
12 16:27:23 21    7   372  427  215  214   412  482  252  265  0.10 0.11 0.15 0.19
13 16:27:44 21    7   373  428  217  217   424  484  248  267  0.12 0.12 0.13 0.19
14 16:28:04 21    7   409  454  233  238   472  518  268  291  0.13 0.12 0.13 0.18
No   Time    G  PAR    F1   F2   F3   F4   Fm1  Fm2  Fm3  Fm4    Y1   Y2   Y3   Y4
15 16:28:24 21    7   435  473  245  255   224  322   77  161  ---- ---- ---- ----
16 16:28:45 21    7    -3    4   -3   -2   -16  -12  -10   -7  ---- ---- ---- ----
17 16:29:05 21    6   -14  -15   -7   -7   -16  -13  -10   -7  ---- ---- ---- ----
18 16:29:25 21    6   -14  -15   -7   -7   -16  -13  -10   -7  ---- ---- ---- ----
;            Ch1    Ch2    Ch3    Ch4      blue   green  brown
;  alpha:   0.069  0.061  0.079  0.097     0.096 -0.000  0.070
; ETRmax:    50.3   44.0   30.0   23.0      21.9    0.0   51.5
;     Ik:   730.0  719.0  377.5  235.9     227.3    0.0  740.2
;References: BL_US PMDA0174.REF2 GR_US PMDA0174.REF2 BR_US PMDA0174.REF2

;LTK_80M05152019

15MAY2019  16:31:47  Gain: 21  Zoff: 48 20 56 61
No   Time    G  PAR    F1   F2   F3   F4   Fm1  Fm2  Fm3  Fm4    Y1   Y2   Y3   Y4
 1 16:31:48 21    7   325  350  178  173   385  398  223  232  0.16 0.12 0.20 0.25
 2 16:32:09 21    6   300  336  165  157   404  417  238  255  0.26 0.19 0.31 0.38
 3 16:32:29 21    6   328  350  181  176   397  405  234  247  0.17 0.14 0.23 0.29
 4 16:32:50 21    7   328  349  182  177   387  398  227  235  0.15 0.12 0.20 0.25
 5 16:33:10 21    7   330  350  185  180   376  400  221  233  0.12 0.13 0.16 0.23
 6 16:33:30 21    7   331  352  187  183   373  391  227  237  0.11 0.10 0.18 0.23
 7 16:33:51 21    7   334  350  190  185   378  387  226  233  0.12 0.10 0.16 0.21
 8 16:34:11 21    6   342  353  196  193   384  392  232  243  0.11 0.10 0.16 0.21
 9 16:34:31 21    7   346  354  199  196   383  391  227  241  0.10 0.09 0.12 0.19
10 16:34:51 21    6   338  348  195  191   371  380  228  234  0.09 0.08 0.14 0.18
11 16:35:12 21    6   343  350  199  196   384  381  230  244  0.11 0.08 0.13 0.20
12 16:35:32 21    7   347  352  202  199   382  385  225  235  0.09 0.09 0.10 0.15
13 16:35:52 21    6   343  349  201  198   378  377  226  239  0.09 0.07 0.11 0.17
14 16:36:13 21    6   345  347  205  201   372  386  233  228  0.07 0.10 0.12 0.12
No   Time    G  PAR    F1   F2   F3   F4   Fm1  Fm2  Fm3  Fm4    Y1   Y2   Y3   Y4
15 16:36:33 21    6   349  347  209  206   171  236   83  157  ---- ---- ---- ----
16 16:36:53 21    6    -6   -6   -3   -3   -16  -13  -10   -7  ---- ---- ---- ----
17 16:37:13 21    6   -14  -15   -8   -7   -16  -13  -10   -7  ---- ---- ---- ----
18 16:37:34 21    6   -14  -15   -7   -7   -16  -13  -10   -7  ---- ---- ---- ----
;            Ch1    Ch2    Ch3    Ch4      blue   green  brown
;  alpha:   0.050  0.051  0.069  0.087     0.097 -0.000  0.048
; ETRmax:    27.6   29.2   50.7   24.5      23.0    0.0   25.6
;     Ik:   554.9  576.4  733.7  281.1     237.3    0.0  530.4
;References: BL_US PMDA0174.REF2 GR_US PMDA0174.REF2 BR_US PMDA0174.REF2

;LTK_90M05152019

15MAY2019  16:39:48  Gain: 21  Zoff: 48 20 56 61
No   Time    G  PAR    F1   F2   F3   F4   Fm1  Fm2  Fm3  Fm4    Y1   Y2   Y3   Y4
 1 16:39:48 21    6   323  335  181  180   398  400  230  253  0.19 0.16 0.21 0.29
 2 16:40:10 21    6   297  321  169  163   425  413  249  263  0.30 0.22 0.32 0.38
 3 16:40:30 21    6   327  336  184  183   418  406  234  256  0.22 0.17 0.21 0.29
 4 16:40:50 21    6   343  351  192  193   418  417  238  269  0.18 0.16 0.19 0.28
 5 16:41:11 21    6   348  352  195  197   417  419  242  260  0.17 0.16 0.19 0.24
 6 16:41:31 21    6   354  354  197  199   421  416  241  256  0.16 0.15 0.18 0.22
 7 16:41:51 21    6   358  353  199  201   424  402  236  258  0.16 0.12 0.16 0.22
 8 16:42:11 21    5   359  350  200  202   417  399  244  251  0.14 0.12 0.18 0.20
 9 16:42:32 21    6   366  347  202  203   424  397  242  254  0.14 0.13 0.17 0.20
10 16:42:52 21    6   364  347  203  205   413  387  238  256  0.12 0.10 0.15 0.20
11 16:43:12 21    6   363  348  205  206   406  387  239  257  0.11 0.10 0.14 0.20
12 16:43:32 21    6   360  345  206  207   405  379  236  253  0.11 0.09 0.13 0.18
13 16:43:53 21    6   364  346  209  210   404  386  242  251  0.10 0.10 0.14 0.16
14 16:44:13 21    6   367  345  212  215   406  386  239  254  0.10 0.11 0.11 0.15
No   Time    G  PAR    F1   F2   F3   F4   Fm1  Fm2  Fm3  Fm4    Y1   Y2   Y3   Y4
15 16:44:33 21    6   364  340  216  217   194  231   92  169  ---- ---- ---- ----
16 16:44:54 21    6    -5   -7   -3   -3   -16  -13  -10   -7  ---- ---- ---- ----
17 16:45:14 21    6   -14  -15   -7   -7   -16  -13  -10   -7  ---- ---- ---- ----
18 16:45:34 21    6   -14  -15   -7   -7   -16  -13  -10   -7  ---- ---- ---- ----
;            Ch1    Ch2    Ch3    Ch4      blue   green  brown
;  alpha:   0.060  0.060  0.069  0.090     0.085 -0.000  0.063
; ETRmax:    36.4   44.0   50.0   23.7      25.0    0.0   48.1
;     Ik:   603.9  733.3  725.4  264.1     293.9    0.0  760.7
;References: BL_US PMDA0174.REF2 GR_US PMDA0174.REF2 BR_US PMDA0174.REF2

;LTK_100M05152019

15MAY2019  16:50:08  Gain: 21  Zoff: 48 20 56 61
No   Time    G  PAR    F1   F2   F3   F4   Fm1  Fm2  Fm3  Fm4    Y1   Y2   Y3   Y4
 1 16:50:08 21    6   227  278  132  119   259  309  160  170  0.12 0.10 0.17 0.30
 2 16:50:30 21    6   225  276  131  117   253  314  161  168  0.11 0.12 0.19 0.30
 3 16:50:50 21    6   227  277  132  119   261  314  158  164  0.13 0.12 0.16 0.27
 4 16:51:10 21    5   229  278  135  122   258  311  166  162  0.11 0.11 0.19 0.25
 5 16:51:31 21    6   230  277  136  123   256  302  161  157  0.10 0.08 0.16 0.22
 6 16:51:51 21    6   229  275  137  124   261  305  165  160  0.12 0.10 0.17 0.23
 7 16:52:11 21    6   231  275  140  126   264  298  174  176  0.13 0.08 0.20 0.28
 8 16:52:31 21    5   233  274  142  129   259  309  172  173  0.10 0.11 0.17 0.25
 9 16:52:52 21    6   233  273  143  131   261  302  169  167  0.11 0.10 0.15 0.22
10 16:53:12 21    6   235  273  145  133   262  299  174  173  0.10 0.09 0.17 0.23
11 16:53:32 21    6   237  272  147  135   258  301  175  170  0.08 0.10 0.16 0.21
12 16:53:53 21    6   237  272  148  136   261  303  174  179  0.09 0.10 0.15 0.24
13 16:54:13 21    6   237  271  149  138   267  297  176  175  0.11 0.09 0.15 0.21
14 16:54:33 21    6   240  269  152  141   263  295  176  174  0.09 0.09 0.14 0.19
No   Time    G  PAR    F1   F2   F3   F4   Fm1  Fm2  Fm3  Fm4    Y1   Y2   Y3   Y4
15 16:54:53 21    6   241  266  156  145   124  207   87  130  ---- ---- ---- ----
16 16:55:14 21    6    -9   -9   -4   -4   -16  -13  -10   -7  ---- ---- ---- ----
17 16:55:34 21    6   -14  -15   -7   -7   -16  -13  -10   -7  ---- ---- ---- ----
18 16:55:54 21    6   -14  -15   -7   -7   -16  -13  -10   -7  ---- ---- ---- ----
;            Ch1    Ch2    Ch3    Ch4      blue   green  brown
;  alpha:   0.045  0.044  0.066 820739.9     2.750 -0.000  0.043
; ETRmax:    65.4   52.9   58.4    0.6       0.9    0.0   59.9
;     Ik:  1438.8 1194.9  878.1    0.0       0.3    0.0 1380.1
;References: BL_US PMDA0174.REF2 GR_US PMDA0174.REF2 BR_US PMDA0174.REF2

;LTK_110M05152019

15MAY2019  16:59:26  Gain: 21  Zoff: 48 20 56 61
No   Time    G  PAR    F1   F2   F3   F4   Fm1  Fm2  Fm3  Fm4    Y1   Y2   Y3   Y4
 1 16:59:26 21    6   237  286  137  127   266  314  169  172  0.11 0.09 0.19 0.26
 2 16:59:48 21    6   232  283  135  124   273  327  173  176  0.15 0.13 0.22 0.30
 3 17:00:08 21    6   238  285  138  128   275  311  174  168  0.13 0.08 0.21 0.24
 4 17:00:28 21    6   241  287  141  131   277  324  169  177  0.13 0.11 0.17 0.26
 5 17:00:49 21    6   243  286  143  134   272  315  177  183  0.11 0.09 0.19 0.27
 6 17:01:09 21    6   241  283  144  134   265  316  172  178  0.09 0.10 0.16 0.25
 7 17:01:29 21    6   245  285  147  137   282  317  176  179  0.13 0.10 0.16 0.23
 8 17:01:49 21    6   248  286  149  140   276  318  176  179  0.10 0.10 0.15 0.22
 9 17:02:10 21    6   246  284  150  140   268  313  168  179  0.08 0.09 0.11 0.22
10 17:02:30 21    6   248  282  152  143   272  315  177  177  0.09 0.10 0.14 0.19
11 17:02:50 21    6   249  281  155  145   279  305  182  176  0.11 0.08 0.15 0.18
12 17:03:10 21    6   251  281  156  148   278  311  180  189  0.10 0.10 0.13 0.22
13 17:03:31 21    6   253  281  158  149   278  309  177  183  0.09 0.09 0.11 0.19
14 17:03:51 21    6   255  280  162  153   281  302  184  189  0.09 0.07 0.12 0.19
No   Time    G  PAR    F1   F2   F3   F4   Fm1  Fm2  Fm3  Fm4    Y1   Y2   Y3   Y4
15 17:04:11 21    6   255  277  164  156   126  192   76  133  ---- ---- ---- ----
16 17:04:32 21    6    -9   -9   -4   -4   -16  -13  -10   -7  ---- ---- ---- ----
17 17:04:52 21    6   -14  -15   -8   -7   -16  -13  -10   -7  ---- ---- ---- ----
18 17:05:12 21    6   -14  -15   -7   -7   -16  -13  -10   -7  ---- ---- ---- ----
;            Ch1    Ch2    Ch3    Ch4      blue   green  brown
;  alpha:   0.047  0.040  0.067  0.096     0.109 -0.000  0.044
; ETRmax:    25.2   21.5   56.8   22.7      21.9    0.0   54.6
;     Ik:   532.2  535.5  846.1  236.9     200.6    0.0 1229.7
;References: BL_US PMDA0174.REF2 GR_US PMDA0174.REF2 BR_US PMDA0174.REF2

;LTK_120M05152019

15MAY2019  17:08:01  Gain: 21  Zoff: 48 20 56 61
No   Time    G  PAR    F1   F2   F3   F4   Fm1  Fm2  Fm3  Fm4    Y1   Y2   Y3   Y4
 1 17:08:01 21    6   229  281  128  115   256  311  158  161  0.11 0.10 0.19 0.29
 2 17:08:23 21    6   228  280  129  115   265  310  159  163  0.14 0.10 0.19 0.29
 3 17:08:43 21    6   229  281  129  116   257  312  159  163  0.11 0.10 0.19 0.29
 4 17:09:03 21    6   231  281  131  118   258  306  155  159  0.10 0.08 0.15 0.26
 5 17:09:24 21    6   231  280  133  119   252  314  157  159  0.08 0.11 0.15 0.25
 6 17:09:44 21    6   231  278  134  120   264  307  166  153  0.13 0.09 0.19 0.22
 7 17:10:04 21    6   232  277  135  122   256  299  158  154  0.09 0.07 0.15 0.21
 8 17:10:24 21    5   233  277  137  124   256  306  166  159  0.09 0.09 0.17 0.22
 9 17:10:45 21    6   234  276  140  126   252  299  166  168  0.07 0.08 0.16 0.25
10 17:11:05 21    6   235  275  141  128   260  307  169  164  0.10 0.10 0.17 0.22
11 17:11:25 21    6   237  274  142  129   265  299  165  169  0.11 0.08 0.14 0.24
12 17:11:46 21    6   237  273  144  131   266  301  158  164  0.11 0.09 0.09 0.20
13 17:12:06 21    6   238  272  146  133   259  296  166  168  0.08 0.08 0.12 0.21
14 17:12:26 21    6   241  271  149  136   270  297  174  174  0.11 0.09 0.14 0.22
No   Time    G  PAR    F1   F2   F3   F4   Fm1  Fm2  Fm3  Fm4    Y1   Y2   Y3   Y4
15 17:12:46 21    6   242  269  152  140   122  198   78  121  ---- ---- ---- ----
16 17:13:07 21    5    -9   -9   -5   -4   -16  -13  -10   -7  ---- ---- ---- ----
17 17:13:27 21    5   -14  -15   -7   -7   -16  -13  -10   -7  ---- ---- ---- ----
18 17:13:47 21    5   -14  -15   -7   -7   -16  -13  -10   -7  ---- ---- ---- ----
;            Ch1    Ch2    Ch3    Ch4      blue   green  brown
;  alpha:   0.048  0.040  0.068  0.105     0.128 -0.000  0.045
; ETRmax:    25.8   19.3   69.6   22.0      20.7    0.0   66.3
;     Ik:   539.8  484.8 1026.6  208.8     161.9    0.0 1480.9
;References: BL_US PMDA0174.REF2 GR_US PMDA0174.REF2 BR_US PMDA0174.REF2

;LTK_130M05152019

15MAY2019  17:16:38  Gain: 21  Zoff: 48 20 56 61
No   Time    G  PAR    F1   F2   F3   F4   Fm1  Fm2  Fm3  Fm4    Y1   Y2   Y3   Y4
 1 17:16:38 21    6   222  274  127  113   252  296  155  160  0.12 0.07 0.18 0.29
 2 17:17:00 21    6   221  273  128  114   261  313  158  163  0.15 0.13 0.19 0.30
 3 17:17:20 21    6   224  275  129  115   257  311  158  165  0.13 0.12 0.18 0.30
 4 17:17:40 21    6   225  275  131  117   251  309  161  158  0.10 0.11 0.19 0.26
 5 17:18:00 21    6   225  273  133  119   247  303  159  157  0.09 0.10 0.16 0.24
 6 17:18:21 21    5   225  271  134  120   251  305  163  164  0.10 0.11 0.18 0.27
 7 17:18:41 21    6   227  271  136  122   251  300  159  161  0.10 0.10 0.14 0.24
 8 17:19:01 21    6   228  270  138  124   255  308  166  167  0.11 0.12 0.17 0.26
 9 17:19:22 21    6   229  269  139  125   256  299  170  158  0.11 0.10 0.18 0.21
10 17:19:42 21    6   230  268  141  127   262  299  165  163  0.12 0.10 0.15 0.22
11 17:20:02 21    6   231  268  143  129   261  296  169  169  0.11 0.09 0.15 0.24
12 17:20:22 21    6   232  267  144  131   252  298  171  162  0.08 0.10 0.16 0.19
13 17:20:43 21    5   233  266  146  133   256  287  172  171  0.09 0.07 0.15 0.22
14 17:21:03 21    6   235  264  148  136   260  290  180  171  0.10 0.09 0.18 0.20
No   Time    G  PAR    F1   F2   F3   F4   Fm1  Fm2  Fm3  Fm4    Y1   Y2   Y3   Y4
15 17:21:23 21    6   237  262  152  139   121  195   78  125  ---- ---- ---- ----
16 17:21:44 21    5    -9   -9   -5   -4   -16  -13  -10   -7  ---- ---- ---- ----
17 17:22:04 21    5   -14  -15   -7   -7   -16  -13  -10   -7  ---- ---- ---- ----
18 17:22:24 21    5   -14  -15   -8   -7   -16  -13  -10   -7  ---- ---- ---- ----
;            Ch1    Ch2    Ch3    Ch4      blue   green  brown
;  alpha:   0.048  0.044  0.077  0.100     0.258 -0.000  0.045
; ETRmax:    27.7   54.6   33.0   22.7       0.7    0.0   73.1
;     Ik:   572.2 1229.3  430.8  227.4       2.8    0.0 1631.8
;References: BL_US PMDA0174.REF2 GR_US PMDA0174.REF2 BR_US PMDA0174.REF2

;LTK_140M05152019

15MAY2019  17:24:16  Gain: 21  Zoff: 48 20 56 61
No   Time    G  PAR    F1   F2   F3   F4   Fm1  Fm2  Fm3  Fm4    Y1   Y2   Y3   Y4
 1 17:24:16 21    5   463  511  181  168   487  532  212  213  0.05 0.04 0.15 0.21
 2 17:24:37 21    5   463  513  182  169   491  542  210  213  0.06 0.05 0.13 0.21
 3 17:24:58 21    6   463  511  182  169   482  541  214  207  0.04 0.06 0.15 0.18
 4 17:25:18 21    5   463  509  184  171   489  535  216  222  0.05 0.05 0.15 0.23
 5 17:25:38 21    6   463  508  186  172   488  533  216  212  0.05 0.05 0.14 0.19
 6 17:25:59 21    6   461  504  187  173   485  539  216  217  0.05 0.06 0.13 0.20
 7 17:26:19 21    6   462  503  188  175   491  534  213  225  0.06 0.06 0.12 0.22
 8 17:26:39 21    6   462  501  190  177   496  534  221  220  0.07 0.06 0.14 0.20
 9 17:26:59 21    5   462  499  192  179   483  520  214  222  0.04 0.04 0.10 0.19
10 17:27:20 21    6   462  498  193  180   485  523  216  209  0.05 0.05 0.11 0.14
11 17:27:40 21    6   461  495  194  181   489  519  224  217  0.06 0.05 0.13 0.17
12 17:28:00 21    5   459  492  195  183   480  513  221  222  0.04 0.04 0.12 0.18
13 17:28:20 21    5   459  489  196  183   481  512  210  227  0.05 0.04 0.07 0.19
14 17:28:41 21    5   458  485  199  186   480  502  225  218  0.05 0.03 0.12 0.15
No   Time    G  PAR    F1   F2   F3   F4   Fm1  Fm2  Fm3  Fm4    Y1   Y2   Y3   Y4
15 17:29:01 21    5   461  483  203  190   283  368   81  135  ---- ---- ---- ----
16 17:29:21 21    5    16   43   -4   -4   -14   -7  -10   -7  ---- ---- ---- ----
17 17:29:42 21    5   -13  -14   -7   -7   -16  -13  -10   -7  ---- ---- ---- ----
18 17:30:02 21    5   -14  -15   -8   -7   -16  -13  -10   -7  ---- ---- ---- ----
;            Ch1    Ch2    Ch3    Ch4      blue   green  brown
;  alpha:   0.053  0.053  0.055  0.080     0.171 -0.000  0.053
; ETRmax:   416.5  416.5   36.3   29.6     542.6    0.0  416.5
;     Ik:  7833.9 7833.9  659.6  371.4    3166.5    0.0 7833.9
;References: BL_US PMDA0174.REF2 GR_US PMDA0174.REF2 BR_US PMDA0174.REF2