Gain: 20  Zoff: 167 179 131 127

;LTK_09032018_0m



03SEP2018  16:26:09  Gain: 20  Zoff: 167 179 131 127
No   Time    G  PAR    F1   F2   F3   F4   Fm1  Fm2  Fm3  Fm4    Y1   Y2   Y3   Y4
 1 16:26:09 20 3386   203  235  109  126   319  347  196  238  0.36 0.32 0.44 0.47
 2 16:26:30 20 3387   212  236  113  130   355  356  210  253  0.40 0.34 0.46 0.49
 3 16:26:51 20 3388   213  243  116  134   345  360  204  248  0.38 0.33 0.43 0.46
 4 16:27:11 20 3391   214  246  117  135   337  367  201  242  0.36 0.33 0.42 0.44
 5 16:27:31 20 3385   221  252  122  141   335  364  201  245  0.34 0.31 0.39 0.42
 6 16:27:51 20 3383   219  252  123  142   315  356  198  236  0.30 0.29 0.38 0.40
 7 16:28:12 20 3385   213  248  123  140   295  334  185  229  0.28 0.26 0.34 0.39
 8 16:28:32 20 3385   206  245  122  139   280  333  181  215  0.26 0.26 0.33 0.35
 9 16:28:52 20 3389   205  245  123  140   271  328  180  215  0.24 0.25 0.32 0.35
10 16:29:13 20 3384   208  248  125  142   280  325  180  214  0.26 0.24 0.31 0.34
;            Ch1    Ch2    Ch3    Ch4      blue   green  brown
;  alpha:   0.293  0.276  0.363  0.400     0.415 -0.000  0.292
; ETRmax:   742.5  528.5  767.4  793.6    1076.3    0.0  737.7
;     Ik:  2536.7 1912.6 2114.4 1985.8    2592.3    0.0 2524.2
;References: BL_US PMDA0174.REF2 GR_US PMDA0174.REF2 BR_US PMDA0174.REF2

;LTK_09032018_10m



03SEP2018  16:33:33  Gain: 20  Zoff: 167 179 131 127
No   Time    G  PAR    F1   F2   F3   F4   Fm1  Fm2  Fm3  Fm4    Y1   Y2   Y3   Y4
 1 16:33:34 20 3393   148  171  117  120   265  293  227  247  0.44 0.42 0.48 0.51
 2 16:33:55 20 3382   142  165  120  120   276  289  247  261  0.49 0.43 0.51 0.54
 3 16:34:16 20 3387   151  176  131  131   279  313  257  270  0.46 0.44 0.49 0.51
 4 16:34:36 20 3382   151  178  131  132   270  310  236  253  0.44 0.43 0.44 0.48
 5 16:34:56 20 3384   151  178  136  135   256  303  235  255  0.41 0.41 0.42 0.47
 6 16:35:16 20 3387   154  180  144  143   248  296  240  255  0.38 0.39 0.40 0.44
 7 16:35:37 20 3384   156  180  146  144   241  287  225  242  0.35 0.37 0.35 0.40
 8 16:35:57 20 3386   150  175  132  134   224  276  204  218  0.33 0.37 0.35 0.39
 9 16:36:17 20 3384   142  171  128  130   211  267  205  216  0.33 0.36 0.38 0.40
10 16:36:37 20 3382   142  172  138  137   212  264  210  222  0.33 0.35 0.34 0.38
;            Ch1    Ch2    Ch3    Ch4      blue   green  brown
;  alpha:  32954.95  0.381  0.408  0.454     0.409 -0.000  0.404
; ETRmax:  2918.4  781.0  801.6  836.7     801.9    0.0  797.7
;     Ik:     0.1 2049.4 1963.7 1844.5    1959.6    0.0 1975.6
;References: BL_US PMDA0174.REF2 GR_US PMDA0174.REF2 BR_US PMDA0174.REF2

;LTK_09032018_20m



03SEP2018  16:40:55  Gain: 20  Zoff: 167 179 131 127
No   Time    G  PAR    F1   F2   F3   F4   Fm1  Fm2  Fm3  Fm4    Y1   Y2   Y3   Y4
 1 16:40:55 20 3384   190  199  108  120   365  382  223  266  0.48 0.48 0.52 0.55
 2 16:41:16 20 3387   174  184   95  107   388  374  216  264  0.55 0.51 0.56 0.59
 3 16:41:37 20 3386   188  200   97  113   384  405  213  259  0.51 0.51 0.54 0.56
 4 16:41:57 20 3392   194  207  109  123   365  400  223  267  0.47 0.48 0.51 0.54
 5 16:42:17 20 3389   186  203  101  116   355  386  192  241  0.48 0.47 0.47 0.52
 6 16:42:37 20 3389   199  213  105  122   371  400  207  255  0.46 0.47 0.49 0.52
 7 16:42:58 20 3382   212  220  113  132   361  382  205  255  0.41 0.42 0.45 0.48
 8 16:43:18 20 3389   203  215  110  130   319  359  189  234  0.36 0.40 0.42 0.44
 9 16:43:38 20 3383   203  214  110  131   332  368  196  239  0.39 0.42 0.44 0.45
10 16:43:59 20 3392   205  216  112  132   313  352  185  231  0.35 0.39 0.39 0.43
;            Ch1    Ch2    Ch3    Ch4      blue   green  brown
;  alpha:   0.445  0.456  0.490 199967.9    33694.48 -0.000 405561.5
; ETRmax:   828.7  842.5  867.2 3328.4    2402.6    0.0 3273.2
;     Ik:  1863.6 1849.4 1770.7    0.0       0.1    0.0    0.0
;References: BL_US PMDA0174.REF2 GR_US PMDA0174.REF2 BR_US PMDA0174.REF2

;LTK_09032018_30m



03SEP2018  16:46:32  Gain: 20  Zoff: 167 179 131 127
No   Time    G  PAR    F1   F2   F3   F4   Fm1  Fm2  Fm3  Fm4    Y1   Y2   Y3   Y4
 1 16:46:32 20 3387   168  217   94  106   289  392  183  217  0.42 0.45 0.49 0.51
 2 16:46:54 20 3384   140  197   86   94   304  393  196  230  0.54 0.50 0.56 0.59
 3 16:47:14 20 3379   147  208   93  100   291  405  193  226  0.49 0.49 0.52 0.56
 4 16:47:34 20 3388   150  212   92  101   295  408  192  224  0.49 0.48 0.52 0.55
 5 16:47:55 20 3382   165  221   98  110   304  409  194  229  0.46 0.46 0.49 0.52
 6 16:48:15 20 3383   163  219   98  110   274  388  180  210  0.41 0.44 0.46 0.48
 7 16:48:35 20 3386   155  215   97  107   263  384  183  211  0.41 0.44 0.47 0.49
 8 16:48:55 20 3379   159  222  102  113   261  381  187  218  0.39 0.42 0.45 0.48
 9 16:49:16 20 3389   169  227  108  120   264  378  185  214  0.36 0.40 0.42 0.44
10 16:49:36 20 3387   167  228  108  121   252  376  177  207  0.34 0.39 0.39 0.42
;            Ch1    Ch2    Ch3    Ch4      blue   green  brown
;  alpha:   0.412  0.430  0.466  0.498     0.448 -0.000  0.446
; ETRmax:  1086.0 1115.1 1177.8 1241.5    1157.2    0.0 1148.4
;     Ik:  2637.2 2592.7 2525.0 2492.9    2585.9    0.0 2573.6
;References: BL_US PMDA0174.REF2 GR_US PMDA0174.REF2 BR_US PMDA0174.REF2

;LTK_09032018_40m



03SEP2018  16:51:19  Gain: 20  Zoff: 167 179 131 127
No   Time    G  PAR    F1   F2   F3   F4   Fm1  Fm2  Fm3  Fm4    Y1   Y2   Y3   Y4
 1 16:51:19 20 3387   117  168   73   83   241  367  166  197  0.51 0.54 0.56 0.58
 2 16:51:41 20 3387   119  181   75   81   253  370  178  206  0.53 0.51 0.58 0.61
 3 16:52:01 20 3395   116  182   73   81   225  365  161  190  0.48 0.50 0.55 0.57
 4 16:52:21 20 3389   116  183   73   80   225  358  155  185  0.48 0.49 0.53 0.57
 5 16:52:41 20 3390   113  184   74   81   209  355  155  183  0.46 0.48 0.52 0.56
 6 16:53:02 20 3395   115  186   78   85   210  351  153  185  0.45 0.47 0.49 0.54
 7 16:53:22 20 3386   118  188   79   87   209  348  157  180  0.44 0.46 0.50 0.52
 8 16:53:42 20 3382   147  211   89  101   240  367  161  194  0.39 0.43 0.45 0.48
 9 16:54:03 20 3385   134  203   86   96   198  337  147  175  0.32 0.40 0.41 0.45
10 16:54:23 20 3391   116  192   83   91   182  326  146  170  0.36 0.41 0.43 0.46
;            Ch1    Ch2    Ch3    Ch4      blue   green  brown
;  alpha:   0.441  0.475 74018.26  0.569    139311.9 -0.000 721925.2
; ETRmax:   826.5  853.1 3009.9  917.3    3195.9    0.0 3540.4
;     Ik:  1874.1 1796.5    0.0 1613.1       0.0    0.0    0.0
;References: BL_US PMDA0174.REF2 GR_US PMDA0174.REF2 BR_US PMDA0174.REF2

;LTK_09032018_50m



03SEP2018  16:56:12  Gain: 20  Zoff: 167 179 131 127
No   Time    G  PAR    F1   F2   F3   F4   Fm1  Fm2  Fm3  Fm4    Y1   Y2   Y3   Y4
 1 16:56:13 20 3380   125  124   56   67   205  206  111  139  0.39 0.40 0.50 0.52
 2 16:56:34 20 3383   103  109   47   54   214  204  108  137  0.52 0.47 0.56 0.61
 3 16:56:55 20 3387    98  102   47   54   177  175  104  128  0.45 0.42 0.55 0.58
 4 16:57:15 20 3387   101  104   48   56   176  171   99  120  0.43 0.39 0.52 0.53
 5 16:57:35 20 3384   104  105   49   57   177  177   99  120  0.41 0.41 0.51 0.53
 6 16:57:56 20 3385   118  115   58   67   193  183  110  133  0.39 0.37 0.47 0.50
 7 16:58:16 20 3384   133  128   66   77   198  195  113  142  0.33 0.34 0.42 0.46
 8 16:58:36 20 3381   132  129   65   78   186  185  105  132  0.29 0.30 0.38 0.41
 9 16:58:56 20 3381   131  124   65   77   185  179  106  130  0.29 0.31 0.39 0.41
10 16:59:17 20 3387   128  119   66   77   180  169  103  127  0.29 0.30 0.36 0.39
;            Ch1    Ch2    Ch3    Ch4      blue   green  brown
;  alpha:   0.354  0.350  0.452  0.508     0.555 -0.000  0.370
; ETRmax:   973.7  759.3 1155.8  875.0    1321.1    0.0  773.1
;     Ik:  2751.1 2170.9 2558.3 1721.1    2379.7    0.0 2089.4
;References: BL_US PMDA0174.REF2 GR_US PMDA0174.REF2 BR_US PMDA0174.REF2

;LTK_09032018_60m



03SEP2018  17:01:12  Gain: 20  Zoff: 167 179 131 127
No   Time    G  PAR    F1   F2   F3   F4   Fm1  Fm2  Fm3  Fm4    Y1   Y2   Y3   Y4
 1 17:01:13 20 3391    71   63   28   36   131  111   75   94  0.46 0.43 0.63 0.62
 2 17:01:34 20 3390    67   57   26   33   185  152   90  119  0.64 0.63 0.71 0.72
 3 17:01:54 20 3387   191  153   67   88   211  168   95  121  0.09 0.09 0.29 0.27
 4 17:02:15 20 3381    86   69   32   40   149  124   73   95  0.42 0.44 0.56 0.58
 5 17:02:35 20 3385   108   85   39   50   168  128   77   99  0.36 0.34 0.49 0.49
 6 17:02:55 20 3389    81   65   32   40   124   97   67   82  0.35 0.33 0.52 0.51
 7 17:03:16 20 3394    78   61   31   38   132  107   72   87  0.41 0.43 0.57 0.56
 8 17:03:36 20 3384    91   68   37   45   137  106   70   90  0.34 0.36 0.47 0.50
 9 17:03:56 20 3381    83   64   35   42   125   98   67   83  0.34 0.35 0.48 0.49
10 17:04:16 20 3388    90   70   38   46   134  110   69   87  0.33 0.36 0.45 0.47
;            Ch1    Ch2    Ch3    Ch4      blue   green  brown
;  alpha:   0.347  0.351  0.516  0.522     0.782  0.642  0.340
; ETRmax:   960.2  959.9 1260.3 1271.5    1611.5 1446.2  746.7
;     Ik:  2763.8 2735.8 2442.1 2435.3    2059.5 2254.3 2195.8
;References: BL_US PMDA0174.REF2 GR_US PMDA0174.REF2 BR_US PMDA0174.REF2

;LTK_09032018_70m



03SEP2018  17:06:03  Gain: 20  Zoff: 167 179 131 127
No   Time    G  PAR    F1   F2   F3   F4   Fm1  Fm2  Fm3  Fm4    Y1   Y2   Y3   Y4
 1 17:06:03 20 3384    30   30   15   18    73   68   55   68  0.59 0.56 ---- ----
 2 17:06:25 20 3389    42   38   19   23    99   91   68   82  0.58 0.58 ---- 0.72
 3 17:06:45 20 3384    31   30   16   18    67   59   43   58  0.54 0.49 ---- ----
 4 17:07:05 20 3385    22   21   12   13    65   56   48   60  0.66 0.63 ---- ----
 5 17:07:26 20 3389    43   36   21   25    84   72   58   73  0.49 0.50 0.64 0.66
 6 17:07:46 20 3391    52   44   26   32    85   73   59   70  0.39 0.40 0.56 0.54
 7 17:08:06 20 3386    40   35   23   27    69   61   55   66  0.42 0.43 0.58 0.59
 8 17:08:27 20 3386    37   30   23   26    73   58   54   71  0.49 0.48 0.57 0.63
 9 17:08:47 20 3382    45   35   26   30    81   64   56   69  0.44 0.45 0.54 0.57
10 17:09:07 20 3382    53   40   29   34    84   70   59   72  0.37 0.43 0.51 0.53
;            Ch1    Ch2    Ch3    Ch4      blue   green  brown
;  alpha:  111761.6 55375.76  0.620  0.684     0.885  0.823 220415.4
; ETRmax:  3360.0 3300.4  950.7  993.9    1118.4 1654.1 3289.1
;     Ik:     0.0    0.1 1533.3 1452.8    1264.2 2010.0    0.0
;References: BL_US PMDA0174.REF2 GR_US PMDA0174.REF2 BR_US PMDA0174.REF2

;LTK_09032018_80m



03SEP2018  17:11:08  Gain: 20  Zoff: 167 179 131 127
No   Time    G  PAR    F1   F2   F3   F4   Fm1  Fm2  Fm3  Fm4    Y1   Y2   Y3   Y4
 1 17:11:08 20 3388     6   11    7    5    37   38   40   43  ---- ---- ---- ----
 2 17:11:29 20 3391     4    9    7    4    34   42   39   43  ---- ---- ---- ----
 3 17:11:50 20 3383     4    9    7    4    40   36   37   45  ---- ---- ---- ----
 4 17:12:10 20 3383     6    9    8    6    37   37   38   44  ---- ---- ---- ----
 5 17:12:30 20 3384     6    9    9    7    38   37   40   44  ---- ---- ---- ----
 6 17:12:50 20 3384     7    8   11    8    38   33   37   47  ---- ---- ---- ----
 7 17:13:11 20 3391     7    7   12    9    37   34   40   49  ---- ---- ---- ----
 8 17:13:31 20 3385     8    7   13   11    34   32   42   47  ---- ---- ---- ----
 9 17:13:51 20 3392     9    8   14   12    33   32   44   53  ---- ---- ---- ----
10 17:14:12 20 3385    10    9   16   14    39   34   49   48  ---- ---- ---- ----
;            Ch1    Ch2    Ch3    Ch4      blue   green  brown
;  alpha:  -0.000 -0.000 -0.000 -0.000     0.871  0.973  1.127
; ETRmax:     0.0    0.0    0.0    0.0    1696.1 1161.9 1234.9
;     Ik:     0.0    0.0    0.0    0.0    1946.7 1194.5 1096.0
;References: BL_US PMDA0174.REF2 GR_US PMDA0174.REF2 BR_US PMDA0174.REF2

;LTK_09032018_90m






03SEP2018  17:43:20  Gain: 5  Zoff: 0 0 0 0
No   Time    G  PAR    F1   F2   F3   F4   Fm1  Fm2  Fm3  Fm4    Y1   Y2   Y3   Y4
Gain: 5  Zoff: 0 0 0 0
 1 17:43:25  5 3391     2    1    1    1     1    0   -2   -2  ---- ---- ---- ----
 2 17:43:46  5 3389     2    1    0    0     1    0   -2   -2  ---- ---- ---- ----
 3 17:44:07  5 3385     2    1    1    1     1    0   -2   -2  ---- ---- ---- ----
 4 17:44:27  5 3387     2    1    1    1     1    0   -2   -2  ---- ---- ---- ----
 5 17:44:47  5 3391     2    1    1    1     1    0   -2   -2  ---- ---- ---- ----
 6 17:45:07  5 3384     2    1    1    1     1    0   -2   -2  ---- ---- ---- ----
 7 17:45:28  5 3387     2    1    1    0     1    0   -2   -2  ---- ---- ---- ----
 8 17:45:48  5 3384     2    1    1    1     1    0   -2   -2  ---- ---- ---- ----
 9 17:46:08  5 3386     2    1    1    1     1    0   -2   -2  ---- ---- ---- ----
10 17:46:28  5 3385     2    1    1    1     1    0   -2   -2  ---- ---- ---- ----
;            Ch1    Ch2    Ch3    Ch4      blue   green  brown
;  alpha:  -0.000 -0.000 -0.000 -0.000    -0.000 -0.000 -0.000
; ETRmax:     0.0    0.0    0.0    0.0       0.0    0.0    0.0
;     Ik:     0.0    0.0    0.0    0.0       0.0    0.0    0.0
;References: BL_US PMDA0174.REF2 GR_US PMDA0174.REF2 BR_US PMDA0174.REF2


03SEP2018  16:33:33  Gain: 20  Zoff: 167 179 131 127
No   Time    G  PAR    F1   F2   F3   F4   Fm1  Fm2  Fm3  Fm4    Y1   Y2   Y3   Y4
 1 16:33:34 20 3393   148  171  117  120   265  293  227  247  0.44 0.42 0.48 0.51
 2 16:33:55 20 3382   142  165  120  120   276  289  247  261  0.49 0.43 0.51 0.54
 3 16:34:16 20 3387   151  176  131  131   279  313  257  270  0.46 0.44 0.49 0.51
 4 16:34:36 20 3382   151  178  131  132   270  310  236  253  0.44 0.43 0.44 0.48
 5 16:34:56 20 3384   151  178  136  135   256  303  235  255  0.41 0.41 0.42 0.47
 6 16:35:16 20 3387   154  180  144  143   248  296  240  255  0.38 0.39 0.40 0.44
 7 16:35:37 20 3384   156  180  146  144   241  287  225  242  0.35 0.37 0.35 0.40
 8 16:35:57 20 3386   150  175  132  134   224  276  204  218  0.33 0.37 0.35 0.39
 9 16:36:17 20 3384   142  171  128  130   211  267  205  216  0.33 0.36 0.38 0.40
10 16:36:37 20 3382   142  172  138  137   212  264  210  222  0.33 0.35 0.34 0.38
;            Ch1    Ch2    Ch3    Ch4      blue   green  brown
;  alpha:  32954.95  0.381  0.408  0.454     0.409 -0.000  0.404
; ETRmax:  2918.4  781.0  801.6  836.7     801.9    0.0  797.7
;     Ik:     0.1 2049.4 1963.7 1844.5    1959.6    0.0 1975.6
;References: BL_US PMDA0174.REF2 GR_US PMDA0174.REF2 BR_US PMDA0174.REF2

;LTK_09032018_20m



03SEP2018  16:40:55  Gain: 20  Zoff: 167 179 131 127
No   Time    G  PAR    F1   F2   F3   F4   Fm1  Fm2  Fm3  Fm4    Y1   Y2   Y3   Y4
 1 16:40:55 20 3384   190  199  108  120   365  382  223  266  0.48 0.48 0.52 0.55
 2 16:41:16 20 3387   174  184   95  107   388  374  216  264  0.55 0.51 0.56 0.59
 3 16:41:37 20 3386   188  200   97  113   384  405  213  259  0.51 0.51 0.54 0.56
 4 16:41:57 20 3392   194  207  109  123   365  400  223  267  0.47 0.48 0.51 0.54
 5 16:42:17 20 3389   186  203  101  116   355  386  192  241  0.48 0.47 0.47 0.52
 6 16:42:37 20 3389   199  213  105  122   371  400  207  255  0.46 0.47 0.49 0.52
 7 16:42:58 20 3382   212  220  113  132   361  382  205  255  0.41 0.42 0.45 0.48
 8 16:43:18 20 3389   203  215  110  130   319  359  189  234  0.36 0.40 0.42 0.44
 9 16:43:38 20 3383   203  214  110  131   332  368  196  239  0.39 0.42 0.44 0.45
10 16:43:59 20 3392   205  216  112  132   313  352  185  231  0.35 0.39 0.39 0.43
;            Ch1    Ch2    Ch3    Ch4      blue   green  brown
;  alpha:   0.445  0.456  0.490 199967.9    33694.48 -0.000 405561.5
; ETRmax:   828.7  842.5  867.2 3328.4    2402.6    0.0 3273.2
;     Ik:  1863.6 1849.4 1770.7    0.0       0.1    0.0    0.0
;References: BL_US PMDA0174.REF2 GR_US PMDA0174.REF2 BR_US PMDA0174.REF2

;LTK_09032018_30m



03SEP2018  16:46:32  Gain: 20  Zoff: 167 179 131 127
No   Time    G  PAR    F1   F2   F3   F4   Fm1  Fm2  Fm3  Fm4    Y1   Y2   Y3   Y4
 1 16:46:32 20 3387   168  217   94  106   289  392  183  217  0.42 0.45 0.49 0.51
 2 16:46:54 20 3384   140  197   86   94   304  393  196  230  0.54 0.50 0.56 0.59
 3 16:47:14 20 3379   147  208   93  100   291  405  193  226  0.49 0.49 0.52 0.56
 4 16:47:34 20 3388   150  212   92  101   295  408  192  224  0.49 0.48 0.52 0.55
 5 16:47:55 20 3382   165  221   98  110   304  409  194  229  0.46 0.46 0.49 0.52
 6 16:48:15 20 3383   163  219   98  110   274  388  180  210  0.41 0.44 0.46 0.48
 7 16:48:35 20 3386   155  215   97  107   263  384  183  211  0.41 0.44 0.47 0.49
 8 16:48:55 20 3379   159  222  102  113   261  381  187  218  0.39 0.42 0.45 0.48
 9 16:49:16 20 3389   169  227  108  120   264  378  185  214  0.36 0.40 0.42 0.44
10 16:49:36 20 3387   167  228  108  121   252  376  177  207  0.34 0.39 0.39 0.42
;            Ch1    Ch2    Ch3    Ch4      blue   green  brown
;  alpha:   0.412  0.430  0.466  0.498     0.448 -0.000  0.446
; ETRmax:  1086.0 1115.1 1177.8 1241.5    1157.2    0.0 1148.4
;     Ik:  2637.2 2592.7 2525.0 2492.9    2585.9    0.0 2573.6
;References: BL_US PMDA0174.REF2 GR_US PMDA0174.REF2 BR_US PMDA0174.REF2

;LTK_09032018_40m



03SEP2018  16:51:19  Gain: 20  Zoff: 167 179 131 127
No   Time    G  PAR    F1   F2   F3   F4   Fm1  Fm2  Fm3  Fm4    Y1   Y2   Y3   Y4
 1 16:51:19 20 3387   117  168   73   83   241  367  166  197  0.51 0.54 0.56 0.58
 2 16:51:41 20 3387   119  181   75   81   253  370  178  206  0.53 0.51 0.58 0.61
 3 16:52:01 20 3395   116  182   73   81   225  365  161  190  0.48 0.50 0.55 0.57
 4 16:52:21 20 3389   116  183   73   80   225  358  155  185  0.48 0.49 0.53 0.57
 5 16:52:41 20 3390   113  184   74   81   209  355  155  183  0.46 0.48 0.52 0.56
 6 16:53:02 20 3395   115  186   78   85   210  351  153  185  0.45 0.47 0.49 0.54
 7 16:53:22 20 3386   118  188   79   87   209  348  157  180  0.44 0.46 0.50 0.52
 8 16:53:42 20 3382   147  211   89  101   240  367  161  194  0.39 0.43 0.45 0.48
 9 16:54:03 20 3385   134  203   86   96   198  337  147  175  0.32 0.40 0.41 0.45
10 16:54:23 20 3391   116  192   83   91   182  326  146  170  0.36 0.41 0.43 0.46
;            Ch1    Ch2    Ch3    Ch4      blue   green  brown
;  alpha:   0.441  0.475 74018.26  0.569    139311.9 -0.000 721925.2
; ETRmax:   826.5  853.1 3009.9  917.3    3195.9    0.0 3540.4
;     Ik:  1874.1 1796.5    0.0 1613.1       0.0    0.0    0.0
;References: BL_US PMDA0174.REF2 GR_US PMDA0174.REF2 BR_US PMDA0174.REF2

;LTK_09032018_50m



03SEP2018  16:56:12  Gain: 20  Zoff: 167 179 131 127
No   Time    G  PAR    F1   F2   F3   F4   Fm1  Fm2  Fm3  Fm4    Y1   Y2   Y3   Y4
 1 16:56:13 20 3380   125  124   56   67   205  206  111  139  0.39 0.40 0.50 0.52
 2 16:56:34 20 3383   103  109   47   54   214  204  108  137  0.52 0.47 0.56 0.61
 3 16:56:55 20 3387    98  102   47   54   177  175  104  128  0.45 0.42 0.55 0.58
 4 16:57:15 20 3387   101  104   48   56   176  171   99  120  0.43 0.39 0.52 0.53
 5 16:57:35 20 3384   104  105   49   57   177  177   99  120  0.41 0.41 0.51 0.53
 6 16:57:56 20 3385   118  115   58   67   193  183  110  133  0.39 0.37 0.47 0.50
 7 16:58:16 20 3384   133  128   66   77   198  195  113  142  0.33 0.34 0.42 0.46
 8 16:58:36 20 3381   132  129   65   78   186  185  105  132  0.29 0.30 0.38 0.41
 9 16:58:56 20 3381   131  124   65   77   185  179  106  130  0.29 0.31 0.39 0.41
10 16:59:17 20 3387   128  119   66   77   180  169  103  127  0.29 0.30 0.36 0.39
;            Ch1    Ch2    Ch3    Ch4      blue   green  brown
;  alpha:   0.354  0.350  0.452  0.508     0.555 -0.000  0.370
; ETRmax:   973.7  759.3 1155.8  875.0    1321.1    0.0  773.1
;     Ik:  2751.1 2170.9 2558.3 1721.1    2379.7    0.0 2089.4
;References: BL_US PMDA0174.REF2 GR_US PMDA0174.REF2 BR_US PMDA0174.REF2

;LTK_09032018_60m



03SEP2018  17:01:12  Gain: 20  Zoff: 167 179 131 127
No   Time    G  PAR    F1   F2   F3   F4   Fm1  Fm2  Fm3  Fm4    Y1   Y2   Y3   Y4
 1 17:01:13 20 3391    71   63   28   36   131  111   75   94  0.46 0.43 0.63 0.62
 2 17:01:34 20 3390    67   57   26   33   185  152   90  119  0.64 0.63 0.71 0.72
 3 17:01:54 20 3387   191  153   67   88   211  168   95  121  0.09 0.09 0.29 0.27
 4 17:02:15 20 3381    86   69   32   40   149  124   73   95  0.42 0.44 0.56 0.58
 5 17:02:35 20 3385   108   85   39   50   168  128   77   99  0.36 0.34 0.49 0.49
 6 17:02:55 20 3389    81   65   32   40   124   97   67   82  0.35 0.33 0.52 0.51
 7 17:03:16 20 3394    78   61   31   38   132  107   72   87  0.41 0.43 0.57 0.56
 8 17:03:36 20 3384    91   68   37   45   137  106   70   90  0.34 0.36 0.47 0.50
 9 17:03:56 20 3381    83   64   35   42   125   98   67   83  0.34 0.35 0.48 0.49
10 17:04:16 20 3388    90   70   38   46   134  110   69   87  0.33 0.36 0.45 0.47
;            Ch1    Ch2    Ch3    Ch4      blue   green  brown
;  alpha:   0.347  0.351  0.516  0.522     0.782  0.642  0.340
; ETRmax:   960.2  959.9 1260.3 1271.5    1611.5 1446.2  746.7
;     Ik:  2763.8 2735.8 2442.1 2435.3    2059.5 2254.3 2195.8
;References: BL_US PMDA0174.REF2 GR_US PMDA0174.REF2 BR_US PMDA0174.REF2

;LTK_09032018_70m



03SEP2018  17:06:03  Gain: 20  Zoff: 167 179 131 127
No   Time    G  PAR    F1   F2   F3   F4   Fm1  Fm2  Fm3  Fm4    Y1   Y2   Y3   Y4
 1 17:06:03 20 3384    30   30   15   18    73   68   55   68  0.59 0.56 ---- ----
 2 17:06:25 20 3389    42   38   19   23    99   91   68   82  0.58 0.58 ---- 0.72
 3 17:06:45 20 3384    31   30   16   18    67   59   43   58  0.54 0.49 ---- ----
 4 17:07:05 20 3385    22   21   12   13    65   56   48   60  0.66 0.63 ---- ----
 5 17:07:26 20 3389    43   36   21   25    84   72   58   73  0.49 0.50 0.64 0.66
 6 17:07:46 20 3391    52   44   26   32    85   73   59   70  0.39 0.40 0.56 0.54
 7 17:08:06 20 3386    40   35   23   27    69   61   55   66  0.42 0.43 0.58 0.59
 8 17:08:27 20 3386    37   30   23   26    73   58   54   71  0.49 0.48 0.57 0.63
 9 17:08:47 20 3382    45   35   26   30    81   64   56   69  0.44 0.45 0.54 0.57
10 17:09:07 20 3382    53   40   29   34    84   70   59   72  0.37 0.43 0.51 0.53
;            Ch1    Ch2    Ch3    Ch4      blue   green  brown
;  alpha:  111761.6 55375.76  0.620  0.684     0.885  0.823 220415.4
; ETRmax:  3360.0 3300.4  950.7  993.9    1118.4 1654.1 3289.1
;     Ik:     0.0    0.1 1533.3 1452.8    1264.2 2010.0    0.0
;References: BL_US PMDA0174.REF2 GR_US PMDA0174.REF2 BR_US PMDA0174.REF2

;LTK_09032018_80m



03SEP2018  17:11:08  Gain: 20  Zoff: 167 179 131 127
No   Time    G  PAR    F1   F2   F3   F4   Fm1  Fm2  Fm3  Fm4    Y1   Y2   Y3   Y4
 1 17:11:08 20 3388     6   11    7    5    37   38   40   43  ---- ---- ---- ----
 2 17:11:29 20 3391     4    9    7    4    34   42   39   43  ---- ---- ---- ----
 3 17:11:50 20 3383     4    9    7    4    40   36   37   45  ---- ---- ---- ----
 4 17:12:10 20 3383     6    9    8    6    37   37   38   44  ---- ---- ---- ----
 5 17:12:30 20 3384     6    9    9    7    38   37   40   44  ---- ---- ---- ----
 6 17:12:50 20 3384     7    8   11    8    38   33   37   47  ---- ---- ---- ----
 7 17:13:11 20 3391     7    7   12    9    37   34   40   49  ---- ---- ---- ----
 8 17:13:31 20 3385     8    7   13   11    34   32   42   47  ---- ---- ---- ----
 9 17:13:51 20 3392     9    8   14   12    33   32   44   53  ---- ---- ---- ----
10 17:14:12 20 3385    10    9   16   14    39   34   49   48  ---- ---- ---- ----
;            Ch1    Ch2    Ch3    Ch4      blue   green  brown
;  alpha:  -0.000 -0.000 -0.000 -0.000     0.871  0.973  1.127
; ETRmax:     0.0    0.0    0.0    0.0    1696.1 1161.9 1234.9
;     Ik:     0.0    0.0    0.0    0.0    1946.7 1194.5 1096.0
;References: BL_US PMDA0174.REF2 GR_US PMDA0174.REF2 BR_US PMDA0174.REF2


LTK_09032018_90m



03SEP2018  17:53:59  Gain: 5  Zoff: 0 0 0 0
No   Time    G  PAR    F1   F2   F3   F4   Fm1  Fm2  Fm3  Fm4    Y1   Y2   Y3   Y4
 1 17:54:03  5 3387     2    1    1    1     1    0   -2   -2  ---- ---- ---- ----
 2 17:54:24  5 3386     2    1    0    0     1    0   -2   -2  ---- ---- ---- ----
 3 17:54:44  5 3388     2    1    1    0     1    0   -2   -2  ---- ---- ---- ----
 4 17:55:05  5 3373     2    1    1    1     1    0   -2   -2  ---- ---- ---- ----
 5 17:55:25  5 3380     2    1    1    1     1    0   -2   -2  ---- ---- ---- ----
Gain: 22  Zoff: 351 383 276 259

LTK_09032018_90m


03SEP2018  18:09:17  Gain: 22  Zoff: 351 383 276 259
No   Time    G  PAR    F1   F2   F3   F4   Fm1  Fm2  Fm3  Fm4    Y1   Y2   Y3   Y4
 1 18:09:17 22 3385   354  302  137  192   502  420  208  310  0.29 0.28 0.34 0.38
 2 18:09:39 22 3383   151  115   49   64   218  169   89  127  0.31 0.32 0.45 0.50
 3 18:09:59 22 3390    80   58   24   33   137  111   71   97  0.42 0.48 0.66 0.66
 4 18:10:19 22 3388    73   50   23   31   122   98   63   88  0.40 0.49 0.63 0.65
 5 18:10:39 22 3389    65   43   22   28   114   84   56   83  0.43 0.49 0.61 0.66
 6 18:11:00 22 3385    64   41   22   29   119   82   55   82  0.46 0.50 0.60 0.65
 7 18:11:20 22 3382    73   47   27   35   124   98   62   97  0.41 0.52 0.56 0.64
 8 18:11:40 22 3389    94   66   37   49   142  108   77  101  0.34 0.39 0.52 0.51
 9 18:12:01 22 3384   106   75   45   60   153  121   88  117  0.31 0.38 0.49 0.49
10 18:12:21 22 3385   112   81   49   65   143  113   83  121  0.22 0.28 0.41 0.46
;            Ch1    Ch2    Ch3    Ch4      blue   green  brown
;  alpha:  43205.24 620892.0 113065.6 37234093     0.776 2114341. 8980.484
; ETRmax:  3333.6 4250.9 3028.8 4154.6    1054.1 4159.7 2935.3
;     Ik:     0.1    0.0    0.0    0.0    1359.1    0.0    0.3
;References: BL_US PMDA0174.REF2 GR_US PMDA0174.REF2 BR_US PMDA0174.REF2

LTK_09032018_100m

03SEP2018  18:15:37  Gain: 22  Zoff: 351 383 276 259
No   Time    G  PAR    F1   F2   F3   F4   Fm1  Fm2  Fm3  Fm4    Y1   Y2   Y3   Y4
 1 18:15:37 22 3384    52   43   22   26    89   74   60   85  0.42 0.42 0.63 0.69
 2 18:15:59 22 3384    45   37   21   24    81   70   58   78  0.44 0.47 0.64 0.69
 3 18:16:19 22 3388    40   33   18   21    79   67   60   74  0.49 0.51 ---- 0.72
 4 18:16:39 22 3385    48   36   23   27    88   74   69   92  0.45 0.51 0.67 0.71
 5 18:17:00 22 3388    58   41   28   34    81   74   63   90  0.28 0.45 0.56 0.62
 6 18:17:20 22 3386    48   32   25   29    82   60   61   80  0.41 0.47 0.59 0.64
 7 18:17:40 22 3384    44   27   25   28    75   61   57   82  0.41 0.56 0.56 0.66
 8 18:18:00 22 3388    50   29   28   32    81   53   64   87  0.38 0.45 0.56 0.63
 9 18:18:21 22 3391    49   26   30   35    78   54   60   89  0.37 0.52 0.50 0.61
10 18:18:41 22 3388    46   22   28   33    57   46   55   80  0.19 0.52 0.49 0.59
;            Ch1    Ch2    Ch3    Ch4      blue   green  brown
;  alpha:   0.370  0.479 267803.0  0.770     1.142  0.412  0.469
; ETRmax:   772.7 1203.8 3253.7 1052.8    1242.4  802.7 1190.1
;     Ik:  2089.3 2515.1    0.0 1367.6    1087.4 1948.9 2537.4
;References: BL_US PMDA0174.REF2 GR_US PMDA0174.REF2 BR_US PMDA0174.REF2

LTK_09032018_110m

03SEP2018  18:20:22  Gain: 22  Zoff: 351 383 276 259
No   Time    G  PAR    F1   F2   F3   F4   Fm1  Fm2  Fm3  Fm4    Y1   Y2   Y3   Y4
 1 18:20:22 22 3389   249  235   70   80   356  327  130  178  0.30 0.28 0.46 0.55
 2 18:20:43 22 3390   259  241   74   84   294  283  112  147  0.12 0.15 0.34 0.43
 3 18:21:04 22 3390   241  229   66   75   312  291  116  147  0.23 0.21 0.43 0.49
 4 18:21:24 22 3388   273  249   85   97   336  310  129  164  0.19 0.20 0.34 0.41
 5 18:21:44 22 3389   269  243   82   94   311  286  123  149  0.14 0.15 0.33 0.37
 6 18:22:04 22 3386   234  214   71   80   269  248  113  143  0.13 0.14 0.37 0.44
 7 18:22:25 22 3391   225  205   70   79   273  248  112  136  0.18 0.17 0.38 0.42
 8 18:22:45 22 3385   235  209   76   85   285  259  126  148  0.18 0.19 0.40 0.43
 9 18:23:05 22 3391   244  212   79   90   291  253  120  152  0.16 0.16 0.34 0.41
10 18:23:26 22 3392   226  199   76   84   237  230  104  137  0.05 0.13 0.27 0.39
;            Ch1    Ch2    Ch3    Ch4      blue   green  brown
;  alpha:   0.276  0.137  0.346  0.415    -0.000 -0.000  0.277
; ETRmax:   243.1  557.2  752.1 1090.0       0.0    0.0  315.6
;     Ik:   881.1 4064.5 2176.4 2628.2       0.0    0.0 1139.0
;References: BL_US PMDA0174.REF2 GR_US PMDA0174.REF2 BR_US PMDA0174.REF2

LTK_09032018_120m



03SEP2018  18:27:17  Gain: 22  Zoff: 351 383 276 259
No   Time    G  PAR    F1   F2   F3   F4   Fm1  Fm2  Fm3  Fm4    Y1   Y2   Y3   Y4
 1 18:27:18 22 3395   566  567  153  163   602  598  190  226  0.06 0.05 0.19 0.28
 2 18:27:39 22 3390   562  558  151  159   591  580  188  216  0.05 0.04 0.20 0.26
 3 18:27:59 22 3385   559  554  150  159   581  578  182  211  0.04 0.04 0.18 0.25
 4 18:28:20 22 3392   557  550  152  160   588  580  182  214  0.05 0.05 0.16 0.25
 5 18:28:40 22 3388   555  546  153  162   584  566  188  215  0.05 0.04 0.19 0.25
 6 18:29:00 22 3385   538  525  149  158   561  538  180  201  0.04 0.02 0.17 0.21
 7 18:29:20 22 3385   531  516  149  158   558  536  181  201  0.05 0.04 0.18 0.21
 8 18:29:41 22 3385   526  509  148  158   551  525  176  211  0.05 0.03 0.16 0.25
 9 18:30:01 22 3384   521  501  148  158   550  523  178  205  0.05 0.04 0.17 0.23
10 18:30:21 22 3387   515  494  146  156   519  504  168  201  ---- 0.02 0.13 0.22
;            Ch1    Ch2    Ch3    Ch4      blue   green  brown
;  alpha:   0.281  0.280  0.276  0.277    -0.000 -0.000  0.282
; ETRmax:   119.1  104.1  250.5  351.5       0.0    0.0  141.3
;     Ik:   423.8  372.1  908.0 1269.7       0.0    0.0  501.3
;References: BL_US PMDA0174.REF2 GR_US PMDA0174.REF2 BR_US PMDA0174.REF2

LTK_09032018_130m



03SEP2018  18:34:09  Gain: 22  Zoff: 351 383 276 259
No   Time    G  PAR    F1   F2   F3   F4   Fm1  Fm2  Fm3  Fm4    Y1   Y2   Y3   Y4
 1 18:34:09 22 3388   497  501  128  135   535  546  162  195  0.07 0.08 0.21 0.31
 2 18:34:31 22 3388   492  495  129  134   530  543  170  197  0.07 0.09 0.24 0.32
 3 18:34:51 22 3386   488  490  127  134   521  537  174  198  0.06 0.09 0.27 0.32
 4 18:35:11 22 3386   483  484  127  133   516  529  164  197  0.06 0.09 0.23 0.32
 5 18:35:32 22 3388   478  476  127  134   519  522  173  195  0.08 0.09 0.27 0.31
 6 18:35:52 22 3385   474  472  129  135   510  512  160  200  0.07 0.08 0.19 0.33
 7 18:36:12 22 3387   472  468  130  136   504  512  176  192  0.06 0.09 0.26 0.29
 8 18:36:32 22 3388   469  464  131  137   499  500  167  189  0.06 0.07 0.22 0.28
 9 18:36:53 22 3387   465  458  131  138   502  498  161  197  0.07 0.08 0.19 0.30
10 18:37:13 22 3386   459  452  130  137   472  480  154  191  0.03 0.06 0.16 0.28
;            Ch1    Ch2    Ch3    Ch4      blue   green  brown
;  alpha:   0.279  0.279  0.277  0.278    -0.000 -0.000  0.278
; ETRmax:   137.4  155.1  317.3  755.1       0.0    0.0  178.7
;     Ik:   492.0  555.1 1145.3 2719.6       0.0    0.0  643.5
;References: BL_US PMDA0174.REF2 GR_US PMDA0174.REF2 BR_US PMDA0174.REF2

LTK_09032018_140m

03SEP2018  18:39:04  Gain: 22  Zoff: 351 383 276 259
No   Time    G  PAR    F1   F2   F3   F4   Fm1  Fm2  Fm3  Fm4    Y1   Y2   Y3   Y4
 1 18:39:05 22 3388   823  801  215  226   843  814  245  273  0.02 0.02 0.12 0.17
 2 18:39:26 22 3384   809  787  211  222   832  795  250  270  0.03 ---- 0.16 0.18
 3 18:39:46 22 3388   794  770  206  217   809  788  234  275  0.02 0.02 0.12 0.21
 4 18:40:07 22 3385   790  762  208  220   811  774  237  273  0.03 0.02 0.12 0.19
 5 18:40:27 22 3391   767  739  202  213   783  751  225  264  0.02 0.02 0.10 0.19
 6 18:40:47 22 3386   750  721  200  210   771  737  232  261  0.03 0.02 0.14 0.20
 7 18:41:07 22 3387   740  709  200  210   757  723  232  263  0.02 0.02 0.14 0.20
 8 18:41:28 22 3383   726  695  198  209   743  716  235  262  0.02 0.03 0.16 0.20
 9 18:41:48 22 3381   714  683  195  206   741  699  219  245  0.04 0.02 0.11 0.16
10 18:42:08 22 3386   699  666  190  201   699  671  202  249  ---- ---- 0.06 0.19
;            Ch1    Ch2    Ch3    Ch4      blue   green  brown
;  alpha:   0.276  0.276  0.278  0.277    -0.000 -0.000  0.280
; ETRmax:    85.3   77.3  197.4  271.3       0.0    0.0  108.9
;     Ik:   308.8  280.1  710.9  980.9       0.0    0.0  388.7
;References: BL_US PMDA0174.REF2 GR_US PMDA0174.REF2 BR_US PMDA0174.REF2
