Gain: 22  Zoff: 307 352 251 242
;LTK_05212018_0m
21MAY2018  14:42:52  Gain: 22  Zoff: 307 352 251 242
No   Time    G  PAR    F1   F2   F3   F4   Fm1  Fm2  Fm3  Fm4    Y1   Y2   Y3   Y4
 1 14:48:39 22 3370   236  207  155  169   455  405  327  377  0.48 0.49 0.53 0.55

21MAY2018  14:48:43  Gain: 22  Zoff: 307 352 251 242
No   Time    G  PAR    F1   F2   F3   F4   Fm1  Fm2  Fm3  Fm4    Y1   Y2   Y3   Y4
 1 14:48:44 22 3390   237  207  162  177   429  380  313  365  0.45 0.46 0.48 0.52
 2 14:49:05 22 3384   203  191  143  152   469  409  323  383  0.57 0.53 0.56 0.60
 3 14:49:26 22 3384   239  211  153  169   496  430  320  387  0.52 0.51 0.52 0.56
 4 14:49:46 22 3384   222  206  152  165   435  398  300  364  0.49 0.48 0.49 0.55
 5 14:50:06 22 3385   217  197  152  166   381  363  271  324  0.43 0.46 0.44 0.49
 6 14:50:27 22 3389   199  187  139  152   338  348  250  298  0.41 0.46 0.44 0.49
 7 14:50:47 22 3381   213  195  148  164   383  361  260  316  0.44 0.46 0.43 0.48
 8 14:51:07 22 3387   272  238  166  191   401  379  264  320  0.32 0.37 0.37 0.40
 9 14:51:27 22 3385   207  199  154  168   322  332  245  292  0.36 0.40 0.37 0.42
10 14:51:48 22 3387   245  214  165  185   382  360  247  310  0.36 0.41 0.33 0.40
;            Ch1    Ch2    Ch3    Ch4      blue   green  brown
;  alpha:   0.430  0.454  0.442  0.508     0.414 -0.000  0.470
; ETRmax:   813.5  840.5  828.1  873.1    1088.4    0.0  840.7
;     Ik:  1890.9 1849.9 1872.4 1720.0    2628.2    0.0 1788.0
;References: BL_US PMDA0174.REF2 GR_US PMDA0174.REF2 BR_US PMDA0174.REF2

;LTK_05212018_10m

21MAY2018  14:54:42  Gain: 22  Zoff: 307 352 251 242
No   Time    G  PAR    F1   F2   F3   F4   Fm1  Fm2  Fm3  Fm4    Y1   Y2   Y3   Y4
 1 14:54:55 22 3391   166  126  132  147   315  238  252  308  0.47 0.47 0.48 0.52

21MAY2018  14:54:58  Gain: 22  Zoff: 307 352 251 242
No   Time    G  PAR    F1   F2   F3   F4   Fm1  Fm2  Fm3  Fm4    Y1   Y2   Y3   Y4
 1 14:54:59 22 3391   171  128  140  156   296  216  257  308  0.42 0.41 0.46 0.49
 2 14:55:20 22 3389   154  119  140  148   305  230  275  306  0.50 0.48 0.49 0.52
 3 14:55:41 22 3390   152  117  125  138   304  230  247  290  0.50 0.49 0.49 0.52
 4 14:56:01 22 3390   155  124  132  144   296  230  245  292  0.48 0.46 0.46 0.51
 5 14:56:21 22 3389   164  128  140  151   280  225  243  279  0.41 0.43 0.42 0.46
 6 14:56:41 22 3383   163  128  150  161   270  223  244  290  0.40 0.43 0.39 0.44
 7 14:57:02 22 3388   161  128  147  158   259  215  226  270  0.38 0.40 0.35 0.41
 8 14:57:22 22 3382   158  124  143  155   230  212  218  250  0.31 0.42 0.34 0.38
 9 14:57:42 22 3380   145  118  137  149   224  191  209  247  0.35 0.38 0.34 0.40
10 14:58:03 22 3386   150  123  145  157   213  200  215  248  0.30 0.39 0.33 0.37
;            Ch1    Ch2    Ch3    Ch4      blue   green  brown
;  alpha:   0.383  0.423  0.386  0.451     0.389  0.503 18680.89
; ETRmax:  1023.8  808.6 1034.7  833.0     786.7 1242.8 3190.2
;     Ik:  2673.1 1913.0 2682.1 1848.9    2022.3 2472.3    0.2
;References: BL_US PMDA0174.REF2 GR_US PMDA0174.REF2 BR_US PMDA0174.REF2

;LTK_05212018_20m

21MAY2018  15:00:18  Gain: 22  Zoff: 307 352 251 242
No   Time    G  PAR    F1   F2   F3   F4   Fm1  Fm2  Fm3  Fm4    Y1   Y2   Y3   Y4
 1 15:00:30 22 3387   157  126  117  134   291  234  224  270  0.46 0.46 0.48 0.50

21MAY2018  15:00:34  Gain: 22  Zoff: 307 352 251 242
No   Time    G  PAR    F1   F2   F3   F4   Fm1  Fm2  Fm3  Fm4    Y1   Y2   Y3   Y4
 1 15:00:34 22 3390   159  127  121  139   281  210  217  266  0.43 0.40 0.44 0.48
 2 15:00:55 22 3391   151  119  113  129   317  235  235  283  0.52 0.49 0.52 0.54
 3 15:01:16 22 3389   163  128  121  139   310  233  233  281  0.47 0.45 0.48 0.51
 4 15:01:36 22 3387   153  127  119  137   281  224  219  262  0.46 0.43 0.46 0.48
 5 15:01:56 22 3386   158  128  122  141   275  229  211  264  0.43 0.44 0.42 0.47
 6 15:02:16 22 3387   155  135  128  145   252  226  213  254  0.38 0.40 0.40 0.43
 7 15:02:37 22 3387   161  135  129  147   251  222  210  256  0.36 0.39 0.39 0.43
 8 15:02:57 22 3380   158  130  127  145   237  206  195  237  0.33 0.37 0.35 0.39
 9 15:03:17 22 3387   154  126  125  143   232  203  192  237  0.34 0.38 0.35 0.40
10 15:03:38 22 3388   150  126  125  144   206  200  187  236  0.27 0.37 0.33 0.39
;            Ch1    Ch2    Ch3    Ch4      blue   green  brown
;  alpha:   0.385  0.402  0.394  0.450     0.386  0.632  0.390
; ETRmax:   786.9  796.4 1042.4  833.8     785.5 1431.1  787.1
;     Ik:  2042.1 1983.2 2648.2 1854.7    2036.1 2263.3 2020.1
;References: BL_US PMDA0174.REF2 GR_US PMDA0174.REF2 BR_US PMDA0174.REF2

;LTK_05212018_30m

21MAY2018  15:05:39  Gain: 22  Zoff: 307 352 251 242
No   Time    G  PAR    F1   F2   F3   F4   Fm1  Fm2  Fm3  Fm4    Y1   Y2   Y3   Y4
 1 15:05:57 22 3386  1106  920  310  345  1201 1068  419  483  0.08 0.14 0.26 0.29

21MAY2018  15:06:01  Gain: 22  Zoff: 307 352 251 242
No   Time    G  PAR    F1   F2   F3   F4   Fm1  Fm2  Fm3  Fm4    Y1   Y2   Y3   Y4
 1 15:06:01 22 3385  1063  891  302  334  1156 1021  406  460  0.08 0.13 0.26 0.27
 2 15:06:23 22 3384   954  811  262  282  1153 1025  404  456  0.17 0.21 0.35 0.38
 3 15:06:43 22 3391  1028  878  290  323  1297 1158  451  537  0.21 0.24 0.36 0.40
 4 15:07:03 22 3389   965  828  268  288  1098 1006  371  425  0.12 0.18 0.28 0.32
 5 15:07:23 22 3387   949  818  260  280  1130 1030  376  425  0.16 0.21 0.31 0.34
 6 15:07:44 22 3387  1018  874  288  318  1185 1082  413  480  0.14 0.19 0.30 0.34
 7 15:08:04 22 3380  1032  886  299  335  1166 1063  405  465  0.11 0.17 0.26 0.28
 8 15:08:24 22 3387  1032  886  299  334  1166 1052  394  459  0.11 0.16 0.24 0.27
 9 15:08:45 22 3388  1027  885  298  334  1149 1046  394  462  0.11 0.15 0.24 0.28
10 15:09:05 22 3387  1029  893  305  345  1112 1030  371  455  0.07 0.13 0.18 0.24
;            Ch1    Ch2    Ch3    Ch4      blue   green  brown
;  alpha:   0.101  0.276  0.252  0.284    -0.000 -0.000  0.276
; ETRmax:   387.8  254.9  732.2  822.5       0.0    0.0  257.0
;     Ik:  3825.7  923.6 2908.4 2898.6       0.0    0.0  931.3
;References: BL_US PMDA0174.REF2 GR_US PMDA0174.REF2 BR_US PMDA0174.REF2

;LTK_05212018_40m

21MAY2018  15:11:06  Gain: 22  Zoff: 307 352 251 242
No   Time    G  PAR    F1   F2   F3   F4   Fm1  Fm2  Fm3  Fm4    Y1   Y2   Y3   Y4
 1 15:11:21 22 3385   391  577  203  234   672 1025  393  489  0.42 0.44 0.48 0.52

21MAY2018  15:11:25  Gain: 22  Zoff: 307 352 251 242
No   Time    G  PAR    F1   F2   F3   F4   Fm1  Fm2  Fm3  Fm4    Y1   Y2   Y3   Y4
 1 15:11:25 22 3386   399  587  211  243   678 1000  389  477  0.41 0.41 0.46 0.49
 2 15:11:47 22 3387   366  551  194  222   680 1018  403  503  0.46 0.46 0.52 0.56
 3 15:12:07 22 3388   370  563  197  227   667 1016  384  475  0.45 0.45 0.49 0.52
 4 15:12:27 22 3386   386  574  205  237   667 1006  383  475  0.42 0.43 0.46 0.50
 5 15:12:48 22 3389   393  578  212  247   638  981  385  471  0.38 0.41 0.45 0.48
 6 15:13:08 22 3386   397  586  216  252   629  970  373  456  0.37 0.40 0.42 0.45
 7 15:13:28 22 3384   407  597  221  259   612  959  361  443  0.33 0.38 0.39 0.42
 8 15:13:49 22 3384   410  603  226  264   597  945  356  439  0.31 0.36 0.37 0.40
 9 15:14:09 22 3389   406  606  228  266   585  940  354  424  0.31 0.36 0.36 0.37
10 15:14:29 22 3388   421  621  235  274   574  945  347  446  0.27 0.34 0.32 0.39
;            Ch1    Ch2    Ch3    Ch4      blue   green  brown
;  alpha:   0.351  0.385  0.403  0.441     0.398 -0.000  0.400
; ETRmax:   760.8  784.6 1072.1 1142.5     795.4    0.0  796.9
;     Ik:  2166.0 2039.6 2658.8 2588.4    1999.2    0.0 1993.1
;References: BL_US PMDA0174.REF2 GR_US PMDA0174.REF2 BR_US PMDA0174.REF2

;LTK_05212018_50m

21MAY2018  15:17:08  Gain: 22  Zoff: 307 352 251 242
No   Time    G  PAR    F1   F2   F3   F4   Fm1  Fm2  Fm3  Fm4    Y1   Y2   Y3   Y4
 1 15:17:19 22 3390  -273 -346 -203 -188  -275 -344 -205 -188  ---- ---- ---- ----

21MAY2018  15:17:24  Gain: 22  Zoff: 307 352 251 242
No   Time    G  PAR    F1   F2   F3   F4   Fm1  Fm2  Fm3  Fm4    Y1   Y2   Y3   Y4
 1 15:17:32 22 3381    22   89  -17    8   605  898  327  432  0.96 0.90 ---- ----
 2 15:17:54 22 3388   284  482  156  185   615  909  340  429  0.54 0.47 0.54 0.57
 3 15:18:14 22 3388   308  510  165  198   619  920  337  434  0.50 0.45 0.51 0.54
 4 15:18:34 22 3390   311  513  168  202   592  896  321  414  0.47 0.43 0.48 0.51
 5 15:18:55 22 3391   325  528  176  213   581  887  321  403  0.44 0.40 0.45 0.47
 6 15:19:15 22 3383   342  542  184  224   560  872  314  403  0.39 0.38 0.41 0.44
 7 15:19:35 22 3383   338  542  183  222   531  847  306  378  0.36 0.36 0.40 0.41
 8 15:19:56 22 3385   344  556  190  231   521  857  296  385  0.34 0.35 0.36 0.40
 9 15:20:16 22 3382   354  568  193  234   517  846  293  372  0.32 0.33 0.34 0.37
10 15:20:36 22 3393   359  574  197  239   488  828  278  376  0.26 0.31 0.29 0.36
;            Ch1    Ch2    Ch3    Ch4      blue   green  brown
;  alpha:   0.445  0.420  0.401  0.455     0.372 -0.000  0.465
; ETRmax:  1149.5 1101.8 1060.3  841.6     774.6    0.0 1184.8
;     Ik:  2585.1 2621.3 2644.1 1850.0    2080.4    0.0 2547.3
;References: BL_US PMDA0174.REF2 GR_US PMDA0174.REF2 BR_US PMDA0174.REF2

;LTK_05212018_60m

21MAY2018  15:22:47  Gain: 22  Zoff: 307 352 251 242
No   Time    G  PAR    F1   F2   F3   F4   Fm1  Fm2  Fm3  Fm4    Y1   Y2   Y3   Y4
 1 15:22:59 22 3377   406  600  186  225   725 1036  359  456  0.44 0.42 0.48 0.51

21MAY2018  15:23:06  Gain: 22  Zoff: 307 352 251 242
No   Time    G  PAR    F1   F2   F3   F4   Fm1  Fm2  Fm3  Fm4    Y1   Y2   Y3   Y4
 1 15:23:06 22 3388   407  598  191  230   715 1008  366  458  0.43 0.41 0.48 0.50
 2 15:23:28 22 3379   353  547  167  198   725 1023  355  467  0.51 0.47 0.53 0.58
 3 15:23:48 22 3383   369  562  174  208   699 1000  358  455  0.47 0.44 0.51 0.54
 4 15:24:08 22 3387   385  576  180  218   723 1020  357  463  0.47 0.44 0.50 0.53
 5 15:24:29 22 3379   524  690  233  294   899 1182  429  565  0.42 0.42 0.46 0.48
 6 15:24:49 22 3384   626  775  266  336   812 1084  391  501  0.23 0.29 0.32 0.33
 7 15:25:09 22 3379   426  617  202  246   652  968  335  427  0.35 0.36 0.40 0.42
 8 15:25:29 22 3382   459  648  214  263   767 1056  365  475  0.40 0.39 0.41 0.45
 9 15:25:50 22 3380   601  783  268  339   832 1136  392  524  0.28 0.31 0.32 0.35
10 15:26:10 22 3388   627  820  278  356   798 1129  378  512  0.21 0.27 0.26 0.30
;            Ch1    Ch2    Ch3    Ch4      blue   green  brown
;  alpha:   0.358  0.359  0.409  0.448     0.399 -0.000  0.392
; ETRmax:   767.5  767.8  801.9  831.7    1048.6    0.0  792.4
;     Ik:  2145.2 2138.1 1959.6 1858.4    2631.3    0.0 2021.5
;References: BL_US PMDA0174.REF2 GR_US PMDA0174.REF2 BR_US PMDA0174.REF2

;LTK_05212018_70m

21MAY2018  15:28:25  Gain: 22  Zoff: 307 352 251 242
No   Time    G  PAR    F1   F2   F3   F4   Fm1  Fm2  Fm3  Fm4    Y1   Y2   Y3   Y4
 1 15:28:37 22 3392   284  324  154  175   456  484  215  322  0.38 0.33 0.28 0.46

21MAY2018  15:28:41  Gain: 22  Zoff: 307 352 251 242
No   Time    G  PAR    F1   F2   F3   F4   Fm1  Fm2  Fm3  Fm4    Y1   Y2   Y3   Y4
 1 15:28:42 22 3388   292  331  158  180   457  497  267  318  0.36 0.33 0.41 0.43
 2 15:29:03 22 3384   271  311  140  161   442  504  216  308  0.39 0.38 0.35 0.48
 3 15:29:24 22 3381   282  317  152  176   442  512  245  344  0.36 0.38 0.38 0.49
 4 15:29:44 22 3388   294  331  159  187   443  499  272  298  0.34 0.34 0.42 0.37
 5 15:30:04 22 3379   313  342  175  197   456  467  245  325  0.31 0.27 0.29 0.39
 6 15:30:24 22 3383   321  353  172  206   430  454  249  290  0.25 0.22 0.31 0.29
 7 15:30:45 22 3390   316  353  176  200   424  463  228  260  0.25 0.24 0.23 0.23
 8 15:31:05 22 3387   316  352  165  198   404  465  208  264  0.22 0.24 0.21 0.25
 9 15:31:25 22 3387   330  357  187  220   423  454  195  324  0.22 0.21 ---- 0.32
10 15:31:45 22 3382   325  360  176  211   352  440  199  286  0.08 0.18 0.12 0.26
;            Ch1    Ch2    Ch3    Ch4      blue   green  brown
;  alpha:   0.249  0.276  0.267  0.329    34581.23 -0.000  0.276
; ETRmax:   742.2  459.1  801.0  739.4    3453.1    0.0  800.9
;     Ik:  2981.3 1663.7 2998.6 2248.2       0.1    0.0 2899.7
;References: BL_US PMDA0174.REF2 GR_US PMDA0174.REF2 BR_US PMDA0174.REF2

;LTK_05212018_70m

21MAY2018  15:35:23  Gain: 22  Zoff: 307 352 251 242
No   Time    G  PAR    F1   F2   F3   F4   Fm1  Fm2  Fm3  Fm4    Y1   Y2   Y3   Y4
 1 15:35:35 22 3385   312  356  162  193   487  530  273  338  0.36 0.33 0.41 0.43

21MAY2018  15:35:40  Gain: 22  Zoff: 307 352 251 242
No   Time    G  PAR    F1   F2   F3   F4   Fm1  Fm2  Fm3  Fm4    Y1   Y2   Y3   Y4
 1 15:35:40 22 3389   316  357  168  200   486  518  275  338  0.35 0.31 0.39 0.41
 2 15:36:01 22 3389   279  329  148  174   507  538  285  358  0.45 0.39 0.48 0.51
 3 15:36:22 22 3382   297  343  157  187   481  525  266  349  0.38 0.35 0.41 0.46
 4 15:36:42 22 3386   308  351  163  195   469  528  275  338  0.34 0.34 0.41 0.42
 5 15:37:02 22 3381   315  353  169  201   453  506  255  327  0.30 0.30 0.34 0.39
 6 15:37:22 22 3384   328  364  178  212   463  511  263  343  0.29 0.29 0.32 0.38
 7 15:37:43 22 3383   337  374  184  220   450  501  263  325  0.25 0.25 0.30 0.32
 8 15:38:03 22 3388   384  412  204  248   511  557  287  368  0.25 0.26 0.29 0.33
 9 15:38:23 22 3384   368  396  196  235   446  502  255  319  0.17 0.21 0.23 0.26
10 15:38:44 22 3388   355  389  196  234   417  494  245  323  0.15 0.21 0.20 0.28
;            Ch1    Ch2    Ch3    Ch4      blue   green  brown
;  alpha:   0.266  0.263  0.309  0.352     0.341 -0.000  0.279
; ETRmax:   775.9  767.3  876.3  970.2     946.7    0.0  814.5
;     Ik:  2915.9 2920.3 2835.5 2758.3    2772.1    0.0 2915.7
;References: BL_US PMDA0174.REF2 GR_US PMDA0174.REF2 BR_US PMDA0174.REF2

;LTK_05212018_80m

21MAY2018  15:42:03  Gain: 22  Zoff: 307 352 251 242
No   Time    G  PAR    F1   F2   F3   F4   Fm1  Fm2  Fm3  Fm4    Y1   Y2   Y3   Y4
 1 15:44:30 22 3383   269  250  168  202   402  363  253  320  0.33 0.31 0.34 0.37

21MAY2018  15:44:34  Gain: 22  Zoff: 307 352 251 242
No   Time    G  PAR    F1   F2   F3   F4   Fm1  Fm2  Fm3  Fm4    Y1   Y2   Y3   Y4
 1 15:44:34 22 3383   273  249  172  207   377  324  246  317  0.28 0.23 0.30 0.35
 2 15:44:55 22 3390   210  199  141  167   384  326  262  318  0.45 0.39 0.46 0.47
 3 15:45:16 22 3383   234  216  150  179   374  340  253  307  0.37 0.36 0.41 0.42
 4 15:45:36 22 3384   257  233  164  195   381  343  244  308  0.33 0.32 0.33 0.37
 5 15:45:56 22 3385   273  245  175  208   381  342  251  311  0.28 0.28 0.30 0.33
 6 15:46:16 22 3382   277  250  179  214   365  341  235  302  0.24 0.27 0.24 0.29
 7 15:46:37 22 3384   292  260  189  227   377  344  245  315  0.23 0.24 0.23 0.28
 8 15:46:57 22 3388   279  243  183  217   349  316  237  294  0.20 0.23 0.23 0.26
 9 15:47:17 22 3386   298  266  195  234   373  347  252  316  0.20 0.23 0.23 0.26
10 15:47:38 22 3385   315  279  202  242   356  324  235  304  0.12 0.14 0.14 0.20
;            Ch1    Ch2    Ch3    Ch4      blue   green  brown
;  alpha:   0.248  0.249  0.266  0.295     0.267 -0.000  0.256
; ETRmax:   702.4  705.0  735.6  848.5     767.5    0.0  755.3
;     Ik:  2837.0 2833.5 2763.7 2878.1    2872.1    0.0 2946.4
;References: BL_US PMDA0174.REF2 GR_US PMDA0174.REF2 BR_US PMDA0174.REF2

;LTK_05212018_90m

21MAY2018  15:49:24  Gain: 22  Zoff: 307 352 251 242
No   Time    G  PAR    F1   F2   F3   F4   Fm1  Fm2  Fm3  Fm4    Y1   Y2   Y3   Y4
 1 15:49:35 22 3390   168  126  114  136   252  179  176  223  0.33 0.30 0.35 0.39

21MAY2018  15:49:39  Gain: 22  Zoff: 307 352 251 242
No   Time    G  PAR    F1   F2   F3   F4   Fm1  Fm2  Fm3  Fm4    Y1   Y2   Y3   Y4
 1 15:49:39 22 3389   172  125  118  141   251  171  180  232  0.31 0.27 0.34 0.39
 2 15:50:01 22 3391   146  110  102  122   278  195  188  236  0.47 0.44 0.46 0.48
 3 15:50:21 22 3391   165  120  111  134   252  183  174  220  0.35 0.34 0.36 0.39
 4 15:50:41 22 3383   174  125  118  142   252  183  177  228  0.31 0.32 0.33 0.38
 5 15:51:02 22 3386   177  126  121  145   236  171  169  218  0.25 0.26 0.28 0.33
 6 15:51:22 22 3387   173  124  121  145   233  180  165  209  0.26 0.31 0.27 0.31
 7 15:51:42 22 3384   176  124  123  148   227  170  173  217  0.22 0.27 0.29 0.32
 8 15:52:03 22 3387   181  125  127  152   225  166  171  205  0.20 0.25 0.26 0.26
 9 15:52:23 22 3390   181  126  127  153   225  159  164  218  0.20 0.21 0.23 0.30
10 15:52:43 22 3388   183  127  131  156   205  165  161  216  0.11 0.23 0.19 0.28
;            Ch1    Ch2    Ch3    Ch4      blue   green  brown
;  alpha:   0.277  0.277  0.274  0.316    19973.40  0.331 1585200.
; ETRmax:   412.5  506.4  747.3  896.6    11739.2  928.4 713368.0
;     Ik:  1490.1 1831.3 2731.0 2835.3       0.6 2806.0    0.5
;References: BL_US PMDA0174.REF2 GR_US PMDA0174.REF2 BR_US PMDA0174.REF2

;LTK_05212018_100m

21MAY2018  15:54:59  Gain: 22  Zoff: 307 352 251 242
No   Time    G  PAR    F1   F2   F3   F4   Fm1  Fm2  Fm3  Fm4    Y1   Y2   Y3   Y4
 1 15:55:18 22 3387   117  103   80   92   177  157  139  172  0.34 0.34 0.42 0.47

21MAY2018  15:55:21  Gain: 22  Zoff: 307 352 251 242
No   Time    G  PAR    F1   F2   F3   F4   Fm1  Fm2  Fm3  Fm4    Y1   Y2   Y3   Y4
 1 15:55:21 22 3391   120  103   85   98   177  153  145  182  0.32 0.33 0.41 0.46
 2 15:55:43 22 3381   110   97   78   89   192  161  133  170  0.43 0.40 0.41 0.48
 3 15:56:03 22 3392   113  100   77   90   177  158  128  166  0.36 0.37 0.40 0.46
 4 15:56:24 22 3389   115  100   83   95   172  152  131  172  0.33 0.34 0.37 0.45
 5 15:56:44 22 3392   115  100   85   96   174  152  141  168  0.34 0.34 0.40 0.43
 6 15:57:04 22 3388   120  102   91  103   178  151  139  168  0.33 0.32 0.35 0.39
 7 15:57:24 22 3387   127  104   91  105   168  146  133  161  0.24 0.29 0.32 0.35
 8 15:57:45 22 3386   119   97   87  100   165  139  128  163  0.28 0.30 0.32 0.39
 9 15:58:05 22 3382   120   96   91  104   167  143  132  172  0.28 0.33 0.31 0.40
10 15:58:25 22 3386   125   98   95  109   147  136  123  168  0.15 0.28 0.23 0.35
;            Ch1    Ch2    Ch3    Ch4      blue   green  brown
;  alpha:   0.277  0.303  0.324  0.403     0.402  0.523  0.327
; ETRmax:   806.2  738.7  912.1  798.1     798.8  888.0  734.8
;     Ik:  2909.5 2435.5 2816.8 1979.4    1986.7 1696.8 2247.5
;References: BL_US PMDA0174.REF2 GR_US PMDA0174.REF2 BR_US PMDA0174.REF2

;LTK_05212018_110m

21MAY2018  16:00:50  Gain: 22  Zoff: 307 352 251 242
No   Time    G  PAR    F1   F2   F3   F4   Fm1  Fm2  Fm3  Fm4    Y1   Y2   Y3   Y4
 1 16:01:02 22 3388   104  140   73   87   201  244  146  183  0.48 0.43 0.50 0.52

21MAY2018  16:01:05  Gain: 22  Zoff: 307 352 251 242
No   Time    G  PAR    F1   F2   F3   F4   Fm1  Fm2  Fm3  Fm4    Y1   Y2   Y3   Y4
 1 16:01:05 22 3388   107  141   77   92   201  233  153  188  0.47 0.39 0.50 0.51
 2 16:01:27 22 3388   103  136   75   87   232  258  159  196  0.56 0.47 0.53 0.56
 3 16:01:47 22 3386   107  142   76   89   202  245  143  188  0.47 0.42 0.47 0.53
 4 16:02:07 22 3386   106  141   79   92   199  239  149  190  0.47 0.41 0.47 0.52
 5 16:02:28 22 3386   110  144   82   97   193  238  146  195  0.43 0.39 0.44 0.50
 6 16:02:48 22 3385   120  151   89  105   198  245  144  190  0.39 0.38 0.38 0.45
 7 16:03:08 22 3391   119  148   90  106   190  228  147  198  0.37 0.35 0.39 0.46
 8 16:03:28 22 3385   119  146   91  107   189  226  140  182  0.37 0.35 0.35 0.41
 9 16:03:49 22 3388   123  148   92  110   190  224  148  192  0.35 0.34 0.38 0.43
10 16:04:09 22 3388   127  151   97  115   174  222  145  190  0.27 0.32 0.33 0.39
;            Ch1    Ch2    Ch3    Ch4      blue   green  brown
;  alpha:   0.394  0.366  0.404  0.465     0.414 -0.000  0.399
; ETRmax:  1056.6  770.6 1068.3 1179.2    1089.4    0.0 1063.5
;     Ik:  2681.7 2102.8 2647.3 2534.3    2631.4    0.0 2664.7
;References: BL_US PMDA0174.REF2 GR_US PMDA0174.REF2 BR_US PMDA0174.REF2

;LTK_05212018_120m

21MAY2018  16:05:57  Gain: 22  Zoff: 307 352 251 242
No   Time    G  PAR    F1   F2   F3   F4   Fm1  Fm2  Fm3  Fm4    Y1   Y2   Y3   Y4
 1 16:06:23 22 3382   131  127   43   49   162  172   83  106  0.19 0.26 0.48 0.54

21MAY2018  16:06:27  Gain: 22  Zoff: 307 352 251 242
No   Time    G  PAR    F1   F2   F3   F4   Fm1  Fm2  Fm3  Fm4    Y1   Y2   Y3   Y4
 1 16:06:28 22 3389   135  128   47   54   177  160   87  112  0.24 0.20 0.46 0.52
 2 16:06:49 22 3384   132  128   44   50   173  164   90  111  0.24 0.22 0.51 0.55
 3 16:07:09 22 3387   133  130   43   49   173  175   79  107  0.23 0.26 0.46 0.54
 4 16:07:30 22 3381   134  130   46   52   176  164   89  114  0.24 0.21 0.48 0.54
 5 16:07:50 22 3382   137  130   49   56   176  161   87  114  0.22 0.19 0.44 0.51
 6 16:08:10 22 3378   138  128   52   59   179  160   92  111  0.23 0.20 0.43 0.47
 7 16:08:31 22 3383   137  126   52   59   173  160   84  116  0.21 0.21 0.38 0.49
 8 16:08:51 22 3384   137  124   54   61   172  153   88  113  0.20 0.19 0.39 0.46
 9 16:09:11 22 3385   137  123   55   62   172  151   91  110  0.20 0.19 0.40 0.44
10 16:09:31 22 3383   136  122   56   63   147  144   78  124  0.07 0.15 0.28 0.49
;            Ch1    Ch2    Ch3    Ch4      blue   green  brown
;  alpha:   0.278  0.277  0.414  0.519     0.890 -0.000  0.277
; ETRmax:   295.8  286.4  803.8  886.9    1123.1    0.0  341.9
;     Ik:  1064.2 1034.9 1940.0 1707.7    1262.5    0.0 1235.7
;References: BL_US PMDA0174.REF2 GR_US PMDA0174.REF2 BR_US PMDA0174.REF2

;LTK_05212018_130m

21MAY2018  16:11:30  Gain: 22  Zoff: 307 352 251 242
No   Time    G  PAR    F1   F2   F3   F4   Fm1  Fm2  Fm3  Fm4    Y1   Y2   Y3   Y4
 1 16:11:41 22 3389   149  184  105  122   228  271  180  219  0.35 0.32 0.42 0.44

21MAY2018  16:11:45  Gain: 22  Zoff: 307 352 251 242
No   Time    G  PAR    F1   F2   F3   F4   Fm1  Fm2  Fm3  Fm4    Y1   Y2   Y3   Y4
 1 16:11:45 22 3389   150  183  109  127   231  255  183  220  0.35 0.28 0.40 0.42
 2 16:12:07 22 3387   142  176  102  118   243  270  182  225  0.42 0.35 0.44 0.48
 3 16:12:27 22 3380   150  184  106  125   260  287  191  239  0.42 0.36 0.45 0.48
 4 16:12:48 22 3387   157  188  112  130   248  274  186  227  0.37 0.31 0.40 0.43
 5 16:13:08 22 3384   158  189  114  132   235  281  180  229  0.33 0.33 0.37 0.42
 6 16:13:28 22 3390   157  190  115  134   234  274  183  222  0.33 0.31 0.37 0.40
 7 16:13:48 22 3386   155  188  116  135   224  270  178  217  0.31 0.30 0.35 0.38
 8 16:14:09 22 3385   162  192  121  141   226  268  170  220  0.28 0.28 0.29 0.36
 9 16:14:29 22 3386   161  193  123  143   219  257  182  221  0.26 0.25 0.32 0.35
10 16:14:49 22 3383   159  192  125  144   199  256  171  216  0.20 0.25 0.27 0.33
;            Ch1    Ch2    Ch3    Ch4      blue   green  brown
;  alpha:   0.300  0.274  0.345  0.392     0.372 -0.000  0.300
; ETRmax:   744.2  793.3  750.5  788.3    1010.4    0.0  856.1
;     Ik:  2480.4 2899.9 2177.5 2013.1    2713.3    0.0 2855.4
;References: BL_US PMDA0174.REF2 GR_US PMDA0174.REF2 BR_US PMDA0174.REF2

;LTK_05212018_140m

21MAY2018  16:17:26  Gain: 22  Zoff: 307 352 251 242
No   Time    G  PAR    F1   F2   F3   F4   Fm1  Fm2  Fm3  Fm4    Y1   Y2   Y3   Y4
 1 16:17:53 22 3388    25   52   30   36    68   85   69   98  0.63 0.39 0.57 0.63

21MAY2018  16:17:56  Gain: 22  Zoff: 307 352 251 242
No   Time    G  PAR    F1   F2   F3   F4   Fm1  Fm2  Fm3  Fm4    Y1   Y2   Y3   Y4
 1 16:17:56 22 3390    27   51   33   40    69   77   83  103  0.61 0.34 0.60 0.61
 2 16:18:18 22 3386    25   49   31   37    60   83   75   95  0.58 0.41 0.59 0.61
 3 16:18:38 22 3388    25   51   31   38    69   87   71   94  0.64 0.41 0.56 0.60
 4 16:18:58 22 3378    29   51   34   41    74   88   76  100  0.61 0.42 0.55 0.59
 5 16:19:18 22 3386    31   52   37   44    65   85   70   95  0.52 0.39 0.47 0.54
 6 16:19:39 22 3385    32   51   39   47    76   82   73  100  0.58 0.38 0.47 0.53
 7 16:19:59 22 3389    34   49   42   50    68   82   75   94  0.50 0.40 0.44 0.47
 8 16:20:19 22 3383    32   47   43   50    70   70   77  105  0.54 0.33 0.44 0.52
 9 16:20:40 22 3385    34   47   44   52    71   82   82  112  0.52 0.43 0.46 0.54
10 16:21:00 22 3382    35   47   46   54    53   73   70  103  0.34 0.36 0.34 0.48
;            Ch1    Ch2    Ch3    Ch4      blue   green  brown
;  alpha:   0.552  0.369  0.486  0.556     0.510 -0.000  0.474
; ETRmax:  1315.2  772.9 1217.2 1323.3    1257.7    0.0 1197.8
;     Ik:  2382.6 2094.8 2505.1 2378.8    2468.3    0.0 2527.0
;References: BL_US PMDA0174.REF2 GR_US PMDA0174.REF2 BR_US PMDA0174.REF2