;LTK_0M01152019


Gain: 20  Zoff: 33 6 47 54

15JAN2019  15:42:19  Gain: 20  Zoff: 33 6 47 54
No   Time    G  PAR    F1   F2   F3   F4   Fm1  Fm2  Fm3  Fm4    Y1   Y2   Y3   Y4
 1 15:48:40 20 3378    83  106   53   52   364  448  243  259  0.77 0.76 0.78 0.80

15JAN2019  15:49:13  Gain: 20  Zoff: 33 6 47 54
No   Time    G  PAR    F1   F2   F3   F4   Fm1  Fm2  Fm3  Fm4    Y1   Y2   Y3   Y4
 1 15:49:13 20 3387   266  357  160  160   356  453  235  251  0.25 0.21 0.32 0.36
 2 15:49:35 20 3390   265  354  159  159   362  450  234  257  0.27 0.21 0.32 0.38
 3 15:49:55 20 3390   265  358  159  159   358  457  235  255  0.26 0.22 0.32 0.38
 4 15:50:15 20 3396   269  364  164  164   350  457  230  247  0.23 0.20 0.29 0.34
 5 15:50:36 20 3391   268  364  164  165   340  450  226  244  0.21 0.19 0.27 0.32
 6 15:50:56 20 3390   268  367  165  166   330  450  220  238  0.19 0.18 0.25 0.30
 7 15:51:16 20 3391   271  371  168  170   328  450  228  238  0.17 0.18 0.26 0.29
 8 15:51:36 20 3390   273  374  171  172   326  452  223  236  0.16 0.17 0.23 0.27
 9 15:51:57 20 3382   273  374  171  172   319  448  219  235  0.14 0.17 0.22 0.27
10 15:52:17 20 3391   273  377  173  174   321  449  219  234  0.15 0.16 0.21 0.26
;            Ch1    Ch2    Ch3    Ch4      blue   green  brown
;  alpha:   0.277  0.277  0.277  0.289     0.323 -0.000  0.277
; ETRmax:   290.4  271.1  421.5  760.5     909.9    0.0  291.0
;     Ik:  1049.0  979.8 1523.2 2635.5    2814.0    0.0 1050.7
;References: BL_US PMDA0174.REF2 GR_US PMDA0174.REF2 BR_US PMDA0174.REF2

;LTK_10M01152019

15JAN2019  15:57:19  Gain: 20  Zoff: 33 6 47 54
No   Time    G  PAR    F1   F2   F3   F4   Fm1  Fm2  Fm3  Fm4    Y1   Y2   Y3   Y4
 1 15:57:19 20 3385   319  364  182  189   500  537  295  336  0.36 0.32 0.38 0.44
 2 15:57:41 20 3391   314  357  179  184   538  539  308  352  0.42 0.34 0.42 0.48
 3 15:58:01 20 3395   351  382  194  203   554  560  315  358  0.37 0.32 0.38 0.43
 4 15:58:21 20 3386   321  367  187  194   480  530  288  322  0.33 0.31 0.35 0.40
 5 15:58:42 20 3386   342  379  195  204   508  542  299  336  0.33 0.30 0.35 0.39
 6 15:59:02 20 3382   355  388  203  216   504  542  298  340  0.30 0.28 0.32 0.36
 7 15:59:22 20 3386   349  387  203  215   482  527  293  330  0.28 0.27 0.31 0.35
 8 15:59:42 20 3387   353  388  205  216   486  527  286  330  0.27 0.26 0.28 0.35
 9 16:00:03 20 3392   347  386  202  212   454  511  273  311  0.24 0.24 0.26 0.32
10 16:00:23 20 3388   336  380  199  209   428  501  268  294  0.21 0.24 0.26 0.29
;            Ch1    Ch2    Ch3    Ch4      blue   green  brown
;  alpha:   0.281  0.263  0.305  0.356     0.311 -0.000  0.289
; ETRmax:   813.6  751.1  738.9  977.1     880.4    0.0  837.2
;     Ik:  2894.4 2860.6 2421.9 2742.6    2830.1    0.0 2895.8
;References: BL_US PMDA0174.REF2 GR_US PMDA0174.REF2 BR_US PMDA0174.REF2

;LTK_20M01152019

15JAN2019  16:06:00  Gain: 20  Zoff: 33 6 47 54
No   Time    G  PAR    F1   F2   F3   F4   Fm1  Fm2  Fm3  Fm4    Y1   Y2   Y3   Y4
 1 16:06:01 20 3390   293  363  166  167   466  550  281  310  0.37 0.34 0.41 0.46
 2 16:06:22 20 3391   309  366  177  179   466  539  283  313  0.34 0.32 0.37 0.43
 3 16:06:42 20 3395   292  361  166  168   458  548  281  314  0.36 0.34 0.41 0.46
 4 16:07:03 20 3388   305  371  175  178   477  559  298  331  0.36 0.34 0.41 0.46
 5 16:07:23 20 3390   366  405  220  233   534  584  335  376  0.31 0.31 0.34 0.38
 6 16:07:43 20 3383   377  412  227  243   561  598  364  413  0.33 0.31 0.38 0.41
 7 16:08:04 20 3389   417  428  250  266   576  603  361  410  0.28 0.29 0.31 0.35
 8 16:08:24 20 3387   398  417  234  247   504  556  313  350  0.21 0.25 0.25 0.29
 9 16:08:44 20 3383   348  396  203  210   448  533  280  302  0.22 0.26 0.28 0.30
10 16:09:04 20 3389   351  400  206  214   448  530  279  302  0.22 0.25 0.26 0.29
;            Ch1    Ch2    Ch3    Ch4      blue   green  brown
;  alpha:  494392.7  0.182 73895.60  0.368    735884.5 -0.000 33334.17
; ETRmax:  11355.7   40.4 3784.0  771.5    4512.8    0.0 3627.4
;     Ik:     0.0  222.1    0.1 2097.2       0.0    0.0    0.1
;References: BL_US PMDA0174.REF2 GR_US PMDA0174.REF2 BR_US PMDA0174.REF2


;LTK_30M01152019

15JAN2019  16:12:16  Gain: 20  Zoff: 33 6 47 54
No   Time    G  PAR    F1   F2   F3   F4   Fm1  Fm2  Fm3  Fm4    Y1   Y2   Y3   Y4
 1 16:12:17 20 3392   337  484  200  204   526  768  335  372  0.36 0.37 0.40 0.45
 2 16:12:38 20 3389   316  469  190  192   508  753  331  368  0.38 0.38 0.43 0.48
 3 16:12:59 20 3388   325  479  196  200   497  749  327  363  0.35 0.36 0.40 0.45
 4 16:13:19 20 3379   331  486  200  204   501  756  328  358  0.34 0.36 0.39 0.43
 5 16:13:39 20 3389   352  505  210  217   507  758  329  360  0.31 0.33 0.36 0.40
 6 16:14:00 20 3389   346  499  210  217   472  723  309  340  0.27 0.31 0.32 0.36
 7 16:14:20 20 3388   343  501  210  216   469  728  309  335  0.27 0.31 0.32 0.36
 8 16:14:40 20 3391   358  515  218  226   470  732  313  342  0.24 0.30 0.30 0.34
 9 16:15:00 20 3391   362  522  224  233   468  724  311  334  0.23 0.28 0.28 0.30
10 16:15:21 20 3383   361  525  224  233   460  716  304  331  0.22 0.27 0.26 0.30
;            Ch1    Ch2    Ch3    Ch4      blue   green  brown
;  alpha:   0.276  0.299  0.324  0.369     0.323 -0.000  0.306
; ETRmax:   545.2  744.7  734.8  772.5     735.1    0.0  734.4
;     Ik:  1973.6 2486.5 2271.0 2091.8    2275.9    0.0 2402.0
;References: BL_US PMDA0174.REF2 GR_US PMDA0174.REF2 BR_US PMDA0174.REF2


;LTK_40M01152019

15JAN2019  16:19:04  Gain: 20  Zoff: 33 6 47 54
No   Time    G  PAR    F1   F2   F3   F4   Fm1  Fm2  Fm3  Fm4    Y1   Y2   Y3   Y4
 1 16:19:04 20 3391   359  515  190  200   554  762  305  350  0.35 0.32 0.38 0.43
 2 16:19:25 20 3390   340  497  183  188   573  775  322  362  0.41 0.36 0.43 0.48
 3 16:19:46 20 3392   354  510  189  198   559  768  315  357  0.37 0.34 0.40 0.45
 4 16:20:06 20 3385   363  519  195  205   545  758  311  352  0.33 0.32 0.37 0.42
 5 16:20:26 20 3391   376  531  201  213   544  757  309  350  0.31 0.30 0.35 0.39
 6 16:20:47 20 3387   388  541  209  223   538  749  305  344  0.28 0.28 0.31 0.35
 7 16:21:07 20 3382   392  546  210  225   528  742  297  342  0.26 0.26 0.29 0.34
 8 16:21:27 20 3385   398  551  214  230   519  737  297  332  0.23 0.25 0.28 0.31
 9 16:21:47 20 3387   398  555  215  232   501  727  290  327  0.21 0.24 0.26 0.29
10 16:22:08 20 3382   397  557  216  232   498  718  291  327  0.20 0.22 0.26 0.29
;            Ch1    Ch2    Ch3    Ch4      blue   green  brown
;  alpha:   0.277  0.262  0.308  0.350     0.312 -0.000  0.281
; ETRmax:   543.5  761.6  736.8  958.4     885.0    0.0  816.4
;     Ik:  1964.8 2906.7 2393.9 2738.9    2840.0    0.0 2903.0
;References: BL_US PMDA0174.REF2 GR_US PMDA0174.REF2 BR_US PMDA0174.REF2







;LTK_50M01152019

15JAN2019  16:33:25  Gain: 20  Zoff: 33 6 47 54
No   Time    G  PAR    F1   F2   F3   F4   Fm1  Fm2  Fm3  Fm4    Y1   Y2   Y3   Y4
 1 16:33:26 20 3372   277  347  142  145   380  458  211  234  0.27 0.24 0.33 0.38
 2 16:33:47 20 3393   267  337  137  139   394  461  221  243  0.32 0.27 0.38 0.43
 3 16:34:08 20 3387   279  348  142  146   390  460  213  241  0.28 0.24 0.33 0.39
 4 16:34:28 20 3385   288  353  147  152   380  455  214  238  0.24 0.22 0.31 0.36
 5 16:34:48 20 3386   291  357  150  157   375  451  208  232  0.22 0.21 0.28 0.32
 6 16:35:08 20 3382   297  362  155  161   370  450  207  235  0.20 0.20 0.25 0.31
 7 16:35:29 20 3391   304  368  159  167   367  448  212  233  0.17 0.18 0.25 0.28
 8 16:35:49 20 3381   303  366  159  167   361  435  206  229  0.16 0.16 0.23 0.27
 9 16:36:09 20 3388   300  364  159  166   351  433  201  222  0.15 0.16 0.21 0.25
10 16:36:29 20 3385   301  366  160  167   352  432  202  221  0.14 0.15 0.21 0.24
;            Ch1    Ch2    Ch3    Ch4      blue   green  brown
;  alpha:   0.277 1893945. 13160.69 26276.54    31640.37 -0.000  0.277
; ETRmax:   307.9 1079.1 17630.1 91353.6    4456.2    0.0  313.3
;     Ik:  1112.6    0.0    1.3    3.5       0.1    0.0 1130.7
;References: BL_US PMDA0174.REF2 GR_US PMDA0174.REF2 BR_US PMDA0174.REF2

;LTK_60M01152019

15JAN2019  16:25:37  Gain: 20  Zoff: 33 6 47 54
No   Time    G  PAR    F1   F2   F3   F4   Fm1  Fm2  Fm3  Fm4    Y1   Y2   Y3   Y4
 1 16:25:38 20 3390   306  342  161  169   427  452  239  266  0.28 0.24 0.33 0.36
 2 16:25:59 20 3392   290  329  153  159   450  468  253  286  0.36 0.30 0.40 0.44
 3 16:26:19 20 3399   310  344  162  171   431  452  240  268  0.28 0.24 0.33 0.36
 4 16:26:40 20 3394   314  346  165  174   410  437  231  255  0.23 0.21 0.29 0.32
 5 16:27:00 20 3385   317  349  167  177   405  438  228  257  0.22 0.20 0.27 0.31
 6 16:27:20 20 3390   327  357  173  184   401  434  225  252  0.18 0.18 0.23 0.27
 7 16:27:41 20 3387   327  357  174  185   393  426  220  244  0.17 0.16 0.21 0.24
 8 16:28:01 20 3386   324  357  174  184   382  422  221  243  0.15 0.15 0.21 0.24
 9 16:28:21 20 3390   332  364  178  189   396  429  223  245  0.16 0.15 0.20 0.23
10 16:28:41 20 3386   337  367  180  193   383  418  221  243  0.12 0.12 0.19 0.21
;            Ch1    Ch2    Ch3    Ch4      blue   green  brown
;  alpha:   0.277  0.277  0.277 33061.06     0.293 -0.000  0.277
; ETRmax:   306.9  279.2  403.6 5131.5     741.9    0.0  308.1
;     Ik:  1109.0 1009.6 1459.4    0.2    2527.9    0.0 1113.4
;References: BL_US PMDA0174.REF2 GR_US PMDA0174.REF2 BR_US PMDA0174.REF2

;LTK_70M01152019

15JAN2019  16:41:22  Gain: 20  Zoff: 33 6 47 54
No   Time    G  PAR    F1   F2   F3   F4   Fm1  Fm2  Fm3  Fm4    Y1   Y2   Y3   Y4
 1 16:41:22 20 3390   300  270  161  167   387  332  225  243  0.22 0.19 0.28 0.31
 2 16:41:43 20 3391   279  259  152  155   414  344  240  266  0.33 0.25 0.37 0.42
 3 16:42:04 20 3385   297  270  159  165   395  338  221  247  0.25 0.20 0.28 0.33
 4 16:42:24 20 3389   304  274  165  171   382  326  220  240  0.20 0.16 0.25 0.29
 5 16:42:44 20 3391   310  277  169  176   373  326  217  234  0.17 0.15 0.22 0.25
 6 16:43:05 20 3388   321  285  176  185   380  331  220  242  0.16 0.14 0.20 0.24
 7 16:43:25 20 3380   322  284  176  185   368  317  213  233  0.13 0.10 0.17 0.21
 8 16:43:45 20 3384   315  278  174  183   359  318  210  231  0.12 0.13 0.17 0.21
 9 16:44:05 20 3391   314  277  174  182   356  308  207  224  0.12 0.10 0.16 0.19
10 16:44:26 20 3389   312  277  174  182   350  306  208  226  0.11 0.09 0.16 0.19
;            Ch1    Ch2    Ch3    Ch4      blue   green  brown
;  alpha:   0.277  0.276  0.277  0.276     0.276 -0.000  0.276
; ETRmax:   259.7  226.6  324.7  400.3     515.7    0.0  251.8
;     Ik:   937.6  821.6 1172.3 1448.3    1866.8    0.0  912.0
;References: BL_US PMDA0174.REF2 GR_US PMDA0174.REF2 BR_US PMDA0174.REF2

;LTK_80M01152019

15JAN2019  16:47:57  Gain: 20  Zoff: 33 6 47 54
No   Time    G  PAR    F1   F2   F3   F4   Fm1  Fm2  Fm3  Fm4    Y1   Y2   Y3   Y4
 1 16:47:57 20 3388   205  238  106  103   260  285  150  159  0.21 0.16 0.29 0.35
 2 16:48:19 20 3392   195  230  102   97   258  281  151  161  0.24 0.18 0.32 0.40
 3 16:48:39 20 3389   203  235  106  102   256  276  148  155  0.21 0.15 0.28 0.34
 4 16:48:59 20 3387   205  236  108  105   252  278  148  155  0.19 0.15 0.27 0.32
 5 16:49:20 20 3384   212  241  112  109   255  279  149  159  0.17 0.14 0.25 0.31
 6 16:49:40 20 3387   216  244  114  112   259  283  148  158  0.17 0.14 0.23 0.29
 7 16:50:00 20 3384   214  241  115  113   253  274  142  157  0.15 0.12 0.19 0.28
 8 16:50:20 20 3391   213  240  115  113   250  272  147  156  0.15 0.12 0.22 0.28
 9 16:50:41 20 3384   212  238  115  112   240  263  141  152  0.12 0.10 0.18 0.26
10 16:51:01 20 3386   215  240  117  115   248  274  151  154  0.13 0.12 0.23 0.25
;            Ch1    Ch2    Ch3    Ch4      blue   green  brown
;  alpha:   0.276  0.276  0.276  0.280     0.372 -0.000  0.275
; ETRmax:   251.8  212.7  361.4  816.1     774.4    0.0  236.0
;     Ik:   912.0  771.1 1307.6 2910.6    2082.1    0.0  857.2
;References: BL_US PMDA0174.REF2 GR_US PMDA0174.REF2 BR_US PMDA0174.REF2

;LTK_90M01152019

15JAN2019  16:53:50  Gain: 20  Zoff: 33 6 47 54
No   Time    G  PAR    F1   F2   F3   F4   Fm1  Fm2  Fm3  Fm4    Y1   Y2   Y3   Y4
 1 16:53:50 20 3390   143  182   79   71   178  216  112  112  0.20 0.16 0.29 0.37
 2 16:54:12 20 3392   141  183   78   69   177  210  111  113  0.20 0.13 0.30 0.39
 3 16:54:32 20 3387   143  184   78   70   176  211  110  108  0.19 0.13 0.29 0.35
 4 16:54:52 20 3384   146  185   80   72   177  211  109  110  0.18 0.12 0.27 0.35
 5 16:55:13 20 3389   145  184   81   73   179  209  110  108  0.19 0.12 0.26 0.32
 6 16:55:33 20 3383   149  186   83   75   177  213  116  114  0.16 0.13 0.28 0.34
 7 16:55:53 20 3396   154  189   87   79   181  218  117  116  0.15 0.13 0.26 0.32
 8 16:56:13 20 3389   157  192   89   83   185  214  117  118  0.15 0.10 0.24 0.30
 9 16:56:34 20 3387   156  189   89   82   181  210  113  117  0.14 0.10 0.21 0.30
10 16:56:54 20 3386   155  186   90   83   182  208  116  112  0.15 0.11 0.22 0.26
;            Ch1    Ch2    Ch3    Ch4      blue   green  brown
;  alpha:   0.276  0.277  0.277  0.303     0.415 -0.000  0.277
; ETRmax:   247.4  197.4  400.5  741.1    1092.6    0.0  221.1
;     Ik:   897.3  713.2 1448.2 2446.8    2630.1    0.0  797.9
;References: BL_US PMDA0174.REF2 GR_US PMDA0174.REF2 BR_US PMDA0174.REF2

;LTK_100M01152019

15JAN2019  16:59:51  Gain: 20  Zoff: 33 6 47 54
No   Time    G  PAR    F1   F2   F3   F4   Fm1  Fm2  Fm3  Fm4    Y1   Y2   Y3   Y4
 1 16:59:51 20 3385   153  203   83   76   199  245  122  128  0.23 0.17 0.32 0.41
 2 17:00:13 20 3391   155  203   85   77   205  250  128  131  0.24 0.19 0.34 0.41
 3 17:00:33 20 3395   156  205   85   78   202  248  126  127  0.23 0.17 0.33 0.39
 4 17:00:53 20 3381   158  205   87   79   197  248  123  127  0.20 0.17 0.29 0.38
 5 17:01:14 20 3388   157  204   88   80   196  241  124  126  0.20 0.15 0.29 0.37
 6 17:01:34 20 3392   160  206   89   82   198  247  125  127  0.19 0.17 0.29 0.35
 7 17:01:54 20 3391   161  206   90   84   196  241  119  128  0.18 0.15 0.24 0.34
 8 17:02:14 20 3389   163  206   93   86   200  241  124  126  0.19 0.15 0.25 0.32
 9 17:02:35 20 3389   163  206   94   87   196  242  125  127  0.17 0.15 0.25 0.31
10 17:02:55 20 3385   163  205   94   88   194  238  127  129  0.16 0.14 0.26 0.32
;            Ch1    Ch2    Ch3    Ch4      blue   green  brown
;  alpha:   0.277  0.276  0.260  0.338     0.445 -0.000  0.275
; ETRmax:   282.4  236.9  749.4  747.6     830.1    0.0  262.0
;     Ik:  1020.7  859.5 2885.1 2212.4    1863.9    0.0  951.9
;References: BL_US PMDA0174.REF2 GR_US PMDA0174.REF2 BR_US PMDA0174.REF2

;LTK_110M01152019

15JAN2019  17:06:17  Gain: 20  Zoff: 33 6 47 54
No   Time    G  PAR    F1   F2   F3   F4   Fm1  Fm2  Fm3  Fm4    Y1   Y2   Y3   Y4
 1 17:06:17 20 3390   132  176   67   56   157  196   96   93  0.16 0.10 0.30 0.40
 2 17:06:38 20 3385   131  175   67   57   156  199   96   94  0.16 0.12 0.30 0.39
 3 17:06:59 20 3381   132  175   68   58   158  193   95   92  0.16 0.09 0.28 0.37
 4 17:07:19 20 3387   132  174   69   59   158  194   96   95  0.16 0.10 0.28 0.38
 5 17:07:39 20 3386   132  174   70   60   159  199   95   96  0.17 0.13 0.26 0.38
 6 17:08:00 20 3384   134  174   72   62   159  193   96   97  0.16 0.10 0.25 0.36
 7 17:08:20 20 3385   134  173   73   63   157  198   99   96  0.15 0.13 0.26 0.34
 8 17:08:40 20 3384   135  173   75   64   157  193  101   98  0.14 0.10 0.26 0.35
 9 17:09:00 20 3391   137  173   76   66   158  195  101   96  0.13 0.11 0.25 0.31
10 17:09:21 20 3386   138  172   78   68   161  192  103  102  0.14 0.10 0.24 0.33
;            Ch1    Ch2    Ch3    Ch4      blue   green  brown
;  alpha:   0.276  0.277  0.277  0.340     0.541 -0.000  0.277
; ETRmax:   229.7  183.8  418.5  746.9     891.5    0.0  202.0
;     Ik:   832.7  663.8 1511.9 2197.6    1649.2    0.0  730.3
;References: BL_US PMDA0174.REF2 GR_US PMDA0174.REF2 BR_US PMDA0174.REF2

;LTK_120M01152019

15JAN2019  17:12:08  Gain: 20  Zoff: 33 6 47 54
No   Time    G  PAR    F1   F2   F3   F4   Fm1  Fm2  Fm3  Fm4    Y1   Y2   Y3   Y4
 1 17:12:09 20 3390   131  175   67   57   160  195   98   97  0.18 0.10 0.32 0.41
 2 17:12:30 20 3388   131  175   68   57   159  198   99   93  0.18 0.12 0.31 0.39
 3 17:12:50 20 3387   131  174   68   58   154  194   97   95  0.15 0.10 0.30 0.39
 4 17:13:11 20 3389   132  174   69   59   157  195   99   96  0.16 0.11 0.30 0.39
 5 17:13:31 20 3386   133  173   70   60   158  196   97   92  0.16 0.12 0.28 0.35
 6 17:13:51 20 3381   133  173   72   61   157  193  101   94  0.15 0.10 0.29 0.35
 7 17:14:12 20 3391   134  172   73   63   159  192  100   96  0.16 0.10 0.27 0.34
 8 17:14:32 20 3385   134  171   74   64   158  192  101   96  0.15 0.11 0.27 0.33
 9 17:14:52 20 3381   136  171   75   66   158  190  103   96  0.14 0.10 0.27 0.31
10 17:15:12 20 3384   136  170   76   67   162  187  101   96  0.16 0.09 0.25 0.30
;            Ch1    Ch2    Ch3    Ch4      blue   green  brown
;  alpha:   0.276  0.278  0.276  0.334    362725.3 -0.000  0.277
; ETRmax:   235.0  180.3  486.0  748.6    3412.9    0.0  200.7
;     Ik:   851.1  649.5 1762.3 2240.5       0.0    0.0  725.8
;References: BL_US PMDA0174.REF2 GR_US PMDA0174.REF2 BR_US PMDA0174.REF2

;LTK_130M01152019

15JAN2019  17:18:14  Gain: 20  Zoff: 33 6 47 54
No   Time    G  PAR    F1   F2   F3   F4   Fm1  Fm2  Fm3  Fm4    Y1   Y2   Y3   Y4
 1 17:18:15 20 3388   134  178   67   57   164  200   96   93  0.18 0.11 0.30 0.39
 2 17:18:36 20 3392   134  177   68   58   162  199   96  100  0.17 0.11 0.29 0.42
 3 17:18:56 20 3388   135  177   69   59   164  201   94   96  0.18 0.12 0.27 0.39
 4 17:19:17 20 3386   135  177   69   59   160  200   93   95  0.16 0.12 0.26 0.38
 5 17:19:37 20 3388   135  177   70   61   159  195   94   92  0.15 0.09 0.26 0.34
 6 17:19:57 20 3384   136  175   71   62   159  195   99   98  0.14 0.10 0.28 0.37
 7 17:20:17 20 3391   137  175   73   63   159  197   96   98  0.14 0.11 0.24 0.36
 8 17:20:38 20 3391   138  175   74   64   161  195   99  100  0.14 0.10 0.25 0.36
 9 17:20:58 20 3393   138  174   75   66   161  198  101  101  0.14 0.12 0.26 0.35
10 17:21:18 20 3390   139  174   76   67   163  193  100   96  0.15 0.10 0.24 0.30
;            Ch1    Ch2    Ch3    Ch4      blue   green  brown
;  alpha:   0.111  0.277  0.277  0.338     0.517 -0.000  0.277
; ETRmax:   536.9  183.2  404.7  942.5    1270.1    0.0  203.8
;     Ik:  4846.8  660.7 1463.2 2784.5    2455.2    0.0  736.6
;References: BL_US PMDA0174.REF2 GR_US PMDA0174.REF2 BR_US PMDA0174.REF2

;LTK_140M01152019

15JAN2019  17:23:55  Gain: 20  Zoff: 33 6 47 54
No   Time    G  PAR    F1   F2   F3   F4   Fm1  Fm2  Fm3  Fm4    Y1   Y2   Y3   Y4
 1 17:23:55 20 3388   184  232   80   69   206  248  107  106  0.11 0.06 0.25 0.35
 2 17:24:17 20 3387   184  231   81   70   212  253  106  107  0.13 0.09 0.24 0.35
 3 17:24:37 20 3391   184  231   81   70   207  249  109  107  0.11 0.07 0.26 0.35
 4 17:24:57 20 3391   183  230   81   71   205  248  108  109  0.11 0.07 0.25 0.35
 5 17:25:18 20 3386   183  229   83   72   204  250  109  104  0.10 0.08 0.24 0.31
 6 17:25:38 20 3389   184  229   84   74   206  249  111  108  0.11 0.08 0.24 0.31
 7 17:25:58 20 3390   184  228   85   75   208  250  109  106  0.12 0.09 0.22 0.29
 8 17:26:18 20 3393   185  227   86   76   208  246  111  110  0.11 0.08 0.23 0.31
 9 17:26:39 20 3385   185  226   88   78   208  242  112  110  0.11 0.07 0.21 0.29
10 17:26:59 20 3391   186  225   88   79   209  244  115  112  0.11 0.08 0.23 0.29
;            Ch1    Ch2    Ch3    Ch4      blue   green  brown
;  alpha:   0.277  0.279  0.276  0.292     0.555 -0.000  0.277
; ETRmax:   186.3  151.2  342.5  837.5     906.7    0.0  192.3
;     Ik:   672.1  541.6 1238.9 2872.9    1634.4    0.0  693.5
;References: BL_US PMDA0174.REF2 GR_US PMDA0174.REF2 BR_US PMDA0174.REF2