LTM_0m_12222016

22DEC2016  23:59:20  Gain: 20  Zoff: 143 175 127 128
No   Time    G  PAR    F1   F2   F3   F4   Fm1  Fm2  Fm3  Fm4    Y1   Y2   Y3   Y4
 1 23:59:21 20   64   161  248  115  130   265  366  204  236  0.39 0.32 0.44 0.45
 2 23:59:42 20   16   156  236  111  126   285  355  206  241  0.45 0.34 0.46 0.48
 3 00:00:03 20   64   157  246  113  127   265  373  199  229  0.41 0.34 0.43 0.45
 4 00:00:23 20  128   156  249  114  128   257  377  197  222  0.39 0.34 0.42 0.42
 5 00:00:43 20  192   153  250  114  127   237  366  176  212  0.35 0.32 0.35 0.40
 6 00:01:03 20  256   150  250  113  126   225  360  178  204  0.33 0.31 0.37 0.38
 7 00:01:24 20  320   148  250  113  125   211  354  167  198  0.30 0.29 0.32 0.37
 8 00:01:44 20  384   146  250  112  124   208  352  161  193  0.30 0.29 0.30 0.36
 9 00:02:04 20  448   144  250  113  124   200  335  162  184  0.28 0.25 0.30 0.33
10 00:02:24 20  512   143  251  113  123   195  344  159  186  0.27 0.27 0.29 0.34
11 00:02:45 20  576   142  251  113  123   187  337  159  186  0.24 0.26 0.29 0.34
12 00:03:05 20    1   141  252  113  123   188  330  152  182  0.25 0.24 0.26 0.32
13 00:03:25 20  704   140  252  113  124   190  326  154  174  0.26 0.23 0.27 0.29
14 00:03:46 20  832   139  253  115  125   179  319  149  176  0.22 0.21 0.23 0.29
;            Ch1    Ch2    Ch3    Ch4      blue   green  brown
;  alpha:   0.709  0.687  0.789  0.829     0.782 -0.000  0.754
; ETRmax:  6239.3  968.7 7700.9 1662122.     327.5    0.0  294.9
;     Ik:  8795.8 1411.0 9764.1 2006060.     418.9    0.0  391.4
;References: BL_US PMDA0174.REF2 GR_US PMDA0174.REF2 BR_US PMDA0174.REF2

LTM_10m_12222016



23DEC2016  00:09:37  Gain: 20  Zoff: 143 175 127 128
No   Time    G  PAR    F1   F2   F3   F4   Fm1  Fm2  Fm3  Fm4    Y1   Y2   Y3   Y4
 1 00:09:37 20   64   181  242  113  129   303  372  207  247  0.40 0.35 0.45 0.48
 2 00:09:59 20   16   178  231  110  127   317  355  201  251  0.44 0.35 0.45 0.49
 3 00:10:19 20   64   179  241  111  128   297  374  207  243  0.40 0.36 0.46 0.47
 4 00:10:39 20  128   178  245  112  129   281  374  190  228  0.37 0.34 0.41 0.43
 5 00:10:59 20  192   176  248  114  131   260  365  182  223  0.32 0.32 0.37 0.41
 6 00:11:20 20  256   173  248  113  129   246  360  174  207  0.30 0.31 0.35 0.38
 7 00:11:40 20  320   170  246  111  127   239  352  169  201  0.29 0.30 0.34 0.37
 8 00:12:00 20  384   170  247  112  128   230  345  167  192  0.26 0.28 0.33 0.33
 9 00:12:21 20  448   171  249  113  129   223  344  165  191  0.23 0.28 0.32 0.32
10 00:12:41 20  512   171  249  115  130   222  342  159  191  0.23 0.27 0.28 0.32
11 00:13:01 20  576   171  250  115  130   217  336  160  192  0.21 0.26 0.28 0.32
12 00:13:21 20  640   168  249  115  131   217  336  159  184  0.23 0.26 0.28 0.29
13 00:13:42 20  704   165  249  116  130   210  329  157  190  0.21 0.24 0.26 0.32
14 00:14:02 20  832   166  250  119  134   209  328  155  187  0.21 0.24 0.23 0.28
;            Ch1    Ch2    Ch3    Ch4      blue   green  brown
;  alpha:   0.969  0.829  1.039  1.094     0.963 -0.000  0.913
; ETRmax:   542.1 1161.3  744.1 1127.6     472.5    0.0  591.2
;     Ik:   559.4 1400.0  716.1 1030.6     490.7    0.0  647.6
;References: BL_US PMDA0174.REF2 GR_US PMDA0174.REF2 BR_US PMDA0174.REF2

LTM_20m_12222016

23DEC2016  00:17:55  Gain: 20  Zoff: 143 175 127 128
No   Time    G  PAR    F1   F2   F3   F4   Fm1  Fm2  Fm3  Fm4    Y1   Y2   Y3   Y4
 1 00:17:55 20   64   146  280   99  113   272  440  186  228  0.46 0.36 0.47 0.50
 2 00:18:17 20   16   140  265   95  107   283  421  193  239  0.51 0.37 0.51 0.55
 3 00:18:37 20   64   145  278   97  110   269  438  183  229  0.46 0.37 0.47 0.52
 4 00:18:58 20  128   149  285  101  114   265  439  182  217  0.44 0.35 0.45 0.47
 5 00:19:18 20  192   153  290  104  117   255  436  179  215  0.40 0.33 0.42 0.46
 6 00:19:38 20  256   155  292  106  120   247  423  179  203  0.37 0.31 0.41 0.41
 7 00:19:58 20  320   151  292  105  119   233  414  161  197  0.35 0.29 0.35 0.40
 8 00:20:19 20  384   146  292  103  117   221  404  157  189  0.34 0.28 0.34 0.38
 9 00:20:39 20  448   147  295  104  118   213  405  152  182  0.31 0.27 0.32 0.35
10 00:20:59 20  512   150  301  107  122   207  403  159  190  0.28 0.25 0.33 0.36
11 00:21:20 20  576   151  303  108  124   205  400  153  184  0.26 0.24 0.29 0.33
12 00:21:40 20  640   150  304  108  122   195  403  152  182  0.23 0.25 0.29 0.33
13 00:22:00 20  704   149  307  110  123   201  397  153  181  0.26 0.23 0.28 0.32
14 00:22:20 20  832   152  311  114  127   201  393  156  179  0.24 0.21 0.27 0.29
;            Ch1    Ch2    Ch3    Ch4      blue   green  brown
;  alpha:   1.148  0.885  1.143  1.215     1.135 -0.000  1.039
; ETRmax:   525.4  647.2  965.4  773.2     796.2    0.0  552.2
;     Ik:   457.5  731.6  844.6  636.3     701.3    0.0  531.6
;References: BL_US PMDA0174.REF2 GR_US PMDA0174.REF2 BR_US PMDA0174.REF2

LTM_30m_12222016

23DEC2016  00:26:19  Gain: 20  Zoff: 143 175 127 128
No   Time    G  PAR    F1   F2   F3   F4   Fm1  Fm2  Fm3  Fm4    Y1   Y2   Y3   Y4
 1 00:26:19 20   64   147  246   85  101   273  421  178  213  0.46 0.42 0.52 0.53
 2 00:26:41 20   16   135  232   79   92   291  420  180  228  0.54 0.45 0.56 0.60
 3 00:27:01 20   64    93  207   37  205   285  430  179  217  0.67 0.52 0.79 0.06
 4 00:27:22 20  128   153  253   90  107   270  430  174  220  0.43 0.41 0.48 0.51
 5 00:27:42 20  192   156  258   93  110   268  420  167  207  0.42 0.39 0.44 0.47
 6 00:28:02 20  256   158  261   94  111   256  413  159  206  0.38 0.37 0.41 0.46
 7 00:28:22 20  320   161  263   97  115   249  414  159  206  0.35 0.36 0.39 0.44
 8 00:28:43 20  384   163  268  100  118   245  405  160  200  0.33 0.34 0.38 0.41
 9 00:29:03 20  448   166  272  102  120   246  408  159  195  0.33 0.33 0.36 0.38
10 00:29:23 20  512   168  276  104  122   239  400  162  196  0.30 0.31 0.36 0.38
11 00:29:43 20  576   170  281  106  124   241  401  157  193  0.29 0.30 0.32 0.36
12 00:30:04 20  640   172  284  108  127   234  399  162  192  0.26 0.29 0.33 0.34
13 00:30:24 20  704   174  287  110  129   232  398  158  197  0.25 0.28 0.30 0.35
14 00:30:44 20  832   177  293  114  134   233  386  153  190  0.24 0.24 0.25 0.29
;            Ch1    Ch2    Ch3    Ch4      blue   green  brown
;  alpha:   1.148  0.983  1.201  1.284     1.224 -0.000  1.101
; ETRmax:   539.1  518.8  666.8  753.1     971.3    0.0  568.2
;     Ik:   469.4  527.7  555.1  586.3     793.3    0.0  516.2
;References: BL_US PMDA0174.REF2 GR_US PMDA0174.REF2 BR_US PMDA0174.REF2

LTM_40m_12222016

23DEC2016  00:34:17  Gain: 20  Zoff: 143 175 127 128
No   Time    G  PAR    F1   F2   F3   F4   Fm1  Fm2  Fm3  Fm4    Y1   Y2   Y3   Y4
 1 00:34:17 20   64    43   41   24   31    81   87   57   77  0.47 0.53 0.58 0.60
 2 00:34:39 20   16    38   39   23   29    99   89   69   93  0.62 0.56 0.67 0.69
 3 00:34:59 20   64    44   43   26   33    93   90   68   85  0.53 0.52 0.62 0.61
 4 00:35:20 20  128    47   45   29   36    89   84   63   88  0.47 0.46 0.54 0.59
 5 00:35:40 20  192    49   46   31   38    85   83   62   84  0.42 0.45 0.50 0.55
 6 00:36:00 20  256    49   45   32   39    86   81   64   79  0.43 0.44 0.50 0.51
 7 00:36:21 20  320    49   44   32   39    79   73   58   80  0.38 0.40 0.45 0.51
 8 00:36:41 20  384    48   42   33   40    74   79   58   78  0.35 0.47 0.43 0.49
 9 00:37:01 20  448    49   41   34   41    77   79   60   78  0.36 0.48 0.43 0.47
10 00:37:21 20  512    51   42   36   43    86   71   63   79  0.41 0.41 0.43 0.46
11 00:37:42 20  576    52   43   38   45    81   73   63   78  0.36 0.41 0.40 0.42
12 00:38:02 20  640    52   42   39   46    77   65   63   82  0.32 0.35 0.38 0.44
13 00:38:22 20  704    52   41   39   47    81   65   63   84  0.36 0.37 0.38 0.44
14 00:38:43 20  832    53   40   42   48    78   63   64   78  0.32 0.37 0.34 0.38
;            Ch1    Ch2    Ch3    Ch4      blue   green  brown
;  alpha:   1.160  1.120  1.399  1.424     1.511  0.157  1.135
; ETRmax:  1000.6  870.0 1403.9 1898.4    1589.4   49.1 2869.7
;     Ik:   862.9  777.1 1003.3 1333.1    1052.1  312.5 2527.5
;References: BL_US PMDA0174.REF2 GR_US PMDA0174.REF2 BR_US PMDA0174.REF2

LTM_50m_12222016

23DEC2016  00:43:37  Gain: 20  Zoff: 143 175 127 128
No   Time    G  PAR    F1   F2   F3   F4   Fm1  Fm2  Fm3  Fm4    Y1   Y2   Y3   Y4
 1 00:43:38 20   64    40   38   21   26    86   81   55   81  0.53 0.53 0.62 0.68
 2 00:43:59 20   16    35   35   20   24   101   89   60   83  0.65 0.61 ---- 0.71
 3 00:44:20 20   64    40   38   22   27    86   87   56   80  0.53 0.56 0.61 0.66
 4 00:44:40 20  128    43   39   24   29    82   76   55   81  0.48 0.49 0.56 0.64
 5 00:45:00 20 3292    45   40   26   32    86   78   58   78  0.48 0.49 0.55 0.59
 6 00:45:21 20  256    47   41   28   34    81   71   55   73  0.42 0.42 0.49 0.53
 7 00:45:41 20  320    48   40   29   35    79   74   57   76  0.39 0.46 0.49 0.54
 8 00:46:01 20  384    48   40   31   36    81   73   55   78  0.41 0.45 0.44 0.54
 9 00:46:21 20  448    48   39   32   38    73   67   57   74  0.34 0.42 0.44 0.49
10 00:46:42 20  512    48   39   33   39    77   73   55   73  0.38 0.47 0.40 0.47
11 00:47:02 20  576    49   38   34   40    75   73   59   78  0.35 0.48 0.42 0.49
12 00:47:22 20  640    48   38   35   41    73   65   57   77  0.34 0.42 0.39 0.47
13 00:47:43 20  704    49   37   36   42    73   69   60   78  0.33 0.46 0.40 0.46
14 00:48:03 20  832    49   36   38   44    75   64   62   81  0.35 0.44 0.39 0.46
;            Ch1    Ch2    Ch3    Ch4      blue   green  brown
;  alpha:   1.218  1.145  1.406  1.518     1.558 -0.000  1.077
; ETRmax:  1314.1 4683.4 1560.4 2134.1    2525.5    0.0 1206570.
;     Ik:  1078.6 4090.9 1109.8 1406.1    1621.2    0.0 1119847.
;References: BL_US PMDA0174.REF2 GR_US PMDA0174.REF2 BR_US PMDA0174.REF2

LTM_60m_12222016

23DEC2016  00:52:50  Gain: 20  Zoff: 143 175 127 128
No   Time    G  PAR    F1   F2   F3   F4   Fm1  Fm2  Fm3  Fm4    Y1   Y2   Y3   Y4
 1 00:52:51 20   64    57   39   32   39   105   81   70   92  0.46 0.52 0.54 0.58
 2 00:53:12 20   16    48   34   27   32   121   93   79  102  0.60 0.63 0.66 0.69
 3 00:53:32 20   64    55   38   31   38   104   84   74   94  0.47 0.55 0.58 0.60
 4 00:53:53 20  128    57   38   33   39    92   73   68   84  0.38 0.48 0.51 0.54
 5 00:54:13 20  192    58   38   34   41   101   72   63   85  0.43 0.47 0.46 0.52
 6 00:54:33 20  256    58   38   36   43    92   68   66   85  0.37 0.44 0.45 0.49
 7 00:54:54 20  320    60   37   37   44    88   74   63   82  0.32 0.50 0.41 0.46
 8 00:55:14 20  384    59   37   38   45    89   66   63   84  0.34 0.44 0.40 0.46
 9 00:55:34 20  448    60   35   39   46    89   66   64   80  0.33 0.47 0.39 0.42
10 00:55:54 20  512    60   34   40   47    89   63   63   83  0.33 0.46 0.37 0.43
11 00:56:15 20  576    60   34   41   48    84   62   70   84  0.29 0.45 0.41 0.43
12 00:56:35 20  640    60   33   42   49    85   63   63   78  0.29 0.48 0.33 0.37
13 00:56:55 20  704    61   33   43   51    89   58   70   87  0.31 0.43 0.39 0.41
14 00:57:16 20  832    62   32   46   53    85   50   71   88  0.27 0.36 0.35 0.40
;            Ch1    Ch2    Ch3    Ch4      blue   green  brown
;  alpha:   1.046  1.163  1.284  1.338     1.526  1.061  0.959
; ETRmax:  1130.0 1347.0 1397.6 1815.0    3275.7  822.9  559.1
;     Ik:  1080.4 1158.4 1088.3 1356.2    2146.8  775.7  583.2
;References: BL_US PMDA0174.REF2 GR_US PMDA0174.REF2 BR_US PMDA0174.REF2

LTM_70m_12222016

23DEC2016  01:00:56  Gain: 20  Zoff: 143 175 127 128
No   Time    G  PAR    F1   F2   F3   F4   Fm1  Fm2  Fm3  Fm4    Y1   Y2   Y3   Y4
 1 01:00:57 20   64    51   37   27   33    98   80   64   81  0.48 0.54 0.58 0.59
 2 01:01:18 20   16    46   34   25   30   120   89   79  102  0.62 0.62 0.68 0.71
 3 01:01:39 20   64    54   38   29   35   102   81   69   91  0.47 0.53 0.58 0.62
 4 01:01:59 20  128    55   38   30   37    98   76   67   85  0.44 0.50 0.55 0.56
 5 01:02:19 20  192    57   39   33   39    92   74   67   81  0.38 0.47 0.51 0.52
 6 01:02:39 20  256    58   38   34   41    95   68   62   86  0.39 0.44 0.45 0.52
 7 01:03:00 20  320    58   38   35   42    89   69   63   81  0.35 0.45 0.44 0.48
 8 01:03:20 20  384    58   37   36   43    95   65   68   82  0.39 0.43 0.47 0.48
 9 01:03:40 20  448    59   37   37   44    85   62   66   78  0.31 0.40 0.44 0.44
10 01:04:01 20  512    60   37   39   46    89   65   63   81  0.33 0.43 0.38 0.43
11 01:04:21 20  576    62   37   41   48    87   67   68   80  0.29 0.45 0.40 0.40
12 01:04:41 20  640    64   37   42   50    89   67   65   85  0.28 0.45 0.35 0.41
13 01:05:01 20  704    63   36   43   51    88   61   62   86  0.28 0.41 0.31 0.41
14 01:05:22 20  832    65   35   46   54    86   63   69   86  0.24 0.44 0.33 0.37
;            Ch1    Ch2    Ch3    Ch4      blue   green  brown
;  alpha:   1.000  1.117  1.283  1.350     1.553  0.868  1.054
; ETRmax:   457.1 4373.9  638.0 1641.1    4261.8  146.5 1821.3
;     Ik:   457.2 3917.1  497.1 1215.6    2744.4  168.8 1728.2
;References: BL_US PMDA0174.REF2 GR_US PMDA0174.REF2 BR_US PMDA0174.REF2

LTM_80m_12222016

23DEC2016  01:09:15  Gain: 20  Zoff: 143 175 127 128
No   Time    G  PAR    F1   F2   F3   F4   Fm1  Fm2  Fm3  Fm4    Y1   Y2   Y3   Y4
 1 01:09:16 20   64    37   31   14   18    71   64   43   60  0.48 0.52 ---- ----
 2 01:09:38 20   16    32   29   12   15    75   65   50   61  0.57 0.55 ---- ----
 3 01:09:58 20   64    35   30   14   18    67   59   44   56  0.48 0.49 ---- ----
 4 01:10:18 20  128    36   29   16   19    65   65   43   58  0.45 0.55 ---- ----
 5 01:10:38 20  192    36   29   17   20    62   62   44   61  0.42 0.53 ---- ----
 6 01:10:59 20  256    38   28   19   22    67   57   49   62  0.43 0.51 ---- 0.65
 7 01:11:19 20  320    39   28   20   24    64   52   47   62  0.39 0.46 ---- 0.61
 8 01:11:39 20  384    39   28   22   26    67   57   50   63  0.42 0.51 0.56 0.59
 9 01:12:00 20  448    41   28   23   27    67   53   51   62  0.39 0.47 0.55 0.56
10 01:12:20 20  512    42   28   25   29    67   52   51   64  0.37 0.46 0.51 0.55
11 01:12:40 20  576    43   29   26   31    66   57   47   62  0.35 0.49 0.45 0.50
12 01:13:00 20  640    45   28   28   33    67   51   54   66  0.33 0.45 0.48 0.50
13 01:13:21 20  704    45   28   28   34    73   50   53   69  0.38 0.44 0.47 0.51
14 01:13:41 20  832    47   28   31   37    72   49   49   69  0.35 0.43 0.37 0.46
;            Ch1    Ch2    Ch3    Ch4      blue   green  brown
;  alpha:   1.037  1.043  0.961  1.206     1.505  0.665  1.267
; ETRmax:  1023.0  525.8  380.3 1897.7     516.3 1403.1 1903.4
;     Ik:   986.4  504.0  395.9 1573.2     343.0 2111.4 1502.3
;References: BL_US PMDA0174.REF2 GR_US PMDA0174.REF2 BR_US PMDA0174.REF2

LTM_90m_12222016

23DEC2016  01:18:20  Gain: 20  Zoff: 143 175 127 128
No   Time    G  PAR    F1   F2   F3   F4   Fm1  Fm2  Fm3  Fm4    Y1   Y2   Y3   Y4
 1 01:18:21 20   64   506  265  334  382   904  497  604  706  0.44 0.47 0.45 0.46
 2 01:18:43 20   16   510  266  343  389  1120  612  772  903  0.54 0.57 0.56 0.57
 3 01:19:03 20   64   503  271  344  398   985  557  680  818  0.49 0.51 0.49 0.51
 4 01:19:23 20  128   523  283  357  413   886  491  594  702  0.41 0.42 0.40 0.41
 5 01:19:43 20  192   562  296  371  428   849  462  553  650  0.34 0.36 0.33 0.34
 6 01:20:04 20  256   570  285  369  421   787  407  519  592  0.28 0.30 0.29 0.29
 7 01:20:24 20  320   511  253  334  377   672  353  439  508  0.24 0.28 0.24 0.26
 8 01:20:44 20  384   452  226  292  332   586  313  375  433  0.23 0.28 0.22 0.23
 9 01:21:05 20  448   425  211  273  311   538  284  348  402  0.21 0.26 0.22 0.23
10 01:21:25 20  512   419  207  271  309   520  272  340  391  0.19 0.24 0.20 0.21
11 01:21:45 20  576   418  205  271  309   513  265  335  384  0.19 0.23 0.19 0.20
12 01:22:05 20    1   417  203  270  309   500  257  328  377  0.17 0.21 0.18 0.18
13 01:22:26 20  704   413  201  268  306   487  257  326  365  0.15 0.22 0.18 0.16
14 01:22:46 20  832   412  199  269  307   481  247  316  364  0.14 0.19 0.15 0.16
;            Ch1    Ch2    Ch3    Ch4      blue   green  brown
;  alpha:   0.633  0.735  0.656  0.666     0.581  0.675  1.574
; ETRmax:   129.2  207.3  145.9  147.5     114.1  160.1  933.1
;     Ik:   204.0  282.2  222.5  221.5     196.3  237.4  593.0
;References: BL_US PMDA0174.REF2 GR_US PMDA0174.REF2 BR_US PMDA0174.REF2

LTM_100m_12222016

23DEC2016  01:26:14  Gain: 20  Zoff: 143 175 127 128
No   Time    G  PAR    F1   F2   F3   F4   Fm1  Fm2  Fm3  Fm4    Y1   Y2   Y3   Y4
 1 01:26:15 20   64    20   12    8   10    59   51   46   54  ---- ---- ---- ----
 2 01:26:37 20   16    17   11    7    9    62   53   41   59  ---- ---- ---- ----
 3 01:26:57 20   64    19   11    8   10    56   49   47   53  ---- ---- ---- ----
 4 01:27:17 20  128    22   12   10   12    58   42   40   53  0.62 ---- ---- ----
 5 01:27:37 20  192    23   13   12   14    57   48   37   51  0.60 ---- ---- ----
 6 01:27:58 20  256    25   12   13   16    55   41   39   51  0.55 ---- ---- ----
 7 01:28:18 20  320    25   11   15   17    52   38   39   54  0.52 ---- ---- ----
 8 01:28:38 20  384    26   10   16   19    53   41   36   54  0.51 ---- ---- ----
 9 01:28:59 20  448    27   10   17   20    54   35   43   54  0.50 ---- ---- ----
10 01:29:19 20  512    28   10   19   22    57   40   40   56  0.51 ---- ---- 0.61
11 01:29:39 20  576    33   14   18   29    55   38   38   55  0.40 ---- ---- 0.47
12 01:29:59 20    1    29    9   21   25    56   33   47   54  0.48 ---- 0.55 0.54
13 01:30:20 20  704    31    9   22   27    55   34   45   58  0.44 ---- 0.51 0.53
14 01:30:40 20  832    31    7   25   28    57   26   50   55  0.46 ---- 0.50 0.49
;            Ch1    Ch2    Ch3    Ch4      blue   green  brown
;  alpha:   1.170 -0.000  1.165  1.207     1.319  1.514 20.908
; ETRmax:   647.3    0.0 1773.9  777.2     797.0  881.1  408.4
;     Ik:   553.1    0.0 1522.6  643.7     604.4  582.0   19.5
;References: BL_US PMDA0174.REF2 GR_US PMDA0174.REF2 BR_US PMDA0174.REF2

LTM_110m_12222016

23DEC2016  01:34:34  Gain: 20  Zoff: 143 175 127 128
No   Time    G  PAR    F1   F2   F3   F4   Fm1  Fm2  Fm3  Fm4    Y1   Y2   Y3   Y4
 1 01:34:36 20   64    51   49  -36   86    65    2   37   22  0.22 ---- ---- ----
 2 01:34:57 20   16     5    4    0    1    32   35   25   37  ---- ---- ---- ----
 3 01:35:18 20   64     6    4    0    0    33   32   26   39  ---- ---- ---- ----
 4 01:35:38 20  128     6    3    1    2    33   30   23   38  ---- ---- ---- ----
 5 01:35:58 20  192     7    3    2    3    39   25   27   30  ---- ---- ---- ----
 6 01:36:18 20  256     8    3    4    5    33   27   30   46  ---- ---- ---- ----
 7 01:36:39 20  320     9    2    5    6    32   27   29   46  ---- ---- ---- ----
 8 01:36:59 20  384    10    2    7    8    37   30   25   41  ---- ---- ---- ----
 9 01:37:19 20  448    11    1    8    9    33   24   29   44  ---- ---- ---- ----
10 01:37:40 20  512    11    1    9   11    37   25   32   38  ---- ---- ---- ----
11 01:38:00 20  576    12    0   10   12    33   20   31   44  ---- ---- ---- ----
12 01:38:20 20  640    13    0   12   14    33   26   35   45  ---- ---- ---- ----
13 01:38:40 20  704    14    0   13   15    35   24   34   45  ---- ---- ---- ----
14 01:39:01 20  832    16   -1   16   18    37   24   39   52  ---- ---- ---- ----
;            Ch1    Ch2    Ch3    Ch4      blue   green  brown
;  alpha:   0.635 -0.000 -0.000 -0.000     1.532  1.708  2.035
; ETRmax:    37.8    0.0    0.0    0.0    1015.4  884.8 1914.4
;     Ik:    59.6    0.0    0.0    0.0     662.6  518.1  940.7
;References: BL_US PMDA0174.REF2 GR_US PMDA0174.REF2 BR_US PMDA0174.REF2

LTM_120m_12222016

23DEC2016  01:43:34  Gain: 20  Zoff: 143 175 127 128
No   Time    G  PAR    F1   F2   F3   F4   Fm1  Fm2  Fm3  Fm4    Y1   Y2   Y3   Y4
 1 01:43:34 20   64    11   10    1    2    33   34   28   43  ---- ---- ---- ----
 2 01:43:56 20   16    11   10    1    2    37   38   24   37  ---- ---- ---- ----
 3 01:44:16 20   64    11   10    1    2    40   37   31   42  ---- ---- ---- ----
 4 01:44:36 20  128    11    9    2    3    37   36   30   38  ---- ---- ---- ----
 5 01:44:57 20  192    12    9    4    5    38   36   23   41  ---- ---- ---- ----
 6 01:45:17 20  256    13    9    5    6    33   40   31   44  ---- ---- ---- ----
 7 01:45:37 20  320    14    8    6    8    41   35   27   38  ---- ---- ---- ----
 8 01:45:57 20  384    14    7    8    9    36   33   30   43  ---- ---- ---- ----
 9 01:46:18 20  448    15    7    9   10    47   33   31   42  ---- ---- ---- ----
10 01:46:38 20  512    16    6   10   12    43   35   32   42  ---- ---- ---- ----
11 01:46:58 20  576    17    6   12   13    37   29   37   46  ---- ---- ---- ----
12 01:47:19 20  640    18    6   13   15    39   33   37   49  ---- ---- ---- ----
13 01:47:39 20  704    18    5   14   16    37   29   40   46  ---- ---- ---- ----
14 01:47:59 20  832    20    4   17   19    47   26   34   54  ---- ---- ---- ----
;            Ch1    Ch2    Ch3    Ch4      blue   green  brown
;  alpha:  -0.000 -0.000 -0.000 -0.000     2.155  2.201  1.504
; ETRmax:     0.0    0.0    0.0    0.0    2300.0 2731.8 2689357.
;     Ik:     0.0    0.0    0.0    0.0    1067.4 1240.9 1787696.
;References: BL_US PMDA0174.REF2 GR_US PMDA0174.REF2 BR_US PMDA0174.REF2

LTM_130m_12222016

23DEC2016  01:51:30  Gain: 20  Zoff: 143 175 127 128
No   Time    G  PAR    F1   F2   F3   F4   Fm1  Fm2  Fm3  Fm4    Y1   Y2   Y3   Y4
 1 01:51:31 20   64    29   22    4    5    47   51   24   41  0.38 0.57 ---- ----
 2 01:51:52 20   16    28   22    5    5    58   53   31   45  0.52 0.58 ---- ----
 3 01:52:13 20   64    28   22    4    5    53   49   31   46  0.47 0.55 ---- ----
 4 01:52:33 20  128    29   21    5    6    55   45   29   41  0.47 0.53 ---- ----
 5 01:52:53 20  192    30   22    7    8    56   47   39   45  0.46 0.53 ---- ----
 6 01:53:14 20  256    31   21    9   10    58   48   34   43  0.47 0.56 ---- ----
 7 01:53:34 20  320    31   20   10   11    57   44   31   47  0.46 ---- ---- ----
 8 01:53:54 20  384    31   19   10   11    54   41   31   43  0.43 ---- ---- ----
 9 01:54:14 20  448    32   18   12   13    57   47   34   47  0.44 ---- ---- ----
10 01:54:35 20  512    32   17   13   14    57   39   34   45  0.44 ---- ---- ----
11 01:54:55 20  576    32   17   14   15    58   49   34   41  0.45 ---- ---- ----
12 01:55:15 20  640    33   16   15   17    57   40   39   49  0.42 ---- ---- ----
13 01:55:36 20  704    33   15   17   18    53   40   41   53  0.38 ---- ---- ----
14 01:55:56 20  832    34   14   19   21    57   41   42   48  0.40 ---- ---- 0.56
;            Ch1    Ch2    Ch3    Ch4      blue   green  brown
;  alpha:   1.106  1.226 -0.000  3.244    -0.000  3.185  1.394
; ETRmax:  2078.5 93879.7    0.0 1061.2       0.0 1461.5 6756270.
;     Ik:  1879.2 76573.6    0.0  327.1       0.0  458.9 4846768.
;References: BL_US PMDA0174.REF2 GR_US PMDA0174.REF2 BR_US PMDA0174.REF2

LTM_140m_12222016

23DEC2016  01:59:52  Gain: 20  Zoff: 143 175 127 128
No   Time    G  PAR    F1   F2   F3   F4   Fm1  Fm2  Fm3  Fm4    Y1   Y2   Y3   Y4
 1 01:59:52 20   64    43   37    8    9    65   65   36   46  0.34 0.43 ---- ----
 2 02:00:14 20   16    43   36    9    9    70   62   31   39  0.39 0.42 ---- ----
 3 02:00:34 20   64    42   36    8    9    68   59   35   47  0.38 0.39 ---- ----
 4 02:00:54 20  128    42   35    9   10    67   61   31   45  0.37 0.43 ---- ----
 5 02:01:15 20  192    43   34   11   11    70   59   31   46  0.39 0.42 ---- ----
 6 02:01:35 20  256    44   34   12   13    64   60   34   49  0.31 0.43 ---- ----
 7 02:01:55 20  320    44   33   13   14    65   57   39   52  0.32 0.42 ---- ----
 8 02:02:16 20  384    44   31   14   15    68   58   38   49  0.35 0.47 ---- ----
 9 02:02:36 20  448    44   30   15   16    61   58   39   48  0.28 0.48 ---- ----
10 02:02:56 20  512    44   29   16   17    66   56   37   51  0.33 0.48 ---- ----
11 02:03:16 20  576    44   29   18   18    65   54   38   56  0.32 0.46 ---- ----
12 02:03:37 20  640    45   28   19   20    65   48   42   53  0.31 0.42 ---- ----
13 02:03:57 20  704    45   27   20   21    65   42   43   54  0.31 0.36 ---- 0.61
14 02:04:17 20  832    46   26   23   24    72   52   43   60  0.36 0.50 0.47 0.60
;            Ch1    Ch2    Ch3    Ch4      blue   green  brown
;  alpha:   0.770  1.027  2.176  1.374    -0.000  1.407  0.962
; ETRmax:  1590.7 26365.7  874.9  821.6       0.0  411.8 2991117.
;     Ik:  2066.4 25680.9  402.0  597.9       0.0  292.7 3107929.
;References: BL_US PMDA0174.REF2 GR_US PMDA0174.REF2 BR_US PMDA0174.REF2
