;LTK_0M02142019

Gain: 20  Zoff: 228 243 125 126

14FEB2019  18:11:49  Gain: 20  Zoff: 228 243 125 126
No   Time    G  PAR    F1   F2   F3   F4   Fm1  Fm2  Fm3  Fm4    Y1   Y2   Y3   Y4
 1 18:17:30 20 3414    43   89   56   61   105  158  108  125  0.59 0.44 0.48 0.51

14FEB2019  18:18:20  Gain: 20  Zoff: 228 243 125 126
No   Time    G  PAR    F1   F2   F3   F4   Fm1  Fm2  Fm3  Fm4    Y1   Y2   Y3   Y4
 1 18:18:21 20 3424    37   80   52   57   103  153  108  126  0.64 0.48 0.52 0.55
 2 18:18:42 20 3424    32   71   49   54   105  135  104  121  0.70 0.47 0.53 0.55
 3 18:19:02 20 3421    35   75   50   56   105  148  103  124  0.67 0.49 0.51 0.55
 4 18:19:23 20 3418    36   77   52   57   102  153  107  124  0.65 0.50 0.51 0.54
 5 18:19:43 20 3417    41   81   56   62   108  150  107  128  0.62 0.46 0.48 0.52
 6 18:20:03 20 3421    45   82   57   63   105  152  105  125  0.57 0.46 0.46 0.50
 7 18:20:24 20 3417    50   88   61   69   112  157  111  134  0.55 0.44 0.45 0.49
 8 18:20:44 20 3414    53   92   65   74   110  157  113  131  0.52 0.41 0.42 0.44
 9 18:21:04 20 3424    51   88   65   71    96  146  105  124  0.47 0.40 0.38 0.43
10 18:21:24 20 3421    48   85   63   70    95  145  104  120  0.49 0.41 0.39 0.42
;            Ch1    Ch2    Ch3    Ch4      blue   green  brown
;  alpha:   0.662  0.456  0.476 519353.7     0.391 -0.000 373064.1
; ETRmax:   978.6  847.0  851.5 3114.3     788.3    0.0 3218.4
;     Ik:  1478.2 1857.1 1789.2    0.0    2014.3    0.0    0.0
;References: BL_US PMDA0174.REF2 GR_US PMDA0174.REF2 BR_US PMDA0174.REF2


;LTK_10M02142019
14FEB2019  18:23:54  Gain: 20  Zoff: 228 243 125 126
No   Time    G  PAR    F1   F2   F3   F4   Fm1  Fm2  Fm3  Fm4    Y1   Y2   Y3   Y4
 1 18:23:55 20 3423    60   95   75   85   139  174  136  162  0.57 0.45 0.45 0.48
 2 18:24:16 20 3426    60   88   74   84   159  173  143  168  0.62 0.49 0.48 0.50
 3 18:24:36 20 3424    63   94   76   87   143  177  140  165  0.56 0.47 0.46 0.47
 4 18:24:57 20 3422    54   92   72   82   125  169  126  152  0.57 0.46 0.43 0.46
 5 18:25:17 20 3414    53   93   73   83   129  175  131  156  0.59 0.47 0.44 0.47
 6 18:25:37 20 3422    60   97   79   89   129  175  132  159  0.53 0.45 0.40 0.44
 7 18:25:57 20 3418    63   98   79   90   127  172  130  152  0.50 0.43 0.39 0.41
 8 18:26:18 20 3421    62   97   80   91   116  165  130  151  0.47 0.41 0.38 0.40
 9 18:26:38 20 3425    60   98   81   92   116  167  128  154  0.48 0.41 0.37 0.40
10 18:26:58 20 3421    60   98   82   93   113  165  126  151  0.47 0.41 0.35 0.38
;            Ch1    Ch2    Ch3    Ch4      blue   green  brown
;  alpha:   0.578  0.447  0.409  0.442     0.320 -0.000  0.564
; ETRmax:   926.6  829.5  801.9  827.9     740.0    0.0  912.1
;     Ik:  1602.1 1856.1 1961.8 1874.5    2314.3    0.0 1617.2
;References: BL_US PMDA0174.REF2 GR_US PMDA0174.REF2 BR_US PMDA0174.REF2

;LTK_20M02142019
14FEB2019  18:30:00  Gain: 20  Zoff: 228 243 125 126
No   Time    G  PAR    F1   F2   F3   F4   Fm1  Fm2  Fm3  Fm4    Y1   Y2   Y3   Y4
 1 18:30:00 20 3417   111  121  102  118   223  219  188  224  0.50 0.45 0.46 0.47
 2 18:30:22 20 3423   105  115  100  114   231  216  192  224  0.55 0.47 0.48 0.49
 3 18:30:42 20 3420   102  117   99  112   207  216  183  215  0.51 0.46 0.46 0.48
 4 18:31:02 20 3421    99  119   98  112   191  209  169  204  0.48 0.43 0.42 0.45
 5 18:31:23 20 3424   105  124  103  117   199  211  171  207  0.47 0.41 0.40 0.43
 6 18:31:43 20 3422   103  123  102  117   180  204  166  190  0.43 0.40 0.39 0.38
 7 18:32:03 20 3423    98  124  101  115   168  199  161  189  0.42 0.38 0.37 0.39
 8 18:32:23 20 3418   102  128  105  119   169  197  161  192  0.40 0.35 0.35 0.38
 9 18:32:44 20 3418   102  129  106  120   161  198  153  187  0.37 0.35 0.31 0.36
10 18:33:04 20 3419    98  129  105  119   153  198  157  182  0.36 0.35 0.33 0.35
;            Ch1    Ch2    Ch3    Ch4      blue   green  brown
;  alpha:   0.451  0.394  0.384  0.413     0.330 -0.000  0.459
; ETRmax:   833.2  790.3  783.7  802.5     738.6    0.0  844.9
;     Ik:  1848.9 2007.1 2042.0 1941.3    2236.9    0.0 1840.7
;References: BL_US PMDA0174.REF2 GR_US PMDA0174.REF2 BR_US PMDA0174.REF2

;LTK_30M02142019

14FEB2019  18:35:32  Gain: 20  Zoff: 228 243 125 126
No   Time    G  PAR    F1   F2   F3   F4   Fm1  Fm2  Fm3  Fm4    Y1   Y2   Y3   Y4
 1 18:35:32 20 3418   218  321  135  155   382  568  256  310  0.43 0.43 0.47 0.50
 2 18:35:53 20 3419   205  306  131  149   409  567  272  326  0.50 0.46 0.52 0.54
 3 18:36:14 20 3417   209  318  135  154   388  576  268  316  0.46 0.45 0.50 0.51
 4 18:36:34 20 3418   213  324  138  158   373  569  257  305  0.43 0.43 0.46 0.48
 5 18:36:54 20 3422   216  330  142  164   365  567  257  304  0.41 0.42 0.45 0.46
 6 18:37:15 20 3418   219  336  146  169   351  561  249  296  0.38 0.40 0.41 0.43
 7 18:37:35 20 3418   223  339  148  170   344  547  244  286  0.35 0.38 0.39 0.41
 8 18:37:55 20 3422   224  341  149  172   336  541  241  280  0.33 0.37 0.38 0.39
 9 18:38:15 20 3418   227  346  151  174   326  528  235  276  0.30 0.34 0.36 0.37
10 18:38:36 20 3417   226  350  153  175   328  530  233  275  0.31 0.34 0.34 0.36
;            Ch1    Ch2    Ch3    Ch4      blue   green  brown
;  alpha:   0.370  0.392  0.413  0.447     0.383 -0.000  0.402
; ETRmax:  1004.4  793.9 1088.3  832.0     782.7    0.0 1069.8
;     Ik:  2718.0 2024.8 2634.5 1860.0    2042.8    0.0 2661.3
;References: BL_US PMDA0174.REF2 GR_US PMDA0174.REF2 BR_US PMDA0174.REF2

;LTK_40M02142019

14FEB2019  18:41:08  Gain: 20  Zoff: 228 243 125 126
No   Time    G  PAR    F1   F2   F3   F4   Fm1  Fm2  Fm3  Fm4    Y1   Y2   Y3   Y4
 1 18:41:08 20 3426   163  265  118  132   335  515  237  276  0.51 0.49 0.50 0.52
 2 18:41:30 20 3418   156  253  116  129   374  519  255  297  0.58 0.51 0.55 0.57
 3 18:41:50 20 3422   168  267  122  136   357  523  250  293  0.53 0.49 0.51 0.54
 4 18:42:10 20 3421   173  272  127  143   343  513  240  286  0.50 0.47 0.47 0.50
 5 18:42:31 20 3418   173  274  128  144   320  506  235  271  0.46 0.46 0.46 0.47
 6 18:42:51 20 3415   174  279  132  147   313  498  233  268  0.44 0.44 0.43 0.45
 7 18:43:11 20 3418   176  283  134  150   311  495  230  267  0.43 0.43 0.42 0.44
 8 18:43:31 20 3415   183  291  138  155   306  497  226  261  0.40 0.41 0.39 0.41
 9 18:43:52 20 3419   187  298  141  159   300  491  225  263  0.38 0.39 0.37 0.40
10 18:44:12 20 3418   186  299  142  160   289  479  221  257  0.36 0.38 0.36 0.38
;            Ch1    Ch2    Ch3    Ch4      blue   green  brown
;  alpha:   0.467  0.450  0.448  0.475    73824.31 -0.000  0.495
; ETRmax:   842.9  831.2  831.9  853.7    3643.5    0.0  867.1
;     Ik:  1805.5 1849.0 1857.9 1796.6       0.0    0.0 1752.8
;References: BL_US PMDA0174.REF2 GR_US PMDA0174.REF2 BR_US PMDA0174.REF2

;LTK_50M02142019

14FEB2019  18:47:36  Gain: 20  Zoff: 228 243 125 126
No   Time    G  PAR    F1   F2   F3   F4   Fm1  Fm2  Fm3  Fm4    Y1   Y2   Y3   Y4
 1 18:47:37 20 3427   206  311  138  157   389  589  257  308  0.47 0.47 0.46 0.49
 2 18:47:58 20 3423   188  294  130  146   421  594  277  323  0.55 0.51 0.53 0.55
 3 18:48:19 20 3423   200  307  135  153   393  589  262  311  0.49 0.48 0.48 0.51
 4 18:48:39 20 3421   200  311  138  157   372  581  259  298  0.46 0.46 0.47 0.47
 5 18:48:59 20 3421   204  317  141  161   371  572  251  298  0.45 0.45 0.44 0.46
 6 18:49:20 20 3422   211  322  145  165   362  560  246  292  0.42 0.42 0.41 0.43
 7 18:49:40 20 3426   209  323  145  165   346  544  235  282  0.40 0.41 0.38 0.41
 8 18:50:00 20 3418   211  328  148  169   341  546  241  281  0.38 0.40 0.39 0.40
 9 18:50:20 20 3422   215  334  152  173   331  540  239  278  0.35 0.38 0.36 0.38
10 18:50:41 20 3423   218  340  157  178   328  541  243  279  0.34 0.37 0.35 0.36
;            Ch1    Ch2    Ch3    Ch4      blue   green  brown
;  alpha:  274170.3  0.434  0.426  0.450     0.302 -0.000  0.468
; ETRmax:  3250.0  818.4  810.3  831.0     737.8    0.0  843.4
;     Ik:     0.0 1884.4 1904.2 1847.8    2442.8    0.0 1803.2
;References: BL_US PMDA0174.REF2 GR_US PMDA0174.REF2 BR_US PMDA0174.REF2

;LTK_60M02142019

14FEB2019  18:53:10  Gain: 20  Zoff: 228 243 125 126
No   Time    G  PAR    F1   F2   F3   F4   Fm1  Fm2  Fm3  Fm4    Y1   Y2   Y3   Y4
 1 18:53:11 20 3424   110  167   80   91   193  263  143  171  0.43 0.37 0.44 0.47
 2 18:53:32 20 3427   101  156   76   86   213  266  151  184  0.53 0.41 0.50 0.53
 3 18:53:52 20 3419   103  160   77   88   198  260  147  173  0.48 0.38 0.48 0.49
 4 18:54:13 20 3422   105  160   79   90   186  254  140  169  0.44 0.37 0.44 0.47
 5 18:54:33 20 3420   106  161   82   93   178  253  141  168  0.40 0.36 0.42 0.45
 6 18:54:53 20 3420   111  165   85   97   182  251  137  167  0.39 0.34 0.38 0.42
 7 18:55:14 20 3421   113  166   87  100   179  252  143  168  0.37 0.34 0.39 0.40
 8 18:55:34 20 3422   117  169   90  103   178  246  139  164  0.34 0.31 0.35 0.37
 9 18:55:54 20 3424   119  171   92  105   177  245  143  162  0.33 0.30 0.36 0.35
10 18:56:14 20 3423   123  174   93  108   178  243  139  163  0.31 0.28 0.33 0.34
;            Ch1    Ch2    Ch3    Ch4      blue   green  brown
;  alpha:   0.391 28109.21  0.399 21778.59     0.379 -0.000  0.380
; ETRmax:   788.1 3097.8  793.2 3250.2     779.7    0.0  782.6
;     Ik:  2015.5    0.1 1986.6    0.1    2059.7    0.0 2057.1
;References: BL_US PMDA0174.REF2 GR_US PMDA0174.REF2 BR_US PMDA0174.REF2

;LTK_70M02142019

14FEB2019  18:58:57  Gain: 20  Zoff: 228 243 125 126
No   Time    G  PAR    F1   F2   F3   F4   Fm1  Fm2  Fm3  Fm4    Y1   Y2   Y3   Y4
 1 18:58:57 20 3426    55   68   50   58   121  133  103  124  0.55 0.49 0.51 0.53
 2 18:59:19 20 3428    49   62   48   56   124  134  105  127  0.60 0.54 0.54 0.56
 3 18:59:39 20 3428    52   64   49   57   118  131  100  120  0.56 0.51 0.51 0.53
 4 18:59:59 20 3426    56   68   52   61   117  128   99  119  0.52 0.47 0.47 0.49
 5 19:00:20 20 3423    62   72   56   66   116  129  100  122  0.47 0.44 0.44 0.46
 6 19:00:40 20 3425    64   73   57   67   115  125   99  121  0.44 0.42 0.42 0.45
 7 19:01:00 20 3423    66   73   60   70   109  122  101  120  0.39 0.40 0.41 0.42
 8 19:01:20 20 3423    67   72   61   71   110  119   99  120  0.39 0.39 0.38 0.41
 9 19:01:41 20 3429    68   73   62   73   107  122  101  119  0.36 0.40 0.39 0.39
10 19:02:01 20 3426    70   75   64   74   109  117   97  118  0.36 0.36 0.34 0.37
;            Ch1    Ch2    Ch3    Ch4      blue   green  brown
;  alpha:   0.474  0.444  0.443  0.467     0.398 -0.000  0.493
; ETRmax:   852.0  827.9  830.2  843.8     794.8    0.0  862.1
;     Ik:  1797.5 1866.5 1872.3 1806.5    1996.3    0.0 1747.3
;References: BL_US PMDA0174.REF2 GR_US PMDA0174.REF2 BR_US PMDA0174.REF2

;LTK_80M02142019

14FEB2019  19:05:07  Gain: 20  Zoff: 228 243 125 126
No   Time    G  PAR    F1   F2   F3   F4   Fm1  Fm2  Fm3  Fm4    Y1   Y2   Y3   Y4
 1 19:05:08 20 3429    47   31   52   60   103   67   97  118  0.54 0.54 0.46 0.49
 2 19:05:29 20 3427    33   22   44   51    96   66   90  108  0.66 0.67 0.51 0.53
 3 19:05:49 20 3429    43   29   50   58   101   71   95  112  0.57 0.59 0.47 0.48
 4 19:06:10 20 3420    50   33   54   63    93   71   92  108  0.46 0.54 0.41 0.42
 5 19:06:30 20 3428    53   35   57   66    96   61   92  110  0.45 0.43 0.38 0.40
 6 19:06:50 20 3427    53   33   57   67    89   64   89  106  0.40 0.48 0.36 0.37
 7 19:07:10 20 3426    52   31   58   67    88   56   91  107  0.41 0.45 0.36 0.37
 8 19:07:31 20 3419    52   29   59   68    86   54   90  108  0.40 0.46 0.34 0.37
 9 19:07:51 20 3425    57   32   62   72    91   59   96  109  0.37 0.46 0.35 0.34
10 19:08:11 20 3423    56   33   64   73    86   61   95  111  0.35 0.46 0.33 0.34
;            Ch1    Ch2    Ch3    Ch4      blue   green  brown
;  alpha:   0.471  0.507  0.388  0.404    18434.04  0.494 -0.000
; ETRmax:   842.8 1247.1  786.7  797.4    79013.7 1236.1    0.0
;     Ik:  1789.6 2460.4 2027.3 1975.7       4.3 2501.1    0.0
;References: BL_US PMDA0174.REF2 GR_US PMDA0174.REF2 BR_US PMDA0174.REF2

;LTK_90M02142019

14FEB2019  19:10:42  Gain: 20  Zoff: 228 243 125 126
No   Time    G  PAR    F1   F2   F3   F4   Fm1  Fm2  Fm3  Fm4    Y1   Y2   Y3   Y4
 1 19:10:42 20 3430   -21  -15   21   22    10    9   54   66  ---- ---- 0.61 0.67
 2 19:11:04 20 3429   -22  -17   16   18    13   16   49   65  ---- ---- ---- ----
 3 19:11:24 20 3423   -20  -16   16   19    12   12   48   54  ---- ---- ---- ----
 4 19:11:44 20 3426   -20  -16   19   21    10   13   53   62  ---- ---- ---- 0.66
 5 19:12:05 20 3425   -17  -14   24   25    12   13   56   65  ---- ---- 0.57 0.62
 6 19:12:25 20 3426   -18  -16   23   25    14   11   50   60  ---- ---- 0.54 0.58
 7 19:12:45 20 3425   -18  -18   21   24    14    8   48   61  ---- ---- 0.56 0.61
 8 19:13:05 20 3421   -18  -19   22   25     7    2   47   61  ---- ---- 0.53 0.59
 9 19:13:26 20 3422   -18  -21   23   26     9    3   50   58  ---- ---- 0.54 0.55
10 19:13:46 20 3421   -18  -20   24   27     7    5   51   60  ---- ---- 0.53 0.55
;            Ch1    Ch2    Ch3    Ch4      blue   green  brown
;  alpha:  -0.000 -0.000  0.607  0.687     0.804 -0.000 -0.000
; ETRmax:     0.0    0.0  946.7  998.6    1073.2    0.0    0.0
;     Ik:     0.0    0.0 1558.5 1454.1    1334.7    0.0    0.0
;References: BL_US PMDA0174.REF2 GR_US PMDA0174.REF2 BR_US PMDA0174.REF2

;LTK_100M02142019

14FEB2019  19:15:26  Gain: 20  Zoff: 228 243 125 126
No   Time    G  PAR    F1   F2   F3   F4   Fm1  Fm2  Fm3  Fm4    Y1   Y2   Y3   Y4
 1 19:15:26 20 3427   -12    3   18   21    15   27   47   58  ---- ---- ---- 0.64
 2 19:15:47 20 3430   -12    3   19   21    15   25   48   60  ---- ---- ---- 0.65
 3 19:16:08 20 3422   -12    2   19   22    15   22   50   62  ---- ---- ---- 0.65
 4 19:16:28 20 3430   -13    1   20   23    14   22   50   59  ---- ---- ---- 0.61
 5 19:16:48 20 3427   -13   -1   20   23    14   21   49   57  ---- ---- ---- 0.60
 6 19:17:09 20 3426   -12   -2   22   25    14   16   48   57  ---- ---- 0.54 0.56
 7 19:17:29 20 3427   -10   -1   23   26    14   25   52   63  ---- ---- 0.56 0.59
 8 19:17:49 20 3423    -8    1   26   29    15   22   52   64  ---- ---- 0.50 0.55
 9 19:18:09 20 3429    -8   -1   26   30    17   23   53   62  ---- ---- 0.51 0.52
10 19:18:30 20 3426    -8   -3   27   30    17   20   49   62  ---- ---- 0.45 0.52
;            Ch1    Ch2    Ch3    Ch4      blue   green  brown
;  alpha:  -0.000 -0.000  0.542  0.661     0.724 -0.000 -0.000
; ETRmax:     0.0    0.0  896.2  976.5    1020.4    0.0    0.0
;     Ik:     0.0    0.0 1653.4 1476.6    1409.6    0.0    0.0
;References: BL_US PMDA0174.REF2 GR_US PMDA0174.REF2 BR_US PMDA0174.REF2

;LTK_110M02142019


14FEB2019  19:20:42  Gain: 20  Zoff: 228 243 125 126
No   Time    G  PAR    F1   F2   F3   F4   Fm1  Fm2  Fm3  Fm4    Y1   Y2   Y3   Y4
 1 19:20:42 20 3420   -14   -2   23   26    16   23   54   61  ---- ---- 0.57 0.57
 2 19:21:04 20 3427   -16   -4   23   25    14   21   55   64  ---- ---- 0.58 0.61
 3 19:21:24 20 3433   -15   -4   24   26    13   21   57   66  ---- ---- 0.58 0.61
 4 19:21:44 20 3423   -14   -4   25   28    15   19   57   68  ---- ---- 0.56 0.59
 5 19:22:05 20 3423   -14   -5   26   29    15   18   58   64  ---- ---- 0.55 0.55
 6 19:22:25 20 3426   -13   -6   28   30    10   15   55   68  ---- ---- 0.49 0.56
 7 19:22:45 20 3423   -13   -6   29   31    15   22   57   65  ---- ---- 0.49 0.52
 8 19:23:05 20 3425   -11   -7   30   33    17   11   58   71  ---- ---- 0.48 0.54
 9 19:23:26 20 3424   -11   -7   32   35    16   13   59   70  ---- ---- 0.46 0.50
10 19:23:46 20 3424   -10   -8   33   36    12   13   61   71  ---- ---- 0.46 0.49
;            Ch1    Ch2    Ch3    Ch4      blue   green  brown
;  alpha:  -0.000 -0.000  0.527  0.567     0.625 -0.000 -0.000
; ETRmax:     0.0    0.0 1282.5 1342.0    1420.9    0.0    0.0
;     Ik:     0.0    0.0 2435.0 2365.3    2272.5    0.0    0.0
;References: BL_US PMDA0174.REF2 GR_US PMDA0174.REF2 BR_US PMDA0174.REF2