;LTK_0M20181119

Gain: 20  Zoff: 172 185 121 110

19NOV2018  16:57:34  Gain: 20  Zoff: 172 185 121 110
No   Time    G  PAR    F1   F2   F3   F4   Fm1  Fm2  Fm3  Fm4    Y1   Y2   Y3   Y4
 1 17:10:45 20 3385   212  215  112  129   387  377  221  269  0.45 0.43 0.49 0.52

19NOV2018  17:11:13  Gain: 20  Zoff: 172 185 121 110
No   Time    G  PAR    F1   F2   F3   F4   Fm1  Fm2  Fm3  Fm4    Y1   Y2   Y3   Y4
 1 17:11:13 20 3391   218  218  117  136   401  385  228  282  0.46 0.43 0.49 0.52
 2 17:11:35 20 3395   216  212  116  134   417  374  229  284  0.48 0.43 0.49 0.53
 3 17:11:55 20 3394   220  218  119  137   399  381  229  278  0.45 0.43 0.48 0.51
 4 17:12:15 20 3391   225  224  122  141   392  385  224  275  0.43 0.42 0.46 0.49
 5 17:12:36 20 3393   229  227  126  145   380  380  221  268  0.40 0.40 0.43 0.46
 6 17:12:56 20 3383   230  228  127  148   371  371  215  262  0.38 0.39 0.41 0.44
 7 17:13:16 20 3396   229  228  128  149   355  364  210  256  0.35 0.37 0.39 0.42
 8 17:13:37 20 3393   229  229  130  151   348  356  207  247  0.34 0.36 0.37 0.39
 9 17:13:57 20 3392   233  232  133  155   343  351  203  248  0.32 0.34 0.34 0.38
10 17:14:17 20 3391   236  234  136  158   343  346  205  250  0.31 0.32 0.34 0.37
;            Ch1    Ch2    Ch3    Ch4      blue   green  brown
;  alpha:   0.377  0.374  0.412  0.449    131929.4 -0.000  0.400
; ETRmax:   778.5  773.9  802.7  832.1    3447.7    0.0  793.1
;     Ik:  2066.4 2070.0 1949.1 1854.5       0.0    0.0 1984.7
;References: BL_US PMDA0174.REF2 GR_US PMDA0174.REF2 BR_US PMDA0174.REF2

;LTK_10M20181119

19NOV2018  17:20:50  Gain: 20  Zoff: 172 185 121 110
No   Time    G  PAR    F1   F2   F3   F4   Fm1  Fm2  Fm3  Fm4    Y1   Y2   Y3   Y4
 1 17:20:50 20 3372   193  205  113  131   369  384  227  273  0.48 0.47 0.50 0.52

19NOV2018  17:21:23  Gain: 20  Zoff: 172 185 121 110
No   Time    G  PAR    F1   F2   F3   F4   Fm1  Fm2  Fm3  Fm4    Y1   Y2   Y3   Y4
 1 17:21:23 20 3386   200  211  116  135   389  394  236  284  0.49 0.46 0.51 0.52
 2 17:21:45 20 3393   184  196  107  124   403  387  238  293  0.54 0.49 0.55 0.58
 3 17:22:05 20 3394   189  204  111  129   386  390  233  289  0.51 0.48 0.52 0.55
 4 17:22:25 20 3394   195  210  116  134   365  393  227  279  0.47 0.47 0.49 0.52
 5 17:22:46 20 3395   199  215  118  138   358  379  219  267  0.44 0.43 0.46 0.48
 6 17:23:06 20 3394   199  216  119  139   342  374  209  258  0.42 0.42 0.43 0.46
 7 17:23:26 20 3385   200  217  121  141   334  364  204  253  0.40 0.40 0.41 0.44
 8 17:23:47 20 3390   202  219  124  145   318  363  205  251  0.36 0.40 0.40 0.42
 9 17:24:07 20 3386   202  221  125  146   310  358  205  244  0.35 0.38 0.39 0.40
10 17:24:27 20 3394   205  223  127  148   309  353  201  236  0.34 0.37 0.37 0.37
;            Ch1    Ch2    Ch3    Ch4      blue   green  brown
;  alpha:   0.414  0.413  0.437  0.466     0.412 -0.000  0.454
; ETRmax:  1088.1 1087.6 1136.8 1180.8     802.6    0.0  840.4
;     Ik:  2627.9 2635.0 2600.9 2536.3    1948.1    0.0 1853.0
;References: BL_US PMDA0174.REF2 GR_US PMDA0174.REF2 BR_US PMDA0174.REF2

;LTK_20M20181119

19NOV2018  17:28:22  Gain: 20  Zoff: 172 185 121 110
No   Time    G  PAR    F1   F2   F3   F4   Fm1  Fm2  Fm3  Fm4    Y1   Y2   Y3   Y4
 1 17:28:36 20 3378   224  260  124  143   451  518  268  328  0.50 0.50 0.54 0.56

19NOV2018  17:28:47  Gain: 20  Zoff: 172 185 121 110
No   Time    G  PAR    F1   F2   F3   F4   Fm1  Fm2  Fm3  Fm4    Y1   Y2   Y3   Y4
 1 17:28:47 20 3393   230  261  131  150   443  508  263  319  0.48 0.49 0.50 0.53
 2 17:29:09 20 3391   203  245  116  131   458  514  267  324  0.56 0.52 0.57 0.60
 3 17:29:29 20 3392   218  259  126  144   452  515  268  323  0.52 0.50 0.53 0.55
 4 17:29:49 20 3386   228  268  134  155   434  512  265  312  0.47 0.48 0.49 0.50
 5 17:30:09 20 3393   224  265  127  148   411  490  247  294  0.45 0.46 0.49 0.50
 6 17:30:30 20 3396   225  265  128  148   390  470  233  279  0.42 0.44 0.45 0.47
 7 17:30:50 20 3388   226  267  129  150   378  468  228  276  0.40 0.43 0.43 0.46
 8 17:31:10 20 3395   230  272  133  154   373  464  230  272  0.38 0.41 0.42 0.43
 9 17:31:31 20 3396   238  278  138  160   373  458  227  272  0.36 0.39 0.39 0.41
10 17:31:51 20 3391   242  282  142  164   364  454  222  266  0.34 0.38 0.36 0.38
;            Ch1    Ch2    Ch3    Ch4      blue   green  brown
;  alpha:   0.437  0.450  0.470  0.497     0.397 -0.000  0.473
; ETRmax:   821.5  833.4  842.9  866.6     795.4    0.0  850.6
;     Ik:  1882.0 1852.4 1793.5 1745.1    2003.2    0.0 1797.2
;References: BL_US PMDA0174.REF2 GR_US PMDA0174.REF2 BR_US PMDA0174.REF2

;LTK_30M20181119

19NOV2018  17:35:12  Gain: 20  Zoff: 172 185 121 110
No   Time    G  PAR    F1   F2   F3   F4   Fm1  Fm2  Fm3  Fm4    Y1   Y2   Y3   Y4
 1 17:35:12 20 3388   270  339  147  169   498  611  287  344  0.46 0.45 0.49 0.51

19NOV2018  17:35:45  Gain: 20  Zoff: 172 185 121 110
No   Time    G  PAR    F1   F2   F3   F4   Fm1  Fm2  Fm3  Fm4    Y1   Y2   Y3   Y4
 1 17:35:46 20 3389   258  333  142  163   498  615  292  350  0.48 0.46 0.51 0.53
 2 17:36:07 20 3400   239  316  133  152   530  628  310  371  0.55 0.50 0.57 0.59
 3 17:36:27 20 3393   250  327  138  159   500  620  288  349  0.50 0.47 0.52 0.54
 4 17:36:48 20 3390   257  334  143  166   487  607  278  341  0.47 0.45 0.49 0.51
 5 17:37:08 20 3390   265  341  149  171   464  594  270  326  0.43 0.43 0.45 0.48
 6 17:37:28 20 3385   269  349  151  175   448  582  267  323  0.40 0.40 0.43 0.46
 7 17:37:49 20 3389   278  357  160  185   433  571  263  312  0.36 0.37 0.39 0.41
 8 17:38:09 20 3384   279  359  162  187   421  560  259  304  0.34 0.36 0.37 0.38
 9 17:38:29 20 3389   282  365  166  191   411  557  255  305  0.31 0.34 0.35 0.37
10 17:38:49 20 3389   283  369  167  192   400  545  253  295  0.29 0.32 0.34 0.35
;            Ch1    Ch2    Ch3    Ch4      blue   green  brown
;  alpha:   0.403  0.400  0.441  0.469     0.386 -0.000 18880.41
; ETRmax:   797.9  794.4  826.3  844.1     787.0    0.0 3354.0
;     Ik:  1978.6 1987.0 1872.3 1800.9    2037.4    0.0    0.2
;References: BL_US PMDA0174.REF2 GR_US PMDA0174.REF2 BR_US PMDA0174.REF2

;LTK_40M20181119

19NOV2018  17:41:55  Gain: 20  Zoff: 172 185 121 110
No   Time    G  PAR    F1   F2   F3   F4   Fm1  Fm2  Fm3  Fm4    Y1   Y2   Y3   Y4
 1 17:42:09 20 3389   271  345  146  167   533  664  305  364  0.49 0.48 0.52 0.54

19NOV2018  17:42:21  Gain: 20  Zoff: 172 185 121 110
No   Time    G  PAR    F1   F2   F3   F4   Fm1  Fm2  Fm3  Fm4    Y1   Y2   Y3   Y4
 1 17:42:21 20 3386   274  345  151  173   532  660  308  368  0.48 0.48 0.51 0.53
 2 17:42:43 20 3399   255  328  142  162   589  693  342  410  0.57 0.53 0.58 0.60
 3 17:43:03 20 3393   271  341  150  172   561  675  326  387  0.52 0.49 0.54 0.56
 4 17:43:23 20 3390   273  346  152  174   519  650  300  357  0.47 0.47 0.49 0.51
 5 17:43:43 20 3387   270  348  151  174   486  628  287  336  0.44 0.45 0.47 0.48
 6 17:44:04 20 3392   283  358  161  185   481  621  284  340  0.41 0.42 0.43 0.46
 7 17:44:24 20 3388   298  369  170  196   472  618  286  341  0.37 0.40 0.41 0.43
 8 17:44:44 20 3390   310  378  178  205   471  609  282  332  0.34 0.38 0.37 0.38
 9 17:45:05 20 3391   304  380  177  204   442  594  272  322  0.31 0.36 0.35 0.37
10 17:45:25 20 3390   298  383  175  201   432  583  267  316  0.31 0.34 0.34 0.36
;            Ch1    Ch2    Ch3    Ch4      blue   green  brown
;  alpha:  51487.34 416729.5  0.451 1330923.    15505428 -0.000 296073.5
; ETRmax:  3038.5 3266.5  835.1 3251.9    3290.5    0.0 3116.3
;     Ik:     0.1    0.0 1851.8    0.0       0.0    0.0    0.0
;References: BL_US PMDA0174.REF2 GR_US PMDA0174.REF2 BR_US PMDA0174.REF2

;LTK_50M20181119

19NOV2018  17:58:12  Gain: 20  Zoff: 172 185 121 110
No   Time    G  PAR    F1   F2   F3   F4   Fm1  Fm2  Fm3  Fm4    Y1   Y2   Y3   Y4
 1 17:58:25 20 3395   145  229   85  103   262  376  165  202  0.45 0.39 0.48 0.49

19NOV2018  17:58:34  Gain: 20  Zoff: 172 185 121 110
No   Time    G  PAR    F1   F2   F3   F4   Fm1  Fm2  Fm3  Fm4    Y1   Y2   Y3   Y4
 1 17:58:34 20 3391   146  227   90  107   259  375  170  203  0.44 0.39 0.47 0.47
 2 17:58:55 20 3391   127  212   78   92   273  385  173  213  0.53 0.45 0.55 0.57
 3 17:59:16 20 3391   141  227   84  101   262  377  171  206  0.46 0.40 0.51 0.51
 4 17:59:36 20 3390   148  234   89  107   254  369  163  203  0.42 0.37 0.45 0.47
 5 17:59:56 20 3387   154  239   93  111   248  370  160  197  0.38 0.35 0.42 0.44
 6 18:00:16 20 3393   158  243   96  115   240  357  156  192  0.34 0.32 0.38 0.40
 7 18:00:37 20 3393   161  247   98  118   236  354  155  189  0.32 0.30 0.37 0.38
 8 18:00:57 20 3391   164  251  101  121   234  351  151  192  0.30 0.28 0.33 0.37
 9 18:01:17 20 3393   166  254  103  123   227  349  156  187  0.27 0.27 0.34 0.34
10 18:01:38 20 3395   167  257  105  125   227  350  150  184  0.26 0.27 0.30 0.32
;            Ch1    Ch2    Ch3    Ch4      blue   green  brown
;  alpha:   0.353 41884.06  0.402 392907.1     0.400 -0.000 32719.48
; ETRmax:   759.4 2844.9  798.9 3435.8     795.0    0.0 4146.3
;     Ik:  2152.6    0.1 1988.1    0.0    1985.3    0.0    0.1
;References: BL_US PMDA0174.REF2 GR_US PMDA0174.REF2 BR_US PMDA0174.REF2

;LTK_60M20181119

19NOV2018  17:50:21  Gain: 20  Zoff: 172 185 121 110
No   Time    G  PAR    F1   F2   F3   F4   Fm1  Fm2  Fm3  Fm4    Y1   Y2   Y3   Y4
 1 17:50:35 20 3399    83   74   50   63   166  146  111  140  0.50 0.49 0.55 0.55

19NOV2018  17:50:51  Gain: 20  Zoff: 172 185 121 110
No   Time    G  PAR    F1   F2   F3   F4   Fm1  Fm2  Fm3  Fm4    Y1   Y2   Y3   Y4
 1 17:50:51 20 3392    84   72   52   64   166  144  111  138  0.49 0.50 0.53 0.54
 2 17:51:12 20 3395    73   65   45   55   186  154  115  148  0.61 0.58 0.61 0.63
 3 17:51:33 20 3396    84   72   50   63   173  151  111  138  0.51 0.52 0.55 0.54
 4 17:51:53 20 3387    87   75   53   66   156  140  108  135  0.44 0.46 0.51 0.51
 5 17:52:13 20 3390    89   76   55   68   154  134  103  132  0.42 0.43 0.47 0.48
 6 17:52:33 20 3394    92   78   58   71   149  134   99  132  0.38 0.42 0.41 0.46
 7 17:52:54 20 3398    95   80   60   75   149  130  100  130  0.36 0.38 0.40 0.42
 8 17:53:14 20 3389    98   82   63   77   148  128  101  126  0.34 0.36 0.38 0.39
 9 17:53:34 20 3384    98   81   64   78   142  126  101  128  0.31 0.36 0.37 0.39
10 17:53:54 20 3392    96   80   64   78   140  118   97  125  0.31 0.32 0.34 0.38
;            Ch1    Ch2    Ch3    Ch4      blue   green  brown
;  alpha:   0.410 722078.8  0.458 162851.4     0.459  0.432  0.441
; ETRmax:   802.5 3553.5  844.4 3073.6     844.0  816.0  826.6
;     Ik:  1958.0    0.0 1843.7    0.0    1838.6 1889.0 1873.8
;References: BL_US PMDA0174.REF2 GR_US PMDA0174.REF2 BR_US PMDA0174.REF2



;LTK_70M20181119

19NOV2018  18:05:24  Gain: 20  Zoff: 172 185 121 110
No   Time    G  PAR    F1   F2   F3   F4   Fm1  Fm2  Fm3  Fm4    Y1   Y2   Y3   Y4
 1 18:05:39 20 3391    46   36   29   38   110   85   75   99  0.58 0.58 0.61 0.62

19NOV2018  18:05:49  Gain: 20  Zoff: 172 185 121 110
No   Time    G  PAR    F1   F2   F3   F4   Fm1  Fm2  Fm3  Fm4    Y1   Y2   Y3   Y4
 1 18:05:49 20 3392    46   33   33   41   110   88   78  104  0.58 0.63 0.58 0.61
 2 18:06:11 20 3391    39   31   28   36   125  106   90  112  0.69 0.71 0.69 0.68
 3 18:06:31 20 3401    53   41   34   44   124  101   85  111  0.57 0.59 0.60 0.60
 4 18:06:51 20 3395    56   43   37   47   117   91   84  104  0.52 0.53 0.56 0.55
 5 18:07:11 20 3392    59   44   38   49   112   88   80  106  0.47 0.50 0.53 0.54
 6 18:07:32 20 3391    56   42   39   49   104   85   77  101  0.46 0.51 0.49 0.51
 7 18:07:52 20 3391    57   41   40   50    98   75   75   99  0.42 0.45 0.47 0.49
 8 18:08:12 20 3391    57   40   41   52    97   78   77   95  0.41 0.49 0.47 0.45
 9 18:08:33 20 3391    60   42   43   54   101   78   73   97  0.41 0.46 0.41 0.44
10 18:08:53 20 3391    64   45   45   57   104   78   80  104  0.38 0.42 0.44 0.45
;            Ch1    Ch2    Ch3    Ch4      blue   green  brown
;  alpha:   0.508  0.531  0.552  0.569     0.569 51909.05  0.591
; ETRmax:   874.9 1253.0  911.2  918.5     918.9 3400.8 1378.5
;     Ik:  1720.8 2361.4 1650.6 1614.9    1615.3    0.1 2333.2
;References: BL_US PMDA0174.REF2 GR_US PMDA0174.REF2 BR_US PMDA0174.REF2

;LTK_80M20181119

19NOV2018  18:12:28  Gain: 20  Zoff: 172 185 121 110
No   Time    G  PAR    F1   F2   F3   F4   Fm1  Fm2  Fm3  Fm4    Y1   Y2   Y3   Y4
 1 18:12:41 20 3372    72   78   31   37   135  138   85  104  0.47 0.43 0.64 0.64

19NOV2018  18:12:51  Gain: 20  Zoff: 172 185 121 110
No   Time    G  PAR    F1   F2   F3   F4   Fm1  Fm2  Fm3  Fm4    Y1   Y2   Y3   Y4
 1 18:12:51 20 3397    73   76   34   40   128  133   80   99  0.43 0.43 0.57 0.60
 2 18:13:13 20 3396    63   73   27   31   129  138   76  100  0.51 0.47 0.64 0.69
 3 18:13:33 20 3387    65   75   28   33   131  134   77   96  0.50 0.44 0.64 0.66
 4 18:13:54 20 3386    68   76   31   37   119  130   76   93  0.43 0.42 0.59 0.60
 5 18:14:14 20 3397    67   74   32   38   117  123   72   94  0.43 0.40 0.56 0.60
 6 18:14:34 20 3391    68   73   33   38   115  122   74   94  0.41 0.40 0.55 0.60
 7 18:14:54 20 3394    68   72   34   40   113  116   73   90  0.40 0.38 0.53 0.56
 8 18:15:15 20 3392    70   74   36   42   110  116   72   90  0.36 0.36 0.50 0.53
 9 18:15:35 20 3383    72   75   39   45   117  118   75   93  0.38 0.36 0.48 0.52
10 18:15:55 20 3388    76   77   41   47   118  120   77   95  0.36 0.36 0.47 0.51
;            Ch1    Ch2    Ch3    Ch4      blue   green  brown
;  alpha:   0.414  0.389  0.601  0.651     0.836 -0.000  0.410
; ETRmax:   802.9  786.2  939.2  972.1    1091.9    0.0  802.2
;     Ik:  1941.6 2021.0 1561.6 1494.3    1306.5    0.0 1956.6
;References: BL_US PMDA0174.REF2 GR_US PMDA0174.REF2 BR_US PMDA0174.REF2

;LTK_90M20181119

19NOV2018  18:18:56  Gain: 20  Zoff: 172 185 121 110
No   Time    G  PAR    F1   F2   F3   F4   Fm1  Fm2  Fm3  Fm4    Y1   Y2   Y3   Y4
 1 18:19:24 20 3376    16   15   18   23    63   54   61   74  ---- ---- ---- 0.69

19NOV2018  18:19:34  Gain: 20  Zoff: 172 185 121 110
No   Time    G  PAR    F1   F2   F3   F4   Fm1  Fm2  Fm3  Fm4    Y1   Y2   Y3   Y4
 1 18:19:34 20 3391    19   12   23   27    64   52   61   75  ---- ---- 0.62 0.64
 2 18:19:56 20 3396    13   11   18   23    67   58   63   86  ---- ---- ---- 0.73
 3 18:20:16 20 3391    20   15   21   26    67   54   63   78  ---- ---- 0.67 0.67
 4 18:20:36 20 3386    23   16   23   28    64   50   60   78  0.64 ---- 0.62 0.64
 5 18:20:57 20 3391    22   15   24   29    60   43   53   71  0.63 ---- 0.55 0.59
 6 18:21:17 20 3385    21   12   24   30    51   42   58   73  0.59 ---- 0.59 0.59
 7 18:21:37 20 3390    20   10   25   30    56   40   54   72  ---- ---- 0.54 0.58
 8 18:21:57 20 3393    21   11   25   31    53   40   59   70  0.60 ---- 0.58 0.56
 9 18:22:18 20 3390    22   12   27   32    56   39   59   74  0.61 ---- 0.54 0.57
10 18:22:38 20 3390    24   12   28   34    52   38   55   73  0.54 ---- 0.49 0.53
;            Ch1    Ch2    Ch3    Ch4      blue   green  brown
;  alpha:   0.680 -0.000  0.637  0.693     0.557  0.758  1.181
; ETRmax:   988.9    0.0  961.3 1001.9     909.6 1043.2 1259.6
;     Ik:  1453.9    0.0 1508.1 1446.3    1633.3 1375.8 1066.8
;References: BL_US PMDA0174.REF2 GR_US PMDA0174.REF2 BR_US PMDA0174.REF2

;LTK_100M20181119

19NOV2018  18:27:22  Gain: 20  Zoff: 172 185 121 110
No   Time    G  PAR    F1   F2   F3   F4   Fm1  Fm2  Fm3  Fm4    Y1   Y2   Y3   Y4
 1 18:27:22 20 3401    38   47   25   30   102  111   75   94  0.63 0.58 0.67 0.68
 2 18:27:43 20 3393    36   44   25   29   111  111   79  100  0.68 0.60 0.68 0.71
 3 18:28:04 20 3391    39   47   27   31   107  112   78   95  0.64 0.58 0.65 0.67
 4 18:28:24 20 3393    42   48   29   33   105  112   78   95  0.60 0.57 0.63 0.65
 5 18:28:44 20 3390    43   49   31   35   101  108   73   91  0.57 0.55 0.58 0.62
 6 18:29:05 20 3394    45   49   32   37    96  106   71   90  0.53 0.54 0.55 0.59
 7 18:29:25 20 3395    45   49   33   38    95  103   74   90  0.53 0.52 0.55 0.58
 8 18:29:45 20 3392    46   49   34   39    97  100   76   88  0.53 0.51 0.55 0.56
 9 18:30:05 20 3391    48   50   36   41    96  101   77   89  0.50 0.50 0.53 0.54
10 18:30:26 20 3394    49   51   38   43    92  100   75   92  0.47 0.49 0.49 0.53
;            Ch1    Ch2    Ch3    Ch4      blue   green  brown
;  alpha:   0.622  0.586  0.658  0.697     0.652 -0.000  0.635
; ETRmax:   950.3  930.1  975.3 1003.8     971.5    0.0  959.9
;     Ik:  1529.0 1586.7 1481.6 1439.6    1490.3    0.0 1511.6
;References: BL_US PMDA0174.REF2 GR_US PMDA0174.REF2 BR_US PMDA0174.REF2

;LTK_110M20181119
19NOV2018  18:33:47  Gain: 20  Zoff: 172 185 121 110
No   Time    G  PAR    F1   F2   F3   F4   Fm1  Fm2  Fm3  Fm4    Y1   Y2   Y3   Y4
 1 18:34:00 20 3376    41   52   27   32   114  126   85  101  0.64 0.59 0.68 0.68

19NOV2018  18:34:18  Gain: 20  Zoff: 172 185 121 110
No   Time    G  PAR    F1   F2   F3   F4   Fm1  Fm2  Fm3  Fm4    Y1   Y2   Y3   Y4
 1 18:34:18 20 3393    41   49   28   33   113  126   82  106  0.64 0.61 0.66 0.69
 2 18:34:39 20 3395    33   45   25   29   116  124   83  102  0.72 0.64 0.70 0.72
 3 18:34:59 20 3392    35   47   25   30   111  119   81  101  0.68 0.61 0.69 0.70
 4 18:35:20 20 3398    37   47   27   32   104  117   77   94  0.64 0.60 0.65 0.66
 5 18:35:40 20 3391    37   47   28   33   101  117   77   97  0.63 0.60 0.64 0.66
 6 18:36:00 20 3399    42   50   31   36   102  114   79   96  0.59 0.56 0.61 0.63
 7 18:36:21 20 3395    46   51   34   39   103  115   81   97  0.55 0.56 0.58 0.60
 8 18:36:41 20 3394    48   53   36   42   100  110   79   99  0.52 0.52 0.54 0.58
 9 18:37:01 20 3394    49   53   38   43    97  114   77   98  0.49 0.54 0.51 0.56
10 18:37:21 20 3388    48   53   38   44    94  108   77   92  0.49 0.51 0.51 0.52
;            Ch1    Ch2    Ch3    Ch4      blue   green  brown
;  alpha:   0.670  0.632  0.689  0.729     0.668 -0.000  0.684
; ETRmax:   983.7  958.5  999.8 1024.5     982.0    0.0  996.2
;     Ik:  1467.5 1515.6 1451.0 1405.6    1469.8    0.0 1456.9
;References: BL_US PMDA0174.REF2 GR_US PMDA0174.REF2 BR_US PMDA0174.REF2

;LTK_120M20181119

19NOV2018  18:40:31  Gain: 20  Zoff: 172 185 121 110
No   Time    G  PAR    F1   F2   F3   F4   Fm1  Fm2  Fm3  Fm4    Y1   Y2   Y3   Y4
 1 18:40:46 20 3392    55   69   32   38   133  152   87  108  0.59 0.55 0.63 0.65

19NOV2018  18:40:54  Gain: 20  Zoff: 172 185 121 110
No   Time    G  PAR    F1   F2   F3   F4   Fm1  Fm2  Fm3  Fm4    Y1   Y2   Y3   Y4
 1 18:40:54 20 3395    57   67   37   42   125  149   89  106  0.54 0.55 0.58 0.60
 2 18:41:16 20 3389    47   62   30   34   134  150   90  112  0.65 0.59 0.67 0.70
 3 18:41:36 20 3397    52   66   32   38   132  154   93  113  0.61 0.57 0.66 0.66
 4 18:41:56 20 3389    55   67   35   41   127  150   96  110  0.57 0.55 0.64 0.63
 5 18:42:17 20 3397    58   69   38   44   125  143   91  110  0.54 0.52 0.58 0.60
 6 18:42:37 20 3384    60   70   41   47   122  142   91  107  0.51 0.51 0.55 0.56
 7 18:42:57 20 3390    61   71   42   49   118  140   91  109  0.48 0.49 0.54 0.55
 8 18:43:18 20 3391    60   71   43   49   114  134   89  106  0.47 0.47 0.52 0.54
 9 18:43:38 20 3394    60   70   43   50   108  132   86  106  0.44 0.47 0.50 0.53
10 18:43:58 20 3392    60   71   45   51   109  128   85  104  0.45 0.45 0.47 0.51
;            Ch1    Ch2    Ch3    Ch4      blue   green  brown
;  alpha:   0.558  0.544  0.585  0.606     0.592 -0.000  0.577
; ETRmax:   911.0  899.5 1366.9 1405.6    1375.4    0.0  924.8
;     Ik:  1631.6 1653.0 2337.2 2317.7    2322.8    0.0 1603.8
;References: BL_US PMDA0174.REF2 GR_US PMDA0174.REF2 BR_US PMDA0174.REF2

;LTK_130M20181119

19NOV2018  18:49:16  Gain: 20  Zoff: 172 185 121 110
No   Time    G  PAR    F1   F2   F3   F4   Fm1  Fm2  Fm3  Fm4    Y1   Y2   Y3   Y4
 1 18:49:31 20 3384   -13   -6   -1    0    22   26   31   45  ---- ---- ---- ----

19NOV2018  18:49:41  Gain: 20  Zoff: 172 185 121 110
No   Time    G  PAR    F1   F2   F3   F4   Fm1  Fm2  Fm3  Fm4    Y1   Y2   Y3   Y4
 1 18:49:42 20 3392   -10   -8    4    5    22   24   34   46  ---- ---- ---- ----
 2 18:50:03 20 3395   -12   -6    1    2    22   23   32   44  ---- ---- ---- ----
 3 18:50:23 20 3399   -10   -5    1    3    23   25   31   45  ---- ---- ---- ----
 4 18:50:44 20 3391    -9   -5    2    4    21   22   35   44  ---- ---- ---- ----
 5 18:51:04 20 3392    -9   -7    4    5    18   19   32   45  ---- ---- ---- ----
 6 18:51:24 20 3391    -9   -8    5    5    20   18   35   44  ---- ---- ---- ----
 7 18:51:44 20 3391    -8   -7    6    7    20   18   36   47  ---- ---- ---- ----
 8 18:52:05 20 3398    -4   -3    8    9    24   22   40   44  ---- ---- ---- ----
 9 18:52:25 20 3391     0    1   10   12    29   25   39   51  ---- ---- ---- ----
10 18:52:45 20 3388     1    1   12   13    27   22   41   52  ---- ---- ---- ----
;            Ch1    Ch2    Ch3    Ch4      blue   green  brown
;  alpha:  -0.000 -0.000 -0.000 -0.000     1.061 -0.000 -0.000
; ETRmax:     0.0    0.0    0.0    0.0    1204.8    0.0    0.0
;     Ik:     0.0    0.0    0.0    0.0    1135.6    0.0    0.0
;References: BL_US PMDA0174.REF2 GR_US PMDA0174.REF2 BR_US PMDA0174.REF2

;LTK_140M20181119

19NOV2018  18:56:39  Gain: 20  Zoff: 172 185 121 110
No   Time    G  PAR    F1   F2   F3   F4   Fm1  Fm2  Fm3  Fm4    Y1   Y2   Y3   Y4
 1 18:56:39 20 3390    33   44    6    6    67   73   39   47  0.51 0.40 ---- ----
 2 18:57:01 20 3392    32   43    8    7    61   70   37   49  0.48 0.39 ---- ----
 3 18:57:21 20 3389    32   43    8    7    62   72   39   52  0.48 0.40 ---- ----
 4 18:57:41 20 3392    33   42    9    8    64   70   40   47  0.48 0.40 ---- ----
 5 18:58:02 20 3394    34   42   10   10    63   70   41   54  0.46 0.40 ---- ----
 6 18:58:22 20 3395    35   42   12   12    61   66   39   48  0.43 0.36 ---- ----
 7 18:58:42 20 3395    37   42   14   14    65   67   45   55  0.43 0.37 ---- ----
 8 18:59:02 20 3392    39   42   16   17    65   68   44   55  0.40 0.38 ---- ----
 9 18:59:23 20 3390    39   42   17   18    64   64   45   54  0.39 0.34 ---- ----
10 18:59:43 20 3392    38   40   17   18    62   62   46   58  0.39 0.35 ---- ----
;            Ch1    Ch2    Ch3    Ch4      blue   green  brown
;  alpha:   0.444  0.363 -0.000 -0.000     1.177 -0.000  0.468
; ETRmax:   828.4  767.0    0.0    0.0    1258.6    0.0 1190.0
;     Ik:  1867.2 2114.4    0.0    0.0    1069.0    0.0 2540.3
;References: BL_US PMDA0174.REF2 GR_US PMDA0174.REF2 BR_US PMDA0174.REF2
