;LTK 0m_09282016
Gain: 21  Zoff: 240 276 170 178
28SEP2016  16:29:42  Gain: 21  Zoff: 240 276 170 178
No   Time    G  PAR    F1   F2   F3   F4   Fm1  Fm2  Fm3  Fm4    Y1   Y2   Y3   Y4
 1 16:37:21 21   64    95  119   78   86   173  204  135  174  0.45 0.42 0.42 0.51

28SEP2016  16:37:29  Gain: 21  Zoff: 240 276 170 178
No   Time    G  PAR    F1   F2   F3   F4   Fm1  Fm2  Fm3  Fm4    Y1   Y2   Y3   Y4
 1 16:37:29 21   64    96  119   79   87   167  204  138  165  0.43 0.42 0.43 0.47
 2 16:37:51 21   16    93  109   75   83   183  180  135  164  0.49 0.39 0.44 0.49
 3 16:38:11 21   64    95  118   77   85   174  206  138  164  0.45 0.43 0.44 0.48
 4 16:38:32 21  128    94  120   78   85   165  203  138  160  0.43 0.41 0.43 0.47
 5 16:38:52 21  192    92  120   78   85   160  201  136  157  0.42 0.40 0.43 0.46
 6 16:39:12 21  256    95  129   68  123   152  202  128  158  0.38 0.36 0.47 0.22
 7 16:39:33 21  320    95  121   83   92   165  197  131  158  0.42 0.39 0.37 0.42
 8 16:39:53 21  384    96  120   85   93   151  193  130  153  0.36 0.38 0.35 0.39
 9 16:40:13 21  448    94  121   85   92   152  202  134  156  0.38 0.40 0.37 0.41
10 16:40:33 21  512    97  124   88   96   153  195  135  168  0.37 0.36 0.35 0.43
11 16:40:54 21  576    97  123   89   98   150  192  131  157  0.35 0.36 0.32 0.38
12 16:41:14 21  640    96  121   89   97   141  199  124  157  0.32 0.39 0.28 0.38
13 16:41:34 21  704    97  122   91   99   149  190  140  156  0.35 0.36 0.35 0.37
14 16:41:55 21  832   101  123   96  105   152  187  136  161  0.34 0.34 0.29 0.35
;            Ch1    Ch2    Ch3    Ch4      blue   green  brown
;  alpha:   1.016  0.912  1.071  1.411     0.906 -0.000  1.027
; ETRmax:   818.2 1354.5  742.3  716.0    1576.3    0.0 2554.6
;     Ik:   805.4 1485.4  693.4  507.4    1739.3    0.0 2488.2
;References: BL_US PMDA0174.REF2 GR_US PMDA0174.REF2 BR_US PMDA0174.REF2

;LTK 20m_09282016

28SEP2016  16:46:15  Gain: 21  Zoff: 240 276 170 178
No   Time    G  PAR    F1   F2   F3   F4   Fm1  Fm2  Fm3  Fm4    Y1   Y2   Y3   Y4
 1 16:46:28 21   64    93  123   86   94   199  254  163  200  0.53 0.52 0.47 0.53

28SEP2016  16:46:42  Gain: 21  Zoff: 240 276 170 178
No   Time    G  PAR    F1   F2   F3   F4   Fm1  Fm2  Fm3  Fm4    Y1   Y2   Y3   Y4
 1 16:46:42 21   64    79  116   76   83   192  251  162  186  0.59 0.54 0.53 0.55
 2 16:47:04 21   16    73  107   70   77   208  231  159  197  0.65 0.54 0.56 0.61
 3 16:47:24 21   64    85  120   77   84   212  273  169  199  0.60 0.56 0.54 0.58
 4 16:47:45 21  128    94  129   83   90   207  275  158  196  0.55 0.53 0.47 0.54
 5 16:48:05 21  192    88  127   82   89   178  263  154  181  0.51 0.52 0.47 0.51
 6 16:48:25 21  256    83  126   81   88   161  251  151  180  0.48 0.50 0.46 0.51
 7 16:48:45 21  320    86  128   83   90   159  247  152  170  0.46 0.48 0.45 0.47
 8 16:49:06 21  384    83  128   82   89   149  240  137  171  0.44 0.47 0.40 0.48
 9 16:49:26 21  448    85  131   85   92   152  250  146  165  0.44 0.48 0.42 0.44
10 16:49:46 21  512    92  136   93  100   152  240  143  174  0.39 0.43 0.35 0.43
11 16:50:07 21  576    94  138   96  103   154  240  147  168  0.39 0.42 0.35 0.39
12 16:50:27 21  640    91  137   95  102   146  234  144  167  0.38 0.41 0.34 0.39
13 16:50:47 21  704    89  136   94  101   138  232  144  161  0.36 0.41 0.35 0.37
14 16:51:07 21  832    88  135   95  103   136  219  143  163  0.35 0.38 0.34 0.37
;            Ch1    Ch2    Ch3    Ch4      blue   green  brown
;  alpha:   1.396  1.274  1.258  1.360     1.084 -0.000  1.397
; ETRmax:  1360.9 1181.7 1355.6 1277.8     833.4    0.0 1340.8
;     Ik:   975.1  927.8 1077.2  939.5     768.5    0.0  959.5
;References: BL_US PMDA0174.REF2 GR_US PMDA0174.REF2 BR_US PMDA0174.REF2

;LTK 40m_09282016

28SEP2016  16:54:10  Gain: 21  Zoff: 240 276 170 178
No   Time    G  PAR    F1   F2   F3   F4   Fm1  Fm2  Fm3  Fm4    Y1   Y2   Y3   Y4
 1 16:54:10 21   64   284  385  178  201   513  685  323  389  0.45 0.44 0.45 0.48

28SEP2016  16:54:25  Gain: 21  Zoff: 240 276 170 178
No   Time    G  PAR    F1   F2   F3   F4   Fm1  Fm2  Fm3  Fm4    Y1   Y2   Y3   Y4
 1 16:54:25 21   64   278  381  174  197   525  691  328  393  0.47 0.45 0.47 0.50
 2 16:54:47 21   16   246  353  160  178   576  701  355  433  0.57 0.50 0.55 0.59
 3 16:55:08 21   64   290  386  183  206   541  698  345  414  0.46 0.45 0.47 0.50
 4 16:55:28 21  128   286  387  178  202   502  680  321  371  0.43 0.43 0.45 0.46
 5 16:55:48 21  192   286  393  180  203   468  669  305  360  0.39 0.41 0.41 0.44
 6 16:56:08 21  256   284  397  179  203   437  651  290  338  0.35 0.39 0.38 0.40
 7 16:56:29 21  320   288  405  184  209   439  644  285  341  0.34 0.37 0.35 0.39
 8 16:56:49 21  384   303  416  195  221   433  645  295  351  0.30 0.36 0.34 0.37
 9 16:57:09 21  448   314  426  204  232   440  636  295  359  0.29 0.33 0.31 0.35
10 16:57:29 21  512   318  432  208  236   434  631  293  347  0.27 0.32 0.29 0.32
11 16:57:50 21  576   313  435  207  234   414  621  288  327  0.24 0.30 0.28 0.28
12 16:58:10 21  640   312  440  208  235   408  620  286  331  0.24 0.29 0.27 0.29
13 16:58:30 21  704   313  443  210  236   404  612  281  329  0.23 0.28 0.25 0.28
14 16:58:51 21  832   309  445  210  236   376  611  272  325  0.18 0.27 0.23 0.27
;            Ch1    Ch2    Ch3    Ch4      blue   green  brown
;  alpha:   1.142  1.085  1.161  1.216     0.998 -0.000  1.163
; ETRmax:   364.8  720.8  518.2  892.5     666.3    0.0  547.0
;     Ik:   319.6  664.3  446.4  734.2     667.6    0.0  470.1
;References: BL_US PMDA0174.REF2 GR_US PMDA0174.REF2 BR_US PMDA0174.REF2

;LTK 60m_09282016

28SEP2016  17:02:38  Gain: 21  Zoff: 240 276 170 178
No   Time    G  PAR    F1   F2   F3   F4   Fm1  Fm2  Fm3  Fm4    Y1   Y2   Y3   Y4
 1 17:02:58 21   64    88   89   68   77   178  165  130  159  0.51 0.46 0.48 0.52

28SEP2016  17:03:05  Gain: 21  Zoff: 240 276 170 178
No   Time    G  PAR    F1   F2   F3   F4   Fm1  Fm2  Fm3  Fm4    Y1   Y2   Y3   Y4
 1 17:03:05 21   64    87   84   69   77   176  163  131  162  0.51 0.48 0.47 0.52
 2 17:03:27 21   16    59   62   52   56   178  154  131  156  0.67 0.60 0.60 0.64
 3 17:03:47 21   64    76   70   58   66   171  152  124  151  0.56 0.54 0.53 0.56
 4 17:04:07 21  128    85   80   65   73   163  157  121  150  0.48 0.49 0.46 0.51
 5 17:04:27 21  192    94   85   70   80   164  155  122  151  0.43 0.45 0.43 0.47
 6 17:04:48 21  256    98   88   74   84   172  156  123  156  0.43 0.44 0.40 0.46
 7 17:05:08 21  320    97   88   78   88   158  150  125  157  0.39 0.41 0.38 0.44
 8 17:05:28 21  384    94   87   79   87   144  143  120  143  0.35 0.39 0.34 0.39
 9 17:05:49 21  448    92   87   79   89   146  145  120  151  0.37 0.40 0.34 0.41
10 17:06:09 21  512   100   92   84   93   152  148  123  148  0.34 0.38 0.32 0.37
11 17:06:29 21  576   107   94   86   97   150  143  123  147  0.29 0.34 0.30 0.34
12 17:06:49 21  640   109   94   86   98   156  133  117  150  0.30 0.29 0.26 0.35
13 17:07:10 21  704   103   86   84   94   140  119  120  136  0.26 0.28 0.30 0.31
14 17:07:30 21  832    97   79   82   92   134  116  121  130  0.28 0.32 0.32 0.29
;            Ch1    Ch2    Ch3    Ch4      blue   green  brown
;  alpha:   1.324  1.283  1.231  1.349     1.117  1.190  1.327
; ETRmax:   834.0 1084.0  923.1  889.4     865.5  514.6 1137.0
;     Ik:   629.8  844.8  749.6  659.3     774.9  432.5  856.7
;References: BL_US PMDA0174.REF2 GR_US PMDA0174.REF2 BR_US PMDA0174.REF2

;LTK 80m_09282016

28SEP2016  17:09:55  Gain: 21  Zoff: 240 276 170 178
No   Time    G  PAR    F1   F2   F3   F4   Fm1  Fm2  Fm3  Fm4    Y1   Y2   Y3   Y4
 1 17:10:06 21   64    34   56   40   43   110  137   96  124  0.69 0.59 0.58 0.65

28SEP2016  17:10:12  Gain: 21  Zoff: 240 276 170 178
No   Time    G  PAR    F1   F2   F3   F4   Fm1  Fm2  Fm3  Fm4    Y1   Y2   Y3   Y4
 1 17:10:12 21   64    35   55   43   46   111  132   93  117  0.68 0.58 0.54 0.61
 2 17:10:34 21 -457    22   45   35   35   104  123   88  110  0.79 0.63 0.60 0.68
 3 17:10:54 21   64    28   49   37   39   100  131   88  107  0.72 0.63 0.58 0.64
 4 17:11:14 21  128    29   52   41   42    91  131   87  117  0.68 0.60 0.53 0.64
 5 17:11:35 21  192    31   55   44   46    84  117   83  106  0.63 0.53 0.47 0.57
 6 17:11:55 21  256    35   55   46   48    86  120   92  112  0.59 0.54 0.50 0.57
 7 17:12:15 21  320    37   55   48   51    88  118   86  104  0.58 0.53 0.44 0.51
 8 17:12:35 21  384    31   50   48   49    74  111   83  105  0.58 0.55 0.42 0.53
 9 17:12:56 21  448    39   58   53   56    83  119   96  110  0.53 0.51 0.45 0.49
10 17:13:16 21  512    41   56   55   58    79  112   86  117  0.48 0.50 0.36 0.50
11 17:13:36 21  576    44   58   57   60    84  112   96  115  0.48 0.48 0.41 0.48
12 17:13:57 21  640    38   53   56   59    76  104   89  108  0.50 0.49 0.37 0.45
13 17:14:17 21  704    41   54   59   61    75  106   93  112  0.45 0.49 0.37 0.46
14 17:14:37 21  832    45   56   64   67    86  105   93  106  0.48 0.47 0.31 0.37
;            Ch1    Ch2    Ch3    Ch4      blue   green  brown
;  alpha:   1.194  1.146  0.919  1.112     0.844 -0.000  1.265
; ETRmax:  47726900 10003839 4889615. 6297.2    32461107    0.0 9942752.
;     Ik:  39987226 8732825. 5323401. 5661.7    38445528    0.0 7859472.
;References: BL_US PMDA0174.REF2 GR_US PMDA0174.REF2 BR_US PMDA0174.REF2

;LTK 100m_09282016

28SEP2016  17:17:12  Gain: 21  Zoff: 240 276 170 178
No   Time    G  PAR    F1   F2   F3   F4   Fm1  Fm2  Fm3  Fm4    Y1   Y2   Y3   Y4
 1 17:17:24 21   64    11   26   17   11    40   62   46   57  ---- 0.58 ---- ----

28SEP2016  17:17:29  Gain: 21  Zoff: 240 276 170 178
No   Time    G  PAR    F1   F2   F3   F4   Fm1  Fm2  Fm3  Fm4    Y1   Y2   Y3   Y4
 1 17:17:30 21 -460    12   25   19   13    38   57   48   54  ---- 0.56 ---- ----
 2 17:17:51 21   16     8   24   16    9    42   62   40   49  ---- 0.61 ---- ----
 3 17:18:12 21   64     9   23   16    9    45   57   41   50  ---- 0.60 ---- ----
 4 17:18:32 21  128    11   24   18   12    44   57   51   49  ---- 0.58 ---- ----
 5 17:18:52 21  192    14   26   21   15    48   62   49   52  ---- 0.58 0.57 ----
 6 17:19:12 21  256    18   25   22   17    43   56   46   57  ---- 0.55 0.52 ----
 7 17:19:33 21  320    17   23   24   18    46   50   47   57  ---- 0.54 0.49 ----
 8 17:19:53 21  384    15   22   26   19    43   53   52   60  ---- 0.58 0.50 ----
 9 17:20:13 21  448    16   22   28   21    37   58   53   61  ---- 0.62 0.47 0.66
10 17:20:34 21  512    18   22   30   24    48   53   59   60  ---- 0.58 0.49 0.60
11 17:20:54 21  576    20   21   31   25    48   44   55   60  ---- 0.52 0.44 0.58
12 17:21:14 21    1    20   18   31   25    48   46   58   63  ---- ---- 0.47 0.60
13 17:21:34 21  704    20   17   33   27    49   43   59   66  ---- ---- 0.44 0.59
14 17:21:55 21  832    22   17   37   32    53   42   62   68  0.58 ---- 0.40 0.53
;            Ch1    Ch2    Ch3    Ch4      blue   green  brown
;  alpha:   3.531  1.295  1.194  1.519     1.215  1.490  1.541
; ETRmax:  1110.4 1243.8  743.5 1077.2    3963.5 1107.0 16870.1
;     Ik:   314.5  960.3  622.6  709.2    3260.9  742.8 10945.1
;References: BL_US PMDA0174.REF2 GR_US PMDA0174.REF2 BR_US PMDA0174.REF2

;LTK 110m_09282016

28SEP2016  17:24:57  Gain: 21  Zoff: 240 276 170 178
No   Time    G  PAR    F1   F2   F3   F4   Fm1  Fm2  Fm3  Fm4    Y1   Y2   Y3   Y4
 1 17:25:10 21   64    46   69   41   39   110  145   90  110  0.58 0.52 0.54 0.65

28SEP2016  17:25:16  Gain: 21  Zoff: 240 276 170 178
No   Time    G  PAR    F1   F2   F3   F4   Fm1  Fm2  Fm3  Fm4    Y1   Y2   Y3   Y4
 1 17:25:16 21   64    46   68   42   40   112  143   90  110  0.59 0.52 0.53 0.64
 2 17:25:38 21   16    38   64   38   34   116  141   93  115  0.67 0.55 0.59 0.70
 3 17:25:58 21   64    41   68   39   37   114  158   97  116  0.64 0.57 0.60 0.68
 4 17:26:18 21  128    47   70   44   42   112  147   97  113  0.58 0.52 0.55 0.63
 5 17:26:38 21  192    50   69   46   45   108  151   96  107  0.54 0.54 0.52 0.58
 6 17:26:59 21  256    49   70   48   47   106  137   92  110  0.54 0.49 0.48 0.57
 7 17:27:19 21  320    55   74   52   51   112  148   95  108  0.51 0.50 0.45 0.53
 8 17:27:39 21  384    54   73   53   53    98  143   94  110  0.45 0.49 0.44 0.52
 9 17:28:00 21  448    50   70   54   52    93  134   90  100  0.46 0.48 0.40 0.48
10 17:28:20 21  512    51   69   54   53    85  131   93  103  0.40 0.47 0.42 0.49
11 17:28:40 21  576    50   66   54   53    92  125   94  105  0.46 0.47 0.43 0.50
12 17:29:00 21  640    52   66   57   56    94  119   92  106  0.45 0.45 0.38 0.47
13 17:29:21 21  704    58   69   61   61    98  124   94  112  0.41 0.44 0.35 0.46
14 17:29:41 21  832    58   69   64   65    98  125   95  109  0.41 0.45 0.33 0.40
;            Ch1    Ch2    Ch3    Ch4      blue   green  brown
;  alpha:   1.448  1.237  1.370  1.556     1.412 -0.000  1.395
; ETRmax:  1306.8 3900.8 1397.8 1903.8    1118.3    0.0 2859.6
;     Ik:   902.7 3154.2 1020.6 1223.4     792.2    0.0 2049.9
;References: BL_US PMDA0174.REF2 GR_US PMDA0174.REF2 BR_US PMDA0174.REF2

;LTK 120m_09282016

28SEP2016  17:31:54  Gain: 21  Zoff: 240 276 170 178
No   Time    G  PAR    F1   F2   F3   F4   Fm1  Fm2  Fm3  Fm4    Y1   Y2   Y3   Y4
 1 17:32:05 21   64   327  342  101   96   349  378  128  140  0.06 0.10 0.21 0.31

28SEP2016  17:32:15  Gain: 21  Zoff: 240 276 170 178
No   Time    G  PAR    F1   F2   F3   F4   Fm1  Fm2  Fm3  Fm4    Y1   Y2   Y3   Y4
 1 17:32:16 21   64   327  340  103   98   355  371  132  132  0.08 0.08 0.22 0.26
 2 17:32:37 21   16   329  344  103   98   360  379  133  142  0.09 0.09 0.23 0.31
 3 17:32:58 21   64   328  344  103   98   358  379  132  140  0.08 0.09 0.22 0.30
 4 17:33:18 21  128   325  341  103   98   357  377  133  137  0.09 0.10 0.23 0.28
 5 17:33:38 21  192   326  339  105  100   354  371  132  145  0.08 0.09 0.20 0.31
 6 17:33:59 21  256   326  337  106  101   356  360  129  145  0.08 0.06 0.18 0.30
 7 17:34:19 21  320   325  334  108  103   349  369  129  146  0.07 0.09 0.16 0.29
 8 17:34:39 21  384   325  333  110  105   351  357  138  146  0.07 0.07 0.20 0.28
 9 17:34:59 21  448   324  330  111  106   349  362  132  144  0.07 0.09 0.16 0.26
10 17:35:20 21  512   323  326  112  107   352  359  137  154  0.08 0.09 0.18 0.31
11 17:35:40 21  576   322  324  113  109   351  348  138  150  0.08 0.07 0.18 0.27
12 17:36:00 21  640   321  322  115  111   339  350  140  144  0.05 0.08 0.18 0.23
13 17:36:20 21  704   321  320  116  112   343  351  145  144  0.06 0.09 0.20 0.22
14 17:36:41 21  832   321  317  120  115   345  339  142  159  0.07 0.06 0.15 0.28
;            Ch1    Ch2    Ch3    Ch4      blue   green  brown
;  alpha:   0.188  0.198  0.476  0.701    -0.000 -0.000  0.261
; ETRmax:   185.1  860.3 1442.1  929.9       0.0    0.0  915.3
;     Ik:   986.9 4349.8 3032.7 1326.7       0.0    0.0 3500.7
;References: BL_US PMDA0174.REF2 GR_US PMDA0174.REF2 BR_US PMDA0174.REF2

;LTK 130m_09282016

28SEP2016  17:38:47  Gain: 21  Zoff: 240 276 170 178
No   Time    G  PAR    F1   F2   F3   F4   Fm1  Fm2  Fm3  Fm4    Y1   Y2   Y3   Y4
 1 17:38:58 21   64   343  375  125  122   397  455  182  193  0.14 0.18 0.31 0.37

28SEP2016  17:39:03  Gain: 21  Zoff: 240 276 170 178
No   Time    G  PAR    F1   F2   F3   F4   Fm1  Fm2  Fm3  Fm4    Y1   Y2   Y3   Y4
 1 17:39:04 21   64   343  374  127  124   401  448  178  204  0.14 0.17 0.29 0.39
 2 17:39:25 21 3294   337  372  121  122   411  454  178  200  0.18 0.18 0.32 0.39
 3 17:39:46 21   64   340  373  126  122   402  454  185  193  0.15 0.18 0.32 0.37
 4 17:40:06 21  128   335  367  124  119   388  440  172  193  0.14 0.17 0.28 0.38
 5 17:40:26 21  192   333  366  126  121   389  439  172  193  0.14 0.17 0.27 0.37
 6 17:40:46 21  256   337  367  130  126   395  437  179  180  0.15 0.16 0.27 0.30
 7 17:41:07 21  320   337  365  131  127   368  427  170  180  0.08 0.15 0.23 0.29
 8 17:41:27 21  384   331  359  129  126   365  420  171  180  0.09 0.15 0.25 0.30
 9 17:41:47 21  448   328  355  130  126   360  412  171  186  0.09 0.14 0.24 0.32
10 17:42:07 21  512   325  355  133  129   365  417  172  181  0.11 0.15 0.23 0.29
11 17:42:28 21  576   326  355  137  134   373  415  173  185  0.13 0.14 0.21 0.28
12 17:42:48 21  640   326  354  140  137   365  412  173  188  0.11 0.14 0.19 0.27
13 17:43:08 21  704   326  352  141  139   363  408  180  190  0.10 0.14 0.22 0.27
14 17:43:29 21  832   327  348  143  141   357  398  175  190  0.08 0.13 0.18 0.26
;            Ch1    Ch2    Ch3    Ch4      blue   green  brown
;  alpha:   0.354  0.401  0.727  0.902     1.434 -0.000  0.490
; ETRmax:   365.3  735.2  811.3 1196.6     942.1    0.0  231.7
;     Ik:  1033.4 1834.2 1116.4 1326.0     657.1    0.0  472.6
;References: BL_US PMDA0174.REF2 GR_US PMDA0174.REF2 BR_US PMDA0174.REF2

;LTK 140m_09282016

28SEP2016  17:45:39  Gain: 21  Zoff: 240 276 170 178
No   Time    G  PAR    F1   F2   F3   F4   Fm1  Fm2  Fm3  Fm4    Y1   Y2   Y3   Y4
 1 17:45:58 21   64   299  315   94   87   334  349  119  121  0.10 0.10 0.21 0.28

28SEP2016  17:46:03  Gain: 21  Zoff: 240 276 170 178
No   Time    G  PAR    F1   F2   F3   F4   Fm1  Fm2  Fm3  Fm4    Y1   Y2   Y3   Y4
 1 17:46:03 21 -458   300  314   97   89   325  343  128  139  0.08 0.08 0.24 0.36
 2 17:46:25 21   16   299  316   96   88   326  341  124  125  0.08 0.07 0.23 0.30
 3 17:46:45 21   64   296  311   95   87   322  340  117  127  0.08 0.09 0.19 0.31
 4 17:47:05 21  128   295  309   96   88   319  333  127  125  0.08 0.07 0.24 0.30
 5 17:47:26 21  192   294  306   97   90   318  330  122  133  0.08 0.07 0.20 0.32
 6 17:47:46 21  256   292  302   97   90   319  326  120  129  0.08 0.07 0.19 0.30
 7 17:48:06 21  320   291  299   99   92   317  328  127  138  0.08 0.09 0.22 0.33
 8 17:48:26 21  384   289  295  100   93   314  320  126  131  0.08 0.08 0.21 0.29
 9 17:48:47 21  448   286  290  100   93   318  322  122  133  0.10 0.10 0.18 0.30
10 17:49:07 21  512   284  286  102   95   312  316  125  137  0.09 0.09 0.18 0.31
11 17:49:27 21  576   280  282  101   94   305  311  123  130  0.08 0.09 0.18 0.28
12 17:49:48 21  640   278  278  102   95   296  302  127  131  0.06 0.08 0.20 0.27
13 17:50:08 21  704   276  275  103   96   303  304  125  135  0.09 0.10 0.18 0.29
14 17:50:28 21  832   275  269  105   99   298  295  133  139  0.08 0.09 0.21 0.29
;            Ch1    Ch2    Ch3    Ch4      blue   green  brown
;  alpha:   0.198  0.159  0.462  0.745    -0.000 -0.000  0.254
; ETRmax:   962.9  168.8 1591.0 1211.1       0.0    0.0 1192.7
;     Ik:  4867.0 1058.9 3447.1 1626.3       0.0    0.0 4699.6
;References: BL_US PMDA0174.REF2 GR_US PMDA0174.REF2 BR_US PMDA0174.REF2

;LTK 150m_09282016

28SEP2016  17:53:56  Gain: 21  Zoff: 240 276 170 178
No   Time    G  PAR    F1   F2   F3   F4   Fm1  Fm2  Fm3  Fm4    Y1   Y2   Y3   Y4
 1 17:54:08 21   64   192  227   92   86   259  318  156  170  0.26 0.29 0.41 0.49

28SEP2016  17:54:13  Gain: 21  Zoff: 240 276 170 178
No   Time    G  PAR    F1   F2   F3   F4   Fm1  Fm2  Fm3  Fm4    Y1   Y2   Y3   Y4
 1 17:54:13 21   64   194  227   95   89   260  312  157  165  0.25 0.27 0.39 0.46
 2 17:54:35 21   16   186  217   88   81   268  291  149  164  0.31 0.25 0.41 0.51
 3 17:54:55 21   64   190  218   88   83   259  300  140  166  0.27 0.27 0.37 0.50
 4 17:55:16 21  128   190  219   90   86   244  302  138  160  0.22 0.27 0.35 0.46
 5 17:55:36 21  192   192  222   95   90   243  305  142  157  0.21 0.27 0.33 0.43
 6 17:55:56 21  256   197  226  100   96   255  312  156  165  0.23 0.28 0.36 0.42
 7 17:56:17 21  320   197  223  103   99   240  294  147  160  0.18 0.24 0.30 0.38
 8 17:56:37 21  384   193  219  102   98   240  281  143  154  0.20 0.22 0.29 0.36
 9 17:56:57 21  448   189  215  102   98   231  273  142  152  0.18 0.21 0.28 0.36
10 17:57:17 21  512   187  214  105  100   233  271  146  153  0.20 0.21 0.28 0.35
11 17:57:38 21  576   187  213  106  102   225  274  134  156  0.17 0.22 0.21 0.35
12 17:57:58 21  640   186  209  106  102   224  262  148  152  0.17 0.20 0.28 0.33
13 17:58:18 21  704   186  206  107  103   231  258  140  147  0.19 0.20 0.24 0.30
14 17:58:39 21  832   187  203  110  107   223  251  147  153  0.16 0.19 0.25 0.30
;            Ch1    Ch2    Ch3    Ch4      blue   green  brown
;  alpha:   0.569  0.705  0.880  1.163     1.537 -0.000  0.641
; ETRmax:   798.3  832.6 1039.9 1208.1    1059.5    0.0  749.5
;     Ik:  1402.8 1181.3 1181.4 1038.8     689.5    0.0 1169.4
;References: BL_US PMDA0174.REF2 GR_US PMDA0174.REF2 BR_US PMDA0174.REF2

;LTK 160m_09282016

28SEP2016  18:02:10  Gain: 21  Zoff: 240 276 170 178
No   Time    G  PAR    F1   F2   F3   F4   Fm1  Fm2  Fm3  Fm4    Y1   Y2   Y3   Y4
 1 18:02:24 21   64   292  312   98   88   313  334  125  124  0.07 0.07 0.22 0.29


28SEP2016  18:02:42  Gain: 21  Zoff: 240 276 170 178
No   Time    G  PAR    F1   F2   F3   F4   Fm1  Fm2  Fm3  Fm4    Y1   Y2   Y3   Y4
 1 18:02:42 21   64   285  303   98   88   304  322  115  132  0.06 0.06 0.15 0.33
 2 18:03:04 21   16   280  301   95   85   304  327  119  121  0.08 0.08 0.20 0.30
 3 18:03:24 21   64   275  294   93   84   300  324  119  126  0.08 0.09 0.22 0.33
 4 18:03:44 21  128   269  286   93   83   288  316  114  122  0.07 0.09 0.18 0.32
 5 18:04:05 21  192   261  277   92   82   278  302  112  120  0.06 0.08 0.18 0.32
 6 18:04:25 21  256   255  268   91   82   268  299  120  112  0.05 0.10 0.24 0.27
 7 18:04:45 21  320   249  259   90   81   272  286  122  124  0.08 0.09 0.26 0.35
 8 18:05:05 21  384   243  251   90   81   264  275  117  115  0.08 0.09 0.23 0.30
 9 18:05:26 21  448   238  244   91   81   259  265  108  113  0.08 0.08 0.16 0.28
10 18:05:46 21  512   232  237   90   81   255  263  113  117  0.09 0.10 0.20 0.31
11 18:06:06 21  576   226  228   89   80   243  257  114  119  0.07 0.11 0.22 0.33
12 18:06:27 21  640   220  221   89   80   243  243  119  112  0.09 0.09 0.25 0.29
13 18:06:47 21  704   215  214   89   80   239  239  115  114  0.10 0.10 0.23 0.30
14 18:07:07 21  832   211  207   91   82   236  228  111  118  0.11 0.09 0.18 0.31
;            Ch1    Ch2    Ch3    Ch4      blue   green  brown
;  alpha:   0.131  0.199  0.393  0.729     2.618 -0.000  0.292
; ETRmax:   722.5 1788.8  202.4 5836.0     922.6    0.0 1042.0
;     Ik:  5510.5 8984.7  515.4 8003.9     352.4    0.0 3572.4
;References: BL_US PMDA0174.REF2 GR_US PMDA0174.REF2 BR_US PMDA0174.REF2

;LTK 170m_09282016

28SEP2016  18:10:12  Gain: 21  Zoff: 240 276 170 178
No   Time    G  PAR    F1   F2   F3   F4   Fm1  Fm2  Fm3  Fm4    Y1   Y2   Y3   Y4
 1 18:10:26 21   64    60   77   28   19    86  109   55   60  0.30 0.29 0.49 ----

28SEP2016  18:10:33  Gain: 21  Zoff: 240 276 170 178
No   Time    G  PAR    F1   F2   F3   F4   Fm1  Fm2  Fm3  Fm4    Y1   Y2   Y3   Y4
 1 18:10:33 21   64    60   76   31   21    90  108   54   66  0.33 0.30 0.43 0.68
 2 18:10:55 21   16    58   76   30   19    89  100   60   60  0.35 0.24 0.50 ----
 3 18:11:15 21   64    58   75   29   19    77  105   58   58  0.25 0.29 0.50 ----
 4 18:11:36 21  128    59   74   30   20    82  104   55   61  0.28 0.29 0.45 ----
 5 18:11:56 21  192    59   72   32   22    80  102   65   67  0.26 0.29 0.51 0.67
 6 18:12:16 21  256    59   70   33   24    95   91   59   58  0.38 0.23 0.44 0.59
 7 18:12:37 21  320    59   69   35   26    87   98   62   57  0.32 0.30 0.44 0.54
 8 18:12:57 21  384    60   68   37   28    83   94   59   63  0.28 0.28 0.37 0.56
 9 18:13:17 21  448    59   65   38   29    85   90   61   67  0.31 0.28 0.38 0.57
10 18:13:37 21  512    59   63   40   30    91   94   66   70  0.35 0.33 0.39 0.57
11 18:13:58 21  576    60   62   41   32    77   82   61   68  0.22 0.24 0.33 0.53
12 18:14:18 21  640    60   60   43   34    87   86   68   74  0.31 0.30 0.37 0.54
13 18:14:38 21  704    60   58   45   36    77   88   68   72  0.22 0.34 0.34 0.50
14 18:14:58 21  832    61   56   48   39    87   84   76   79  0.30 0.33 0.37 0.51
;            Ch1    Ch2    Ch3    Ch4      blue   green  brown
;  alpha:   0.624  0.601  1.172  1.550     2.035 -0.000  0.801
; ETRmax:   344.7 956332.5 1642.0 3120.5    1542.2    0.0 2376.5
;     Ik:   552.7 1592021. 1401.4 2012.6     757.7    0.0 2968.4
;References: BL_US PMDA0174.REF2 GR_US PMDA0174.REF2 BR_US PMDA0174.REF2

;LTK 180m_09282016

28SEP2016  18:17:16  Gain: 21  Zoff: 240 276 170 178
No   Time    G  PAR    F1   F2   F3   F4   Fm1  Fm2  Fm3  Fm4    Y1   Y2   Y3   Y4
 1 18:17:27 21   64    60   78   33   25    88  116   75   73  0.32 0.33 0.56 0.66

28SEP2016  18:17:33  Gain: 21  Zoff: 240 276 170 178
No   Time    G  PAR    F1   F2   F3   F4   Fm1  Fm2  Fm3  Fm4    Y1   Y2   Y3   Y4
 1 18:17:34 21   64    61   77   36   27    92  110   59   65  0.34 0.30 0.39 0.58
 2 18:17:55 21   16    58   76   33   24    96  115   67   78  0.40 0.34 0.51 0.69
 3 18:18:16 21   64    58   75   33   24    95  111   56   70  0.39 0.32 0.41 0.66
 4 18:18:36 21  128    58   75   34   26    92  104   62   70  0.37 0.28 0.45 0.63
 5 18:18:56 21  192    59   76   37   28    91  113   65   72  0.35 0.33 0.43 0.61
 6 18:19:16 21  256    60   74   39   30    92  110   65   73  0.35 0.33 0.40 0.59
 7 18:19:37 21  320    61   71   40   32    88   98   69   73  0.31 0.28 0.42 0.56
 8 18:19:57 21  384    62   69   42   34    88  104   67   76  0.30 0.34 0.37 0.55
 9 18:20:17 21  448    62   68   43   36    85   99   73   73  0.27 0.31 0.41 0.51
10 18:20:38 21  512    63   68   45   37    86  102   66   81  0.27 0.33 0.32 0.54
11 18:20:58 21  576    62   66   46   39    80   96   79   73  0.23 0.31 0.42 0.47
12 18:21:18 21  640    61   65   47   39    83   88   76   77  0.27 0.26 0.38 0.49
13 18:21:38 21  704    62   63   50   42    84   94   71   84  0.26 0.33 0.30 0.50
14 18:21:59 21  832    63   61   53   45    91   93   85   82  0.31 0.34 0.38 0.45
;            Ch1    Ch2    Ch3    Ch4      blue   green  brown
;  alpha:   0.900  0.689  1.041  1.525     1.629 -0.000  0.779
; ETRmax:  1116.0 335027.4 2391.3 2522.9    1953.8    0.0 1970.2
;     Ik:  1239.7 486310.4 2297.4 1654.0    1199.3    0.0 2528.5
;References: BL_US PMDA0174.REF2 GR_US PMDA0174.REF2 BR_US PMDA0174.REF2

;LTK 190m_09282016

28SEP2016  18:26:32  Gain: 21  Zoff: 240 276 170 178
No   Time    G  PAR    F1   F2   F3   F4   Fm1  Fm2  Fm3  Fm4    Y1   Y2   Y3   Y4
 1 18:26:48 21   64    32   48   23   12    59   73   47   54  0.46 0.34 0.51 ----

28SEP2016  18:26:58  Gain: 21  Zoff: 240 276 170 178
No   Time    G  PAR    F1   F2   F3   F4   Fm1  Fm2  Fm3  Fm4    Y1   Y2   Y3   Y4
 1 18:26:58 21   64    33   48   26   14    58   73   48   61  0.43 0.34 0.46 ----
 2 18:27:20 21   16    31   48   24   13    58   75   54   51  0.47 0.36 0.56 ----
 3 18:27:40 21   64    31   47   24   12    60   77   50   53  0.48 0.39 0.52 ----
 4 18:28:00 21  128    31   46   24   13    57   78   47   54  0.46 0.41 0.49 ----
 5 18:28:21 21  192    32   44   26   15    62   78   52   60  0.48 0.44 0.50 ----
 6 18:28:41 21  256    32   43   28   17    61   71   57   57  0.48 0.39 0.51 ----
 7 18:29:01 21  320    32   42   30   19    59   68   54   57  0.46 0.38 0.44 ----
 8 18:29:22 21  384    32   40   32   21    61   70   54   64  0.48 0.43 0.41 0.67
 9 18:29:42 21  448    33   38   33   22    59   63   60   63  0.44 0.40 0.45 0.65
10 18:30:02 21  512    33   37   34   24    62   68   60   60  0.47 0.46 0.43 0.60
11 18:30:22 21  576    34   35   36   25    63   64   60   62  0.46 0.45 0.40 0.60
12 18:30:43 21  640    34   34   37   27    58   65   63   65  0.41 0.48 0.41 0.58
13 18:31:03 21  704    34   32   39   29    56   63   64   70  0.39 0.49 0.39 0.59
14 18:31:23 21  832    35   30   42   33    63   59   73   72  0.44 0.49 0.42 0.54
;            Ch1    Ch2    Ch3    Ch4      blue   green  brown
;  alpha:   1.099  0.833  1.186  1.793     1.717 -0.000  0.960
; ETRmax:  2426.7 2499.4 2713.9 1604.7    1780.3    0.0 747320.1
;     Ik:  2208.9 3000.9 2289.0  894.9    1036.9    0.0 778326.0
;References: BL_US PMDA0174.REF2 GR_US PMDA0174.REF2 BR_US PMDA0174.REF2

;LTK 200m_09282016

28SEP2016  18:34:14  Gain: 21  Zoff: 240 276 170 178
No   Time    G  PAR    F1   F2   F3   F4   Fm1  Fm2  Fm3  Fm4    Y1   Y2   Y3   Y4
 1 18:34:25 21   64    59  106   54   47   118  175  105  110  0.50 0.39 0.49 0.57

28SEP2016  18:34:31  Gain: 21  Zoff: 240 276 170 178
No   Time    G  PAR    F1   F2   F3   F4   Fm1  Fm2  Fm3  Fm4    Y1   Y2   Y3   Y4
 1 18:34:32 21   64    61  104   56   49   117  177  100  117  0.48 0.41 0.44 0.58
 2 18:34:53 21   16    53   98   51   42   127  182  109  117  0.58 0.46 0.53 0.64
 3 18:35:14 21   64    59  105   54   47   124  181  105  113  0.52 0.42 0.49 0.58
 4 18:35:34 21  128    63  108   58   51   117  181  108  118  0.46 0.40 0.46 0.57
 5 18:35:54 21  192    60  104   58   51   106  171  102  113  0.43 0.39 0.43 0.55
 6 18:36:15 21  256    58  100   58   51   104  167  100  111  0.44 0.40 0.42 0.54
 7 18:36:35 21  320    63  102   61   56   105  167  100  116  0.40 0.39 0.39 0.52
 8 18:36:55 21  384    62  102   64   57   100  164  106  110  0.38 0.38 0.40 0.48
 9 18:37:15 21  448    61  102   65   59   101  151   96  115  0.40 0.32 0.32 0.49
10 18:37:36 21  512    64  104   68   62   104  154  105  116  0.38 0.32 0.35 0.47
11 18:37:56 21  576    67  104   71   65   104  152  101  112  0.36 0.32 0.30 0.42
12 18:38:16 21  640    66  102   72   67    99  156  114  114  0.33 0.35 0.37 0.41
13 18:38:37 21  704    66  103   75   69   104  155  108  116  0.37 0.34 0.31 0.41
14 18:38:57 21  832    68  103   79   73   104  152  115  116  0.35 0.32 0.31 0.37
;            Ch1    Ch2    Ch3    Ch4      blue   green  brown
;  alpha:   1.151  0.971  1.142  1.351     1.166 -0.000  1.099
; ETRmax:  1042.1 2042.7  948.4  770.6     541.4    0.0 2128.4
;     Ik:   905.6 2103.6  830.1  570.5     464.4    0.0 1936.0
;References: BL_US PMDA0174.REF2 GR_US PMDA0174.REF2 BR_US PMDA0174.REF2