Gain: 20  Zoff: 211 227 139 136
;LTK 0m_04252019
25APR2019  11:49:53  Gain: 20  Zoff: 211 227 139 136
No   Time    G  PAR    F1   F2   F3   F4   Fm1  Fm2  Fm3  Fm4    Y1   Y2   Y3   Y4
 1 11:49:53 20 3395   114  159   77   83   173  212  124  150  0.34 0.25 0.38 0.45
 2 11:50:15 20 3396   115  157   78   84   184  215  137  156  0.38 0.27 0.43 0.46
 3 11:50:35 20 3394   112  158   78   83   173  215  127  144  0.35 0.27 0.39 0.42
 4 11:50:55 20 3391   113  161   79   85   164  213  123  140  0.31 0.24 0.36 0.39
 5 11:51:16 20 3390   114  162   80   86   161  211  125  138  0.29 0.23 0.36 0.38
 6 11:51:36 20 3385   116  164   83   88   162  208  121  138  0.28 0.21 0.31 0.36
 7 11:51:57 21 3394   151  220  111  119   199  272  162  181  0.24 0.19 0.31 0.34
 8 11:52:17 21 3387   150  218  113  121   195  267  156  179  0.23 0.18 0.28 0.32
 9 11:52:38 21 3402   148  217  112  119   195  266  159  178  0.24 0.18 0.30 0.33
10 11:52:58 21 3398   144  215  112  118   183  265  155  178  0.21 0.19 0.28 0.34
;            Ch1    Ch2    Ch3    Ch4      blue   green  brown
;  alpha:   0.260  0.277  0.312  0.356     0.385 -0.000  0.276
; ETRmax:   763.5  316.9  885.0  972.3     784.3    0.0  398.1
;     Ik:  2939.1 1143.2 2839.4 2731.7    2036.2    0.0 1440.1
;References: BL_US PMDA0174.REF2 GR_US PMDA0174.REF2 BR_US PMDA0174.REF2

;LTK 10m_04252019

25APR2019  11:56:41  Gain: 21  Zoff: 324 348 213 209
No   Time    G  PAR    F1   F2   F3   F4   Fm1  Fm2  Fm3  Fm4    Y1   Y2   Y3   Y4
 1 11:56:41 21 3391    79  119   56   66   137  176  115  135  0.42 0.32 0.51 0.51
 2 11:57:03 21 3389    81  116   58   66   149  165  101  142  0.46 0.30 0.43 0.54
 3 11:57:23 21 3390    80  118   58   67   131  174  105  135  0.39 0.32 0.45 0.50
 4 11:57:43 21 3390    82  123   60   70   141  183  112  135  0.42 0.33 0.46 0.48
 5 11:58:04 21 3391    89  128   65   75   141  186  116  137  0.37 0.31 0.44 0.45
 6 11:58:24 21 3386    90  129   68   78   145  185  109  143  0.38 0.30 0.38 0.45
 7 11:58:44 21 3391    94  131   72   82   141  191  117  141  0.33 0.31 0.38 0.42
 8 11:59:05 21 3391    94  131   74   84   141  186  117  138  0.33 0.30 0.37 0.39
 9 11:59:25 21 3393    91  130   74   84   135  183  113  144  0.33 0.29 0.35 0.42
10 11:59:45 21 3392    91  129   74   84   133  178  120  141  0.32 0.28 0.38 0.40
;            Ch1    Ch2    Ch3    Ch4      blue   green  brown
;  alpha:  51224.84 19661.80 46275.12  0.459    543311.1 -0.000 84398.29
; ETRmax:  4684.4 3346.3 3117.8  844.5    2576.9    0.0 3474.6
;     Ik:     0.1    0.2    0.1 1839.7       0.0    0.0    0.0
;References: BL_US PMDA0174.REF2 GR_US PMDA0174.REF2 BR_US PMDA0174.REF2

;LTK 20m_04252019

25APR2019  12:02:16  Gain: 21  Zoff: 324 348 213 209
No   Time    G  PAR    F1   F2   F3   F4   Fm1  Fm2  Fm3  Fm4    Y1   Y2   Y3   Y4
 1 12:02:17 21 3384   162  166   98  109   225  229  152  183  0.28 0.28 0.36 0.40
 2 12:02:38 21 3388   158  161   96  107   251  234  174  205  0.37 0.31 0.45 0.48
 3 12:02:59 21 3392   163  166  101  113   241  236  163  191  0.32 0.30 0.38 0.41
 4 12:03:19 21 3389   152  166   95  106   212  224  147  179  0.28 0.26 0.35 0.41
 5 12:03:39 21 3389   159  171  100  112   229  235  159  194  0.31 0.27 0.37 0.42
 6 12:03:59 21 3392   166  176  107  119   213  229  156  184  0.22 0.23 0.31 0.35
 7 12:04:20 21 3388   156  172  103  115   203  222  147  175  0.23 0.23 0.30 0.34
 8 12:04:40 21 3390   156  173  105  116   201  226  152  183  0.22 0.23 0.31 0.37
 9 12:05:00 21 3389   162  177  112  123   209  226  152  183  0.22 0.22 0.26 0.33
10 12:05:20 21 3389   163  178  113  126   205  227  156  181  0.20 0.22 0.28 0.30
;            Ch1    Ch2    Ch3    Ch4      blue   green  brown
;  alpha:   0.277  0.277 263968.2  0.364     0.391 -0.000  0.276
; ETRmax:   411.6  377.6 3490.2  769.1     788.1    0.0  415.9
;     Ik:  1486.5 1365.4    0.0 2113.8    2014.1    0.0 1504.3
;References: BL_US PMDA0174.REF2 GR_US PMDA0174.REF2 BR_US PMDA0174.REF2

;LTK 30m_04252019

25APR2019  12:07:04  Gain: 21  Zoff: 324 348 213 209
No   Time    G  PAR    F1   F2   F3   F4   Fm1  Fm2  Fm3  Fm4    Y1   Y2   Y3   Y4
 1 12:07:04 21 3391   171  207  109  123   238  294  173  205  0.28 0.30 0.37 0.40
 2 12:07:26 21 3388   159  197  102  115   267  290  189  218  0.40 0.32 0.46 0.47
 3 12:07:46 21 3394   163  207  106  119   242  294  171  210  0.33 0.30 0.38 0.43
 4 12:08:06 21 3393   160  217  105  118   226  306  165  197  0.29 0.29 0.36 0.40
 5 12:08:27 21 3386   157  215  105  118   220  309  160  200  0.29 0.30 0.34 0.41
 6 12:08:47 21 3391   162  220  110  123   225  302  162  200  0.28 0.27 0.32 0.39
 7 12:09:07 21 3392   168  224  117  132   229  307  174  203  0.27 0.27 0.33 0.35
 8 12:09:27 21 3384   171  227  121  136   215  306  170  203  0.20 0.26 0.29 0.33
 9 12:09:48 21 3382   169  228  121  135   212  300  164  197  0.20 0.24 0.26 0.31
10 12:10:08 21 3387   167  228  121  134   212  299  163  202  0.21 0.24 0.26 0.34
;            Ch1    Ch2    Ch3    Ch4      blue   green  brown
;  alpha:  1426032. 455015.9 188781.1 227124.1    5766613. -0.000 42084.74
; ETRmax:  685468.3 390216.6 3457.1 3312.0    2633.7    0.0 9003.4
;     Ik:     0.5    0.9    0.0    0.0       0.0    0.0    0.2
;References: BL_US PMDA0174.REF2 GR_US PMDA0174.REF2 BR_US PMDA0174.REF2

;LTK 40m_04252019

25APR2019  12:12:52  Gain: 21  Zoff: 324 348 213 209
No   Time    G  PAR    F1   F2   F3   F4   Fm1  Fm2  Fm3  Fm4    Y1   Y2   Y3   Y4
 1 12:12:52 21 3385   115  204   76   86   202  339  150  176  0.43 0.40 0.49 0.51
 2 12:13:14 21 3391   103  190   73   80   209  318  156  184  0.51 0.40 0.53 0.57
 3 12:13:34 21 3391   120  205   81   92   223  344  160  204  0.46 0.40 0.49 0.55
 4 12:13:54 21 3391   123  215   85   94   212  352  157  195  0.42 0.39 0.46 0.52
 5 12:14:15 21 3388   118  214   83   93   205  348  155  192  0.42 0.39 0.46 0.52
 6 12:14:35 21 3387   133  223   94  106   220  352  167  196  0.40 0.37 0.44 0.46
 7 12:14:55 21 3391   137  226   95  107   204  343  157  186  0.33 0.34 0.39 0.42
 8 12:15:15 21 3384   124  221   90  100   190  334  149  177  0.35 0.34 0.40 0.44
 9 12:15:36 21 3391   128  226   94  104   195  342  153  183  0.34 0.34 0.39 0.43
10 12:15:56 21 3391   127  228   97  107   185  330  150  181  0.31 0.31 0.35 0.41
;            Ch1    Ch2    Ch3    Ch4      blue   green  brown
;  alpha:   0.375  0.347  0.438  0.473     0.475 -0.000  0.385
; ETRmax:  1014.3  751.8  825.9 1192.5     853.6    0.0  787.2
;     Ik:  2706.5 2164.3 1885.1 2521.5    1798.0    0.0 2044.5
;References: BL_US PMDA0174.REF2 GR_US PMDA0174.REF2 BR_US PMDA0174.REF2

;LTK 50m_04252019

25APR2019  12:17:44  Gain: 21  Zoff: 324 348 213 209
No   Time    G  PAR    F1   F2   F3   F4   Fm1  Fm2  Fm3  Fm4    Y1   Y2   Y3   Y4
 1 12:17:44 21 3394   230  387  133  152   383  661  247  295  0.40 0.41 0.46 0.48
 2 12:18:06 21 3391   214  366  127  145   400  666  264  312  0.47 0.45 0.52 0.54
 3 12:18:26 21 3389   206  369  121  138   346  657  232  286  0.40 0.44 0.48 0.52
 4 12:18:46 21 3384   226  382  135  155   383  664  257  310  0.41 0.42 0.47 0.50
 5 12:19:07 21 3391   225  385  138  159   362  647  243  288  0.38 0.40 0.43 0.45
 6 12:19:27 21 3391   231  394  143  165   357  644  243  289  0.35 0.39 0.41 0.43
 7 12:19:47 21 3386   240  403  149  173   358  636  250  297  0.33 0.37 0.40 0.42
 8 12:20:08 21 3391   251  414  158  182   363  631  253  297  0.31 0.34 0.38 0.39
 9 12:20:28 21 3389   255  419  163  188   354  628  253  291  0.28 0.33 0.36 0.35
10 12:20:48 21 3391   258  426  168  194   343  622  240  301  0.25 0.32 0.30 0.36
;            Ch1    Ch2    Ch3    Ch4      blue   green  brown
;  alpha:   0.336  0.372  0.413  0.427     0.399 -0.000  0.382
; ETRmax:   746.9  774.7  802.8 1111.5     795.8    0.0  783.0
;     Ik:  2224.7 2085.0 1942.5 2602.2    1995.8    0.0 2048.0
;References: BL_US PMDA0174.REF2 GR_US PMDA0174.REF2 BR_US PMDA0174.REF2

;LTK 60m_04252019

25APR2019  12:22:28  Gain: 21  Zoff: 324 348 213 209
No   Time    G  PAR    F1   F2   F3   F4   Fm1  Fm2  Fm3  Fm4    Y1   Y2   Y3   Y4
 1 12:22:28 21 3383   331  425  175  209   613  721  339  425  0.46 0.41 0.48 0.51
 2 12:22:49 21 3397   299  396  161  189   631  724  358  446  0.53 0.45 0.55 0.58
 3 12:23:10 21 3391   326  417  174  207   611  718  350  434  0.47 0.42 0.50 0.52
 4 12:23:30 21 3388   349  434  188  224   604  706  338  420  0.42 0.39 0.44 0.47
 5 12:23:50 21 3392   367  448  199  236   579  698  330  409  0.37 0.36 0.40 0.42
 6 12:24:11 21 3387   383  461  209  249   579  698  333  404  0.34 0.34 0.37 0.38
 7 12:24:31 21 3387   393  474  215  257   565  690  325  399  0.30 0.31 0.34 0.36
 8 12:24:51 21 3388   404  484  222  265   562  686  319  391  0.28 0.29 0.30 0.32
 9 12:25:11 21 3384   398  482  221  263   534  664  305  380  0.25 0.27 0.28 0.31
10 12:25:32 21 3388   392  482  219  262   510  646  302  370  0.23 0.25 0.27 0.29
;            Ch1    Ch2    Ch3    Ch4      blue   green  brown
;  alpha:  318096.8 139572.2 1187920. 142768.4    493936.7 -0.000 285641.2
; ETRmax:  3286.8 2863.3 3654.6 20560.0    5907.8    0.0 4535.6
;     Ik:     0.0    0.0    0.0    0.1       0.0    0.0    0.0
;References: BL_US PMDA0174.REF2 GR_US PMDA0174.REF2 BR_US PMDA0174.REF2

;LTK 70m_04252019

25APR2019  12:27:19  Gain: 21  Zoff: 324 348 213 209
No   Time    G  PAR    F1   F2   F3   F4   Fm1  Fm2  Fm3  Fm4    Y1   Y2   Y3   Y4
 1 12:30:39 21 3391     1    8   -5    8   214  214  134  178  ---- ---- ---- ----
 2 12:31:00 21 3390   117  132   72   87   225  212  143  185  0.48 0.38 0.50 0.53
 3 12:31:20 21 3388   128  139   79   95   214  216  146  190  0.40 0.36 0.46 0.50
 4 12:31:41 21 3390   133  143   81   98   213  214  142  180  0.38 0.33 0.43 0.46
 5 12:32:01 21 3386   137  146   84  102   202  207  135  169  0.32 0.29 0.38 0.40
 6 12:32:21 21 3391   143  149   87  106   204  209  136  171  0.30 0.29 0.36 0.38
 7 12:32:41 21 3382   147  149   91  108   199  197  134  171  0.26 0.24 0.32 0.37
 8 12:33:02 21 3388   142  146   91  110   187  196  137  167  0.24 0.26 0.34 0.34
 9 12:33:22 21 3387   141  144   92  111   188  192  134  167  0.25 0.25 0.31 0.34
10 12:33:42 21 3385   142  145   94  113   187  190  136  163  0.24 0.24 0.31 0.31
;            Ch1    Ch2    Ch3    Ch4      blue   green  brown
;  alpha:   0.291  0.276  0.360  0.388     0.410 -0.000  0.359
; ETRmax:   818.4  530.3  764.8  786.3     803.1    0.0  986.5
;     Ik:  2815.0 1919.0 2126.4 2024.9    1957.3    0.0 2747.6
;References: BL_US PMDA0174.REF2 GR_US PMDA0174.REF2 BR_US PMDA0174.REF2

;LTK 80m_04252019


25APR2019  12:36:57  Gain: 21  Zoff: 324 348 213 209
No   Time    G  PAR    F1   F2   F3   F4   Fm1  Fm2  Fm3  Fm4    Y1   Y2   Y3   Y4
 1 12:36:57 21 3390   148  149   79   92   247  223  151  185  0.40 0.33 0.48 0.50
 2 12:37:19 21 3390   133  137   72   84   261  226  155  196  0.49 0.39 0.54 0.57
 3 12:37:39 21 3388   145  144   79   92   245  230  149  193  0.41 0.37 0.47 0.52
 4 12:37:59 21 3386   151  146   83   97   235  221  142  183  0.36 0.34 0.42 0.47
 5 12:38:20 21 3388   153  146   85   99   225  217  142  175  0.32 0.33 0.40 0.43
 6 12:38:40 21 3388   156  146   88  102   225  211  142  176  0.31 0.31 0.38 0.42
 7 12:39:00 21 3388   158  149   90  105   216  204  143  172  0.27 0.27 0.37 0.39
 8 12:39:20 21 3389   160  151   93  108   222  203  142  171  0.28 0.26 0.35 0.37
 9 12:39:41 21 3391   162  152   95  111   220  198  143  174  0.26 0.23 0.34 0.36
10 12:40:01 21 3391   164  153   97  113   217  208  137  176  0.24 0.26 0.29 0.36
;            Ch1    Ch2    Ch3    Ch4      blue   green  brown
;  alpha:  22639.64 40074.47 12943358 217538.5    921144.7 -0.000 53961.39
; ETRmax:  3398.8 2556.6 2940.1 3454.4    3407.6    0.0 3077.0
;     Ik:     0.2    0.1    0.0    0.0       0.0    0.0    0.1
;References: BL_US PMDA0174.REF2 GR_US PMDA0174.REF2 BR_US PMDA0174.REF2

;LTK 90m_04252019

25APR2019  12:41:57  Gain: 21  Zoff: 324 348 213 209
No   Time    G  PAR    F1   F2   F3   F4   Fm1  Fm2  Fm3  Fm4    Y1   Y2   Y3   Y4
 1 12:41:57 21 3399    18   24    8    9    52   50   45   63  ---- 0.52 ---- ----
 2 12:42:19 21 3392    17   22    9    9    53   49   48   69  ---- 0.55 ---- ----
 3 12:42:39 21 3391    18   22   10   11    54   53   48   64  ---- 0.58 ---- ----
 4 12:42:59 21 3390    19   21   11   12    55   48   43   59  ---- 0.56 ---- ----
 5 12:43:20 21 3392    20   21   13   14    51   47   46   65  ---- 0.55 ---- ----
 6 12:43:41 22 3387    16   13   13   16    48   40   45   68  ---- ---- ---- ----
 7 12:44:01 22 3385    17   12   16   18    50   38   46   76  ---- ---- ---- ----
 8 12:44:22 22 3391    19   12   18   21    48   32   48   72  ---- ---- ---- 0.71
 9 12:44:42 22 3390    22   12   21   24    51   39   55   77  0.57 ---- 0.62 0.69
10 12:45:02 22 3384    24   12   23   26    36   37   52   79  0.33 ---- 0.56 0.67
;            Ch1    Ch2    Ch3    Ch4      blue   green  brown
;  alpha:   0.436  0.601  0.655  0.833     0.996  0.678  0.679
; ETRmax:  1131.6  939.0  974.0 1091.2    1172.2 1491.6  987.5
;     Ik:  2597.7 1561.6 1486.8 1309.6    1177.3 2199.5 1454.7
;References: BL_US PMDA0174.REF2 GR_US PMDA0174.REF2 BR_US PMDA0174.REF2

;LTK 100m_04252019

25APR2019  12:46:50  Gain: 22  Zoff: 474 510 312 306
No   Time    G  PAR    F1   F2   F3   F4   Fm1  Fm2  Fm3  Fm4    Y1   Y2   Y3   Y4
 1 12:48:38 22 3388    -2    5    1    1    34   38   31   44  ---- ---- ---- ----
 2 12:49:00 22 3391    -2    7    2    1    36   32   42   57  ---- ---- ---- ----
 3 12:49:20 22 3384     1    8    3    3    36   36   36   59  ---- ---- ---- ----
 4 12:49:40 22 3391     4    9    7    6    39   36   39   63  ---- ---- ---- ----
 5 12:50:01 22 3379     5    7    8    9    33   32   35   59  ---- ---- ---- ----
 6 12:50:21 22 3377     6    6   10    9    37   26   42   61  ---- ---- ---- ----
 7 12:50:41 22 3390     7    6   12   13    41   34   47   64  ---- ---- ---- ----
 8 12:51:01 22 3386    10    5   15   15    41   29   49   62  ---- ---- ---- ----
 9 12:51:22 22 3393    12    6   17   18    37   24   42   65  ---- ---- ---- ----
10 12:51:42 22 3389    13    4   18   21    36   33   40   69  ---- ---- ---- 0.70
;            Ch1    Ch2    Ch3    Ch4      blue   green  brown
;  alpha:  -0.000 -0.000 -0.000  0.847    130161.0  0.899  1.228
; ETRmax:     0.0    0.0    0.0 1096.7    4050.7 1789.2 1272.5
;     Ik:     0.0    0.0    0.0 1294.1       0.0 1990.7 1035.9
;References: BL_US PMDA0174.REF2 GR_US PMDA0174.REF2 BR_US PMDA0174.REF2

;LTK 110m_04252019

25APR2019  13:07:09  Gain: 22  Zoff: 474 510 312 306
No   Time    G  PAR    F1   F2   F3   F4   Fm1  Fm2  Fm3  Fm4    Y1   Y2   Y3   Y4
 1 13:10:37 22 3386    66  152  -68   18   931 1245  -90  582  0.93 0.88 ---- ----
 2 13:10:38 22 3393    66  152  -68   18  -382 -130 -266 -252  ---- ---- ---- ----
 3 13:10:39 22 3394    66  152  -68   18  -443 -502 -266 -252  ---- ---- ---- ----
 4 13:11:01 22 3390  1325 1302 1349 1474  1397 1362 1474 1564  0.05 0.04 0.08 0.06
 5 13:11:21 22 3392  1398 1363 1440 1565  1397 1362 1487 1564  ---- ---- 0.03 ----
 6 13:11:41 22 3387   155  110  282  330  -442 -482 -266 -252  ---- ---- ---- ----
 7 13:12:01 22 3391   254  337  194  213   328  414  255  298  0.23 0.19 0.24 0.29
 8 13:12:22 22 3389   277  373  209  227   331  424  252  294  0.16 0.12 0.17 0.23
 9 13:12:42 22 3391   286  384  214  232   339  433  262  301  0.16 0.11 0.18 0.23
10 13:13:02 22 3390   303  396  227  248   356  451  273  322  0.15 0.12 0.17 0.23
11 13:13:23 22 3393   314  401  234  256   363  451  266  315  0.13 0.11 0.12 0.19
12 13:13:43 22 3391   298  394  224  244   314  429  248  292  0.05 0.08 0.10 0.16
;            Ch1    Ch2    Ch3    Ch4      blue   green  brown
;  alpha:   1.413  1.599 636.133  1.424    131.070  0.000  0.976
; ETRmax:   330.7  294.3 14873.7  280.6    6413.9    0.0  181.1
;     Ik:   234.1  184.1   23.4  197.0      48.9    0.0  185.6
;References: BL_US PMDA0174.REF2 GR_US PMDA0174.REF2 BR_US PMDA0174.REF2

;LTK 110m_04252019

25APR2019  13:16:25  Gain: 22  Zoff: 474 510 312 306
No   Time    G  PAR    F1   F2   F3   F4   Fm1  Fm2  Fm3  Fm4    Y1   Y2   Y3   Y4
 1 13:16:25 22 3386     7   17    1    2    43   47   28   50  ---- ---- ---- ----
 2 13:16:46 22 3394     9   17    4    5    43   51   39   61  ---- ---- ---- ----
 3 13:17:07 22 3391     8   16    3    4    34   42   36   61  ---- ---- ---- ----
 4 13:17:27 22 3389     7   14    3    4    39   32   39   55  ---- ---- ---- ----
 5 13:17:47 22 3388     9   12    6    6    35   31   39   56  ---- ---- ---- ----
 6 13:18:08 22 3389    11   12    8    9    38   30   34   62  ---- ---- ---- ----
 7 13:18:28 22 3392    12   11   10   12    42   29   48   64  ---- ---- ---- ----
 8 13:18:48 22 3393    13   10   13   15    36   31   47   55  ---- ---- ---- ----
 9 13:19:08 22 3390    14    9   14   16    40   30   44   62  ---- ---- ---- ----
10 13:19:29 22 3392    13    6   15   16    23   27   44   74  ---- ---- ---- ----
;            Ch1    Ch2    Ch3    Ch4      blue   green  brown
;  alpha:   0.000  0.000  0.000  0.000    27.144  4.083  4.902
; ETRmax:     0.0    0.0    0.0    0.0    4445.2  946.0 1038.9
;     Ik:     0.0    0.0    0.0    0.0     163.8  231.7  211.9
;References: BL_US PMDA0174.REF2 GR_US PMDA0174.REF2 BR_US PMDA0174.REF2

;LTK 120m_04252019

25APR2019  13:21:11  Gain: 22  Zoff: 474 510 312 306
No   Time    G  PAR    F1   F2   F3   F4   Fm1  Fm2  Fm3  Fm4    Y1   Y2   Y3   Y4
 1 13:21:11 22 3395    22   30    7    8    77   79   54   80  0.71 0.62 ---- ----
 2 13:21:33 22 3391    18   27    7    6    82   90   59   92  ---- 0.70 ---- ----
 3 13:21:53 22 3383    24   30   11   10    87   85   61   83  0.72 0.65 ---- ----
 4 13:22:13 22 3385    29   33   14   15    81   74   63   85  0.64 0.55 ---- ----
 5 13:22:33 22 3390    35   35   18   20    83   78   65   85  0.58 0.55 ---- ----
 6 13:22:54 22 3389    36   34   21   23    79   78   62   91  0.54 0.56 0.66 0.75
 7 13:23:14 22 3387    38   34   23   26    81   68   67   86  0.53 0.50 0.66 0.70
 8 13:23:34 22 3394    41   34   26   29    87   69   68   90  0.53 0.51 0.62 0.68
 9 13:23:54 22 3391    42   33   28   30    77   76   66   77  0.45 0.57 0.58 0.61
10 13:24:15 22 3394    42   33   28   31    56   68   56   90  0.25 0.51 0.50 0.66
;            Ch1    Ch2    Ch3    Ch4      blue   green  brown
;  alpha:   3.632  6.411  4.009 214.660     5.562  5.475  6.199
; ETRmax:   785.2 2358.0  856.6 6479.5    1079.5 1205.7 1728.8
;     Ik:   216.2  367.8  213.6   30.2     194.1  220.2  278.9
;References: BL_US PMDA0174.REF2 GR_US PMDA0174.REF2 BR_US PMDA0174.REF2

;LTK 130m_04252019

25APR2019  13:27:22  Gain: 22  Zoff: 474 510 312 306
No   Time    G  PAR    F1   F2   F3   F4   Fm1  Fm2  Fm3  Fm4    Y1   Y2   Y3   Y4
 1 13:29:22 22 3391    70  102  -32   43   924 1244  -96  567  0.92 0.92 ---- 0.92
 2 13:29:23 22 3384    70  102  -32   43  -443 -510 -266 -252  ---- ---- ---- ----
 3 13:29:43 22 3383   -34  -32  -17  -17    37   22   46   65  ---- ---- ---- ----
 4 13:30:03 22 3388   -16  -10   -1   -4    12   18   30   46  ---- ---- ---- ----
 5 13:30:24 22 3391   -16  -14   -5   -8    19   16   22   50  ---- ---- ---- ----
 6 13:30:44 22 3394   -15  -16   -4   -6    20    8   25   46  ---- ---- ---- ----
 7 13:31:04 22 3386   -17  -18   -3   -5    12   10   28   51  ---- ---- ---- ----
 8 13:31:25 22 3385   -16  -19   -1   -3     9    6   33   50  ---- ---- ---- ----
 9 13:31:45 22 3393   -14  -20    2    0     9   10   41   58  ---- ---- ---- ----
10 13:32:05 22 3394   -13  -21    3    2    23    5   32   50  ---- ---- ---- ----
11 13:32:25 22 3391   -13  -23    4    3     5    3   28   52  ---- ---- ---- ----
;            Ch1    Ch2    Ch3    Ch4      blue   green  brown
;  alpha:   6.066  6.021  0.000  6.065     0.000  0.000  0.000
; ETRmax:  1338.0 1329.2    0.0 1337.9       0.0    0.0    0.0
;     Ik:   220.6  220.7    0.0  220.6       0.0    0.0    0.0
;References: BL_US PMDA0174.REF2 GR_US PMDA0174.REF2 BR_US PMDA0174.REF2

;LTK 140m_04252019

25APR2019  13:35:12  Gain: 22  Zoff: 474 510 312 306
No   Time    G  PAR    F1   F2   F3   F4   Fm1  Fm2  Fm3  Fm4    Y1   Y2   Y3   Y4
 1 13:35:13 22 3390    20   73  289  284    48   96  314  332  ---- 0.24 0.08 0.14
 2 13:35:34 22 3394    18   69  291  285    48   92  318  336  ---- 0.25 0.08 0.15
 3 13:35:55 22 3384    17   64  289  284    52   89  320  342  ---- 0.28 0.10 0.17
 4 13:36:15 22 3390    18   63  291  285    49   89  314  336  ---- 0.29 0.07 0.15
 5 13:36:35 22 3390    18   60  292  287    45   85  324  343  ---- 0.29 0.10 0.16
 6 13:36:55 22 3390    19   59  295  289    47   85  323  343  ---- 0.31 0.09 0.16
 7 13:37:16 22 3390    21   58  297  291    44   83  318  338  0.52 0.30 0.07 0.14
 8 13:37:36 22 3390    21   55  297  292    43   82  321  340  0.51 0.33 0.07 0.14
 9 13:37:56 22 3395    21   53  297  293    49   77  327  336  0.57 0.31 0.09 0.13
10 13:38:17 22 3389    19   49  298  293    33   70  323  348  ---- 0.30 0.08 0.16
;            Ch1    Ch2    Ch3    Ch4      blue   green  brown
;  alpha:   3.444  2.184  0.637  1.187     1.132  0.000  0.000
; ETRmax:   761.3  413.1  118.0  214.0     180.3    0.0    0.0
;     Ik:   221.1  189.2  185.3  180.2     159.4    0.0    0.0
;References: BL_US PMDA0174.REF2 GR_US PMDA0174.REF2 BR_US PMDA0174.REF2