Gain: 20  Zoff: 169 191 123 120
;LTM_09282017_0m
28SEP2017  19:44:35  Gain: 20  Zoff: 169 191 123 120
No   Time    G  PAR    F1   F2   F3   F4   Fm1  Fm2  Fm3  Fm4    Y1   Y2   Y3   Y4
 2 19:54:14 20 3384    57  124   85   76   134  211  169  175  0.57 0.41 0.50 0.57
 2 19:54:14 20 3384    57  124   85   76   134  211  169  175  0.57 0.41 0.50 0.57

28SEP2017  19:54:20  Gain: 20  Zoff: 169 191 123 120
No   Time    G  PAR    F1   F2   F3   F4   Fm1  Fm2  Fm3  Fm4    Y1   Y2   Y3   Y4
 1 19:54:20 20 3390    61  124   89   81   133  199  156  164  0.54 0.38 0.43 0.51
 2 19:54:41 20 3381    58  127   81   74   138  220  175  176  0.58 0.42 0.54 0.58
 3 19:55:02 20 3389    60  132   82   75   131  216  153  160  0.54 0.39 0.46 0.53
 4 19:55:22 20 3386    55  130   75   69   117  214  141  147  0.53 0.39 0.47 0.53
 5 19:55:42 20 3384    58  132   80   75   117  218  149  157  0.50 0.39 0.46 0.52
 6 19:56:03 20 3383    63  137   90   84   111  214  157  159  0.43 0.36 0.43 0.47
 7 19:56:23 20 3387    56  131   80   75   108  203  139  143  0.48 0.35 0.42 0.48
 8 19:56:43 20 3383    58  132   89   83   108  204  143  149  0.46 0.35 0.38 0.44
 9 19:57:03 20 3389    59  133   88   82   109  198  143  148  0.46 0.33 0.38 0.45
10 19:57:24 20 3391    59  134   94   88   104  199  148  152  0.43 0.33 0.36 0.42
;            Ch1    Ch2    Ch3    Ch4      blue   green  brown
;  alpha:   0.491  0.350  0.417  0.486     0.414 -0.000  0.445
; ETRmax:  1221.9  759.9 1091.3 1218.0    1086.6    0.0  829.7
;     Ik:  2488.9 2173.4 2620.0 2505.2    2621.7    0.0 1864.7
;References: BL_US PMDA0174.REF2 GR_US PMDA0174.REF2 BR_US PMDA0174.REF2


;LTM_09282017_10m
28SEP2017  20:00:17  Gain: 20  Zoff: 169 191 123 120
No   Time    G  PAR    F1   F2   F3   F4   Fm1  Fm2  Fm3  Fm4    Y1   Y2   Y3   Y4
 1 20:00:39 20 3375   141  160  104  117   289  291  207  241  0.51 0.45 0.50 0.51

28SEP2017  20:02:00  Gain: 20  Zoff: 169 191 123 120
No   Time    G  PAR    F1   F2   F3   F4   Fm1  Fm2  Fm3  Fm4    Y1   Y2   Y3   Y4
 1 20:02:00 20 3391   132  152   97  111   257  260  193  224  0.49 0.42 0.50 0.50
 2 20:02:22 20 3392   127  155  108  116   247  275  205  230  0.49 0.44 0.47 0.50
 3 20:02:42 20 3390   139  167  100  114   263  298  187  223  0.47 0.44 0.47 0.49
 4 20:03:02 20 3384   137  168   98  112   226  279  171  198  0.39 0.40 0.43 0.43
 5 20:03:22 20 3387   152  182  108  123   244  296  179  214  0.38 0.39 0.40 0.43
 6 20:03:43 20 3378   134  168  100  112   198  260  153  186  0.32 0.35 0.35 0.40
 7 20:04:03 20 3392   123  161   93  104   191  263  148  177  0.36 0.39 0.37 0.41
 8 20:04:23 20 3384   123  164   94  105   187  255  148  172  0.34 0.36 0.36 0.39
 9 20:04:43 20 3385   122  163   94  106   184  250  147  172  0.34 0.35 0.36 0.38
10 20:05:04 20 3384   122  162   96  107   178  244  147  170  0.31 0.34 0.35 0.37
;            Ch1    Ch2    Ch3    Ch4      blue   green  brown
;  alpha:   0.372  0.369  0.392  0.425     0.367 -0.000  0.396
; ETRmax:   773.7  772.2  792.1  808.8     771.6    0.0  795.8
;     Ik:  2077.2 2094.6 2020.5 1903.0    2099.7    0.0 2009.1
;References: BL_US PMDA0174.REF2 GR_US PMDA0174.REF2 BR_US PMDA0174.REF2

;LTM_09282017_20m

28SEP2017  20:07:49  Gain: 20  Zoff: 169 191 123 120
No   Time    G  PAR    F1   F2   F3   F4   Fm1  Fm2  Fm3  Fm4    Y1   Y2   Y3   Y4
 1 20:08:05 20 3391   130  156   91  105   287  314  201  238  0.55 0.50 0.55 0.56

28SEP2017  20:08:08  Gain: 20  Zoff: 169 191 123 120
No   Time    G  PAR    F1   F2   F3   F4   Fm1  Fm2  Fm3  Fm4    Y1   Y2   Y3   Y4
 1 20:08:09 20 3387   138  163   97  112   292  317  195  241  0.53 0.49 0.50 0.54
 2 20:08:30 20 3386   154  177   99  115   305  330  201  239  0.50 0.46 0.51 0.52
 3 20:08:50 20 3391   138  169   95  109   262  318  186  219  0.47 0.47 0.49 0.50
 4 20:09:11 20 3384   146  178   98  113   245  320  175  212  0.40 0.44 0.44 0.47
 5 20:09:31 20 3389   140  174   93  109   229  300  165  197  0.39 0.42 0.44 0.45
 6 20:09:51 20 3389   145  175   96  112   235  304  165  204  0.38 0.42 0.42 0.45
 7 20:10:12 20 3390   181  204  108  129   280  333  181  217  0.35 0.39 0.40 0.41
 8 20:10:32 20 3391   150  183   99  115   215  292  161  188  0.30 0.37 0.39 0.39
 9 20:10:52 20 3391   156  188  107  124   234  304  171  204  0.33 0.38 0.37 0.39
10 20:11:12 20 3391   169  197  115  134   229  294  175  205  0.26 0.33 0.34 0.35
;            Ch1    Ch2    Ch3    Ch4      blue   green  brown
;  alpha:   0.377  0.408  0.425  0.444     0.391 -0.000  0.418
; ETRmax:   777.6  801.8  807.3  829.1     791.8    0.0  810.2
;     Ik:  2064.6 1963.6 1900.9 1867.9    2024.2    0.0 1937.2
;References: BL_US PMDA0174.REF2 GR_US PMDA0174.REF2 BR_US PMDA0174.REF2

;LTM_09282017_30m

28SEP2017  20:13:37  Gain: 20  Zoff: 169 191 123 120
No   Time    G  PAR    F1   F2   F3   F4   Fm1  Fm2  Fm3  Fm4    Y1   Y2   Y3   Y4
 1 20:13:49 20 3378    75  128   60   64   150  190  122  140  0.50 0.33 0.51 0.54

28SEP2017  20:13:53  Gain: 20  Zoff: 169 191 123 120
No   Time    G  PAR    F1   F2   F3   F4   Fm1  Fm2  Fm3  Fm4    Y1   Y2   Y3   Y4
 1 20:13:53 20 3384    78  128   64   69   141  186  120  140  0.45 0.31 0.47 0.51
 2 20:14:14 20 3384    77  133   62   67   149  198  118  137  0.48 0.33 0.47 0.51
 3 20:14:34 20 3389    80  140   65   70   145  208  121  139  0.45 0.33 0.46 0.50
 4 20:14:55 20 3387    74  138   62   67   129  199  115  133  0.43 0.31 0.46 0.50
 5 20:15:15 20 3383    74  137   61   66   130  199  105  126  0.43 0.31 0.42 0.48
 6 20:15:35 20 3386    76  140   63   68   123  201  111  130  0.38 0.30 0.43 0.48
 7 20:15:56 20 3381    76  141   65   70   122  195  110  126  0.38 0.28 0.41 0.44
 8 20:16:16 20 3382    71  138   66   69   113  191  102  122  0.37 0.28 0.35 0.43
 9 20:16:36 20 3382    73  138   66   71   113  196  105  123  0.35 0.30 0.37 0.42
10 20:16:56 20 3384    74  140   68   72   113  194  109  124  0.35 0.28 0.38 0.42
;            Ch1    Ch2    Ch3    Ch4      blue   green  brown
;  alpha:   0.394 29040.77  0.415  0.475     0.462 -0.000  0.342
; ETRmax:   792.1 100804.4  804.6  853.7     845.9    0.0  747.9
;     Ik:  2010.0    3.5 1940.2 1798.7    1831.9    0.0 2187.0
;References: BL_US PMDA0174.REF2 GR_US PMDA0174.REF2 BR_US PMDA0174.REF2

;LTM_09282017_40m

28SEP2017  20:18:56  Gain: 20  Zoff: 169 191 123 120
No   Time    G  PAR    F1   F2   F3   F4   Fm1  Fm2  Fm3  Fm4    Y1   Y2   Y3   Y4
 1 20:19:12 20 3387   113  155   93  100   239  265  187  212  0.53 0.42 0.50 0.53

28SEP2017  20:19:15  Gain: 20  Zoff: 169 191 123 120
No   Time    G  PAR    F1   F2   F3   F4   Fm1  Fm2  Fm3  Fm4    Y1   Y2   Y3   Y4
 1 20:19:15 20 3388   118  157   97  104   229  261  187  212  0.48 0.40 0.48 0.51
 2 20:19:37 20 3391   114  157   93   99   221  267  174  201  0.48 0.41 0.47 0.51
 3 20:19:57 20 3388   112  161   88   96   214  272  173  194  0.48 0.41 0.49 0.51
 4 20:20:17 20 3385   107  162   89   96   187  266  163  183  0.43 0.39 0.45 0.48
 5 20:20:38 20 3392   106  165   93   99   173  258  155  179  0.39 0.36 0.40 0.45
 6 20:20:58 20 3387   101  162   86   92   165  251  140  157  0.39 0.35 0.39 0.41
 7 20:21:18 20 3388   102  164   84   91   165  252  143  162  0.38 0.35 0.41 0.44
 8 20:21:38 20 3383   105  167   93   99   164  248  150  170  0.36 0.33 0.38 0.42
 9 20:21:59 20 3387   102  166   91   96   157  240  139  157  0.35 0.31 0.35 0.39
10 20:22:19 20 3394   102  166   89   95   154  242  139  158  0.34 0.31 0.36 0.40
;            Ch1    Ch2    Ch3    Ch4      blue   green  brown
;  alpha:   0.396  0.341  0.408  0.451     0.403 -0.000  0.390
; ETRmax:   794.1  747.1  801.4  831.8     797.8    0.0  787.2
;     Ik:  2007.2 2189.7 1964.1 1846.3    1978.4    0.0 2017.3
;References: BL_US PMDA0174.REF2 GR_US PMDA0174.REF2 BR_US PMDA0174.REF2

;LTM_09282017_50m

28SEP2017  20:24:17  Gain: 20  Zoff: 169 191 123 120
No   Time    G  PAR    F1   F2   F3   F4   Fm1  Fm2  Fm3  Fm4    Y1   Y2   Y3   Y4
 1 20:24:48 20 3397   115  155   81   91   249  292  190  221  0.54 0.47 0.57 0.59

28SEP2017  20:24:53  Gain: 20  Zoff: 169 191 123 120
No   Time    G  PAR    F1   F2   F3   F4   Fm1  Fm2  Fm3  Fm4    Y1   Y2   Y3   Y4
 1 20:24:53 20 3390   113  152   86   95   230  279  179  212  0.51 0.46 0.52 0.55
 2 20:25:15 20 3388   114  159   82   92   259  317  184  215  0.56 0.50 0.55 0.57
 3 20:25:35 20 3392   113  162   81   90   207  290  161  186  0.45 0.44 0.50 0.52
 4 20:25:55 20 3387   107  160   82   92   191  286  159  188  0.44 0.44 0.48 0.51
 5 20:26:16 20 3392   119  168   91  103   211  298  167  196  0.44 0.44 0.46 0.47
 6 20:26:36 20 3392   131  186   89  102   219  305  157  186  0.40 0.39 0.43 0.45
 7 20:26:56 20 3381   133  180   89  102   185  272  147  168  0.28 0.34 0.39 0.39
 8 20:27:17 20 3393   109  164   84   94   192  282  151  178  0.43 0.42 0.44 0.47
 9 20:27:37 20 3385   125  176   93  106   174  264  149  172  0.28 0.33 0.38 0.38
10 20:27:57 20 3384   102  159   83   93   152  247  135  158  0.33 0.36 0.39 0.41
;            Ch1    Ch2    Ch3    Ch4      blue   green  brown
;  alpha:  131800.8  0.400  0.455 296904.4     0.449 -0.000 11743302
; ETRmax:  6271.2  794.3  840.6 2995.7     831.0    0.0 3513.8
;     Ik:     0.0 1986.8 1845.9    0.0    1850.0    0.0    0.0
;References: BL_US PMDA0174.REF2 GR_US PMDA0174.REF2 BR_US PMDA0174.REF2

;LTM_09282017_60m

28SEP2017  20:30:47  Gain: 20  Zoff: 169 191 123 120
No   Time    G  PAR    F1   F2   F3   F4   Fm1  Fm2  Fm3  Fm4    Y1   Y2   Y3   Y4
 1 20:30:59 20 3373    82  127   62   69   190  232  148  172  0.57 0.45 0.58 0.60

28SEP2017  20:31:03  Gain: 20  Zoff: 169 191 123 120
No   Time    G  PAR    F1   F2   F3   F4   Fm1  Fm2  Fm3  Fm4    Y1   Y2   Y3   Y4
 1 20:31:04 20 3381    87  129   67   75   185  226  146  171  0.53 0.43 0.54 0.56
 2 20:31:25 20 3391    90  135   68   76   199  252  147  169  0.55 0.46 0.54 0.55
 3 20:31:45 20 3385   101  146   70   79   179  247  133  164  0.44 0.41 0.47 0.52
 4 20:32:05 20 3388    83  136   64   72   160  234  125  149  0.48 0.42 0.49 0.52
 5 20:32:26 20 3381    89  141   69   77   155  233  125  147  0.43 0.39 0.45 0.48
 6 20:32:46 20 3387    83  139   67   75   142  223  119  140  0.42 0.38 0.44 0.46
 7 20:33:06 20 3384    84  139   68   76   139  220  119  143  0.40 0.37 0.43 0.47
 8 20:33:27 20 3385    85  140   71   79   136  218  120  142  0.38 0.36 0.41 0.44
 9 20:33:47 20 3384    84  142   72   80   137  216  116  138  0.39 0.34 0.38 0.42
10 20:34:07 20 3384    90  147   74   83   143  223  116  138  0.37 0.34 0.36 0.40
;            Ch1    Ch2    Ch3    Ch4      blue   green  brown
;  alpha:   0.432  0.374  0.451  0.473     0.446 -0.000  0.414
; ETRmax:   818.9  778.6  833.0 1187.6     831.8    0.0 1088.1
;     Ik:  1893.8 2082.5 1848.1 2512.5    1866.1    0.0 2629.7
;References: BL_US PMDA0174.REF2 GR_US PMDA0174.REF2 BR_US PMDA0174.REF2

;LTM_09282017_70m

28SEP2017  20:36:42  Gain: 20  Zoff: 169 191 123 120
No   Time    G  PAR    F1   F2   F3   F4   Fm1  Fm2  Fm3  Fm4    Y1   Y2   Y3   Y4
 1 20:36:58 20 3378   108  146   74   80   260  294  172  205  0.58 0.50 0.57 0.61

28SEP2017  20:37:02  Gain: 20  Zoff: 169 191 123 120
No   Time    G  PAR    F1   F2   F3   F4   Fm1  Fm2  Fm3  Fm4    Y1   Y2   Y3   Y4
 1 20:37:02 20 3389   115  150   79   87   247  288  177  206  0.53 0.48 0.55 0.58
 2 20:37:23 20 3387   120  155   90   96   246  305  184  210  0.51 0.49 0.51 0.54
 3 20:37:44 20 3391   110  156   75   84   229  307  165  192  0.52 0.49 0.55 0.56
 4 20:38:04 20 3395   128  170   88   97   215  303  169  196  0.40 0.44 0.48 0.51
 5 20:38:24 20 3386   111  160   82   90   189  286  155  174  0.41 0.44 0.47 0.48
 6 20:38:44 20 3390   111  160   82   90   209  288  157  183  0.47 0.44 0.48 0.51
 7 20:39:05 20 3378   191  222  116  137   315  371  205  248  0.39 0.40 0.43 0.45
 8 20:39:25 20 3390   142  186  102  113   180  284  167  182  0.21 0.35 0.39 0.38
 9 20:39:45 20 3393   115  176  103  109   189  289  167  186  0.39 0.39 0.38 0.41
10 20:40:06 20 3384   124  174   94  103   181  272  147  170  0.31 0.36 0.36 0.39
;            Ch1    Ch2    Ch3    Ch4      blue   green  brown
;  alpha:  55617.24 60639.70 32768.93 288035.0    500671.9 -0.000 4770236.
; ETRmax:  8897.0 3331.6 2504.9 3234.4    3306.9    0.0 3647.1
;     Ik:     0.2    0.1    0.1    0.0       0.0    0.0    0.0
;References: BL_US PMDA0174.REF2 GR_US PMDA0174.REF2 BR_US PMDA0174.REF2



28SEP2017  20:42:13  Gain: 20  Zoff: 169 191 123 120
No   Time    G  PAR    F1   F2   F3   F4   Fm1  Fm2  Fm3  Fm4    Y1   Y2   Y3   Y4
 1 20:42:27 20 3387    81   69   30   36   205  164   96  121  0.60 0.58 0.69 0.70

28SEP2017  20:42:31  Gain: 20  Zoff: 169 191 123 120
No   Time    G  PAR    F1   F2   F3   F4   Fm1  Fm2  Fm3  Fm4    Y1   Y2   Y3   Y4
 1 20:42:31 20 3387    89   72   35   42   195  148   98  122  0.54 0.51 0.64 0.66
 2 20:42:52 20 3389    52   42   26   27    97   79   63   78  0.46 0.47 0.59 0.65
 3 20:43:12 20 3389    75   60   30   35   178  146   87  107  0.58 0.59 0.66 0.67
 4 20:43:33 20 3387   111   89   44   52   199  160   98  123  0.44 0.44 0.55 0.58
 5 20:43:53 20 3389    65   51   31   34    91   84   63   76  0.29 0.39 0.51 0.55
 6 20:44:13 20 3389    50   41   27   30    91   80   62   76  0.45 0.49 0.56 0.61
 7 20:44:34 20 3385    57   44   30   33   103   88   65   82  0.45 0.50 0.54 0.60
 8 20:44:54 20 3384    68   52   35   39   122   99   74   90  0.44 0.47 0.53 0.57
 9 20:45:14 20 3391    99   71   45   52   149  114   83  102  0.34 0.38 0.46 0.49
10 20:45:34 20 3389   112   82   49   57   150  120   80  100  0.25 0.32 0.39 0.43
;            Ch1    Ch2    Ch3    Ch4      blue   green  brown
;  alpha:   0.417  0.458  0.550  0.643     0.802 144497.4  0.418
; ETRmax:   808.1  843.9 1312.2  966.2    1070.9 4236.1  807.1
;     Ik:  1940.1 1843.2 2386.0 1503.6    1336.2    0.0 1932.9
;References: BL_US PMDA0174.REF2 GR_US PMDA0174.REF2 BR_US PMDA0174.REF2

;LTM_09282017_90m

28SEP2017  20:48:19  Gain: 20  Zoff: 169 191 123 120
No   Time    G  PAR    F1   F2   F3   F4   Fm1  Fm2  Fm3  Fm4    Y1   Y2   Y3   Y4
 1 20:48:30 20 3392    36   52   28   31    96  110   77   95  0.63 0.53 0.64 0.67

28SEP2017  20:48:34  Gain: 20  Zoff: 169 191 123 120
No   Time    G  PAR    F1   F2   F3   F4   Fm1  Fm2  Fm3  Fm4    Y1   Y2   Y3   Y4
 1 20:48:34 20 3398    39   53   32   35    90  100   82  100  0.57 0.47 0.61 0.65
 2 20:48:55 20 3389    37   53   29   33   102  114   78   93  0.64 0.54 0.63 0.65
 3 20:49:16 20 3396    39   56   30   33    90  108   73   91  0.57 0.48 0.59 0.64
 4 20:49:36 20 3387    37   55   30   33    84  107   73   87  0.56 0.49 0.59 0.62
 5 20:49:56 20 3389    37   54   32   35    79  101   69   81  0.53 0.47 0.54 0.57
 6 20:50:17 20 3383    38   55   32   36    78  102   74   81  0.51 0.46 0.57 0.56
 7 20:50:37 20 3388    41   56   35   38    78   96   70   91  0.47 0.42 0.50 0.58
 8 20:50:57 20 3386    42   57   38   41    79   98   75   90  0.47 0.42 0.49 0.54
 9 20:51:17 20 3387    40   54   38   41    78   91   70   84  0.49 0.41 0.46 0.51
10 20:51:38 20 3385    44   56   39   44    78  100   74   88  0.44 0.44 0.47 0.50
;            Ch1    Ch2    Ch3    Ch4      blue   green  brown
;  alpha:   0.555 408014.1 146384.5  0.645     0.615 -0.000 1572650.
; ETRmax:   907.0 2746.0 4598.7  967.5     949.9    0.0 3370.5
;     Ik:  1634.9    0.0    0.0 1500.1    1544.4    0.0    0.0
;References: BL_US PMDA0174.REF2 GR_US PMDA0174.REF2 BR_US PMDA0174.REF2

;LTM_09282017_100m

28SEP2017  20:54:02  Gain: 20  Zoff: 169 191 123 120
No   Time    G  PAR    F1   F2   F3   F4   Fm1  Fm2  Fm3  Fm4    Y1   Y2   Y3   Y4
 1 20:54:14 20 3389    -2   -1    2    2    31   21   33   44  ---- ---- ---- ----

28SEP2017  20:54:18  Gain: 20  Zoff: 169 191 123 120
No   Time    G  PAR    F1   F2   F3   F4   Fm1  Fm2  Fm3  Fm4    Y1   Y2   Y3   Y4
 1 20:54:18 20 3388     0   -2    5    6    33   21   39   52  ---- ---- ---- ----
 2 20:54:40 20 3390    -1   -2    4    4    34   25   33   45  ---- ---- ---- ----
 3 20:55:00 20 3393     0   -1    4    4    31   24   33   44  ---- ---- ---- ----
 4 20:55:20 20 3390    -1   -2    4    5    29   22   33   45  ---- ---- ---- ----
 5 20:55:40 20 3383     1   -2    6    6    32   24   36   42  ---- ---- ---- ----
 6 20:56:01 20 3384     2   -2    7    8    30   21   37   49  ---- ---- ---- ----
 7 20:56:21 20 3385     2   -4    8    9    33   23   37   47  ---- ---- ---- ----
 8 20:56:41 20 3390     2   -5    9   10    25   17   33   46  ---- ---- ---- ----
 9 20:57:02 20 3386     3   -5   11   11    33   14   38   48  ---- ---- ---- ----
10 20:57:22 20 3381     3   -6   12   13    31   15   39   47  ---- ---- ---- ----
;            Ch1    Ch2    Ch3    Ch4      blue   green  brown
;  alpha:  -0.000 -0.000 -0.000 -0.000     1.171 -0.000 -0.000
; ETRmax:     0.0    0.0    0.0    0.0    1255.3    0.0    0.0
;     Ik:     0.0    0.0    0.0    0.0    1072.4    0.0    0.0
;References: BL_US PMDA0174.REF2 GR_US PMDA0174.REF2 BR_US PMDA0174.REF2

;LTM_09282017_110m


28SEP2017  21:00:07  Gain: 20  Zoff: 169 191 123 120
No   Time    G  PAR    F1   F2   F3   F4   Fm1  Fm2  Fm3  Fm4    Y1   Y2   Y3   Y4
 1 21:00:23 20 3394    59   77   42   46   147  149  107  126  0.60 0.48 0.61 0.63

28SEP2017  21:00:36  Gain: 20  Zoff: 169 191 123 120
No   Time    G  PAR    F1   F2   F3   F4   Fm1  Fm2  Fm3  Fm4    Y1   Y2   Y3   Y4
 1 21:00:36 20 3389    58   74   44   47   138  153  113  130  0.58 0.52 0.61 0.64
 2 21:00:58 20 3383    58   81   46   48   138  151  107  118  0.58 0.46 0.57 0.59
 3 21:01:18 20 3385    58   82   45   49   127  159  112  118  0.54 0.48 0.60 0.58
 4 21:01:38 20 3385    58   85   48   51   112  147   99  114  0.48 0.42 0.52 0.55
 5 21:01:58 20 3381    57   79   45   49   103  135   88  107  0.45 0.41 0.49 0.54
 6 21:02:19 20 3387    58   80   46   50   109  136   90  104  0.47 0.41 0.49 0.52
 7 21:02:39 20 3388    62   82   48   53   110  136   95  108  0.44 0.40 0.49 0.51
 8 21:02:59 20 3389    68   85   53   59   118  141   97  116  0.42 0.40 0.45 0.49
 9 21:03:20 20 3389    69   87   55   61   119  141   99  115  0.42 0.38 0.44 0.47
10 21:03:40 20 3388    75   93   60   67   122  148  106  124  0.39 0.37 0.43 0.46
;            Ch1    Ch2    Ch3    Ch4      blue   green  brown
;  alpha:   0.486  0.419 331117.6  0.572     0.556 -0.000  0.473
; ETRmax:   859.4  807.9 3175.2  922.5     912.0    0.0  849.1
;     Ik:  1766.9 1926.6    0.0 1611.8    1641.1    0.0 1795.9
;References: BL_US PMDA0174.REF2 GR_US PMDA0174.REF2 BR_US PMDA0174.REF2

;LTM_09282017_120m

28SEP2017  21:07:04  Gain: 20  Zoff: 169 191 123 120
No   Time    G  PAR    F1   F2   F3   F4   Fm1  Fm2  Fm3  Fm4    Y1   Y2   Y3   Y4
 1 21:07:19 20 3390    12   24   12   12    59   62   51   66  ---- 0.61 ---- ----

28SEP2017  21:07:27  Gain: 20  Zoff: 169 191 123 120
No   Time    G  PAR    F1   F2   F3   F4   Fm1  Fm2  Fm3  Fm4    Y1   Y2   Y3   Y4
 1 21:07:28 20 3387    16   22   16   17    65   72   59   67  ---- 0.69 ---- ----
 2 21:07:49 20 3393    19   29   15   16    71   77   59   70  ---- 0.62 ---- ----
 3 21:08:09 20 3394    17   29   15   16    59   72   57   64  ---- 0.60 ---- ----
 4 21:08:30 20 3391    17   29   16   17    62   73   55   68  ---- 0.60 ---- ----
 5 21:08:50 20 3391    23   31   18   20    65   73   58   74  0.65 0.58 ---- ----
 6 21:09:10 20 3390    20   29   20   21    52   68   53   61  ---- 0.57 ---- 0.66
 7 21:09:30 20 3385    19   27   20   21    58   67   58   70  ---- 0.60 ---- 0.70
 8 21:09:51 20 3387    25   30   22   24    63   71   55   69  0.60 0.58 0.60 0.65
 9 21:10:11 20 3386    27   29   23   25    62   59   54   66  0.56 0.51 0.57 0.62
10 21:10:31 20 3391    23   25   23   25    52   58   56   66  0.56 0.57 0.59 0.62
;            Ch1    Ch2    Ch3    Ch4      blue   green  brown
;  alpha:   0.663  0.662  0.655  0.695     0.814 -0.000  0.746
; ETRmax:   979.5  978.7  973.2 1518.6    1076.9    0.0 1035.6
;     Ik:  1477.3 1478.7 1485.6 2184.8    1323.4    0.0 1387.9
;References: BL_US PMDA0174.REF2 GR_US PMDA0174.REF2 BR_US PMDA0174.REF2

;LTM_09282017_130m

28SEP2017  21:12:25  Gain: 20  Zoff: 169 191 123 120
No   Time    G  PAR    F1   F2   F3   F4   Fm1  Fm2  Fm3  Fm4    Y1   Y2   Y3   Y4
 1 21:12:35 20 3391    15   17    5    4    47   38   37   46  ---- ---- ---- ----

28SEP2017  21:12:39  Gain: 20  Zoff: 169 191 123 120
No   Time    G  PAR    F1   F2   F3   F4   Fm1  Fm2  Fm3  Fm4    Y1   Y2   Y3   Y4
 1 21:12:39 20 3387    17   16    8    8    48   39   41   48  ---- ---- ---- ----
 2 21:13:01 20 3384    15   15    6    5    46   42   35   40  ---- ---- ---- ----
 3 21:13:21 20 3390    16   16    6    6    47   41   36   46  ---- ---- ---- ----
 4 21:13:41 20 3386    17   16    8    7    43   41   39   46  ---- ---- ---- ----
 5 21:14:01 20 3383    17   16    9    9    45   39   38   49  ---- ---- ---- ----
 6 21:14:22 20 3389    18   14   10   10    44   39   39   46  ---- ---- ---- ----
 7 21:14:42 20 3386    19   15   12   12    42   39   39   52  ---- ---- ---- ----
 8 21:15:02 20 3385    20   13   13   13    48   34   45   51  ---- ---- ---- ----
 9 21:15:23 20 3389    19   12   13   14    46   32   43   49  ---- ---- ---- ----
10 21:15:43 20 3384    19   10   14   15    44   32   43   51  ---- ---- ---- ----
;            Ch1    Ch2    Ch3    Ch4      blue   green  brown
;  alpha:  -0.000 -0.000 -0.000 -0.000     1.080  0.749  0.634
; ETRmax:     0.0    0.0    0.0    0.0    1212.8 1037.1 1438.0
;     Ik:     0.0    0.0    0.0    0.0    1122.4 1384.6 2268.5
;References: BL_US PMDA0174.REF2 GR_US PMDA0174.REF2 BR_US PMDA0174.REF2

;LTM_09282017_140m

28SEP2017  21:18:04  Gain: 20  Zoff: 169 191 123 120
No   Time    G  PAR    F1   F2   F3   F4   Fm1  Fm2  Fm3  Fm4    Y1   Y2   Y3   Y4
 1 21:18:15 20 3390    55   76   33   36   122  134   83   98  0.55 0.43 0.60 0.63

28SEP2017  21:18:19  Gain: 20  Zoff: 169 191 123 120
No   Time    G  PAR    F1   F2   F3   F4   Fm1  Fm2  Fm3  Fm4    Y1   Y2   Y3   Y4
 1 21:18:19 20 3391    58   77   37   40   123  135   89  104  0.53 0.43 0.58 0.62
 2 21:18:41 20 3387    60   80   36   39   124  141   87  106  0.52 0.43 0.59 0.63
 3 21:19:01 20 3388    59   83   36   40   112  136   82   98  0.47 0.39 0.56 0.59
 4 21:19:21 20 3388    58   83   35   40   111  140   79   94  0.48 0.41 0.56 0.57
 5 21:19:41 20 3384    67   90   39   45   125  152   84  105  0.46 0.41 0.54 0.57
 6 21:20:02 20 3387    72   94   43   49   113  144   79  101  0.36 0.35 0.46 0.51
 7 21:20:22 20 3390    65   89   40   46   111  138   77   98  0.41 0.36 0.48 0.53
 8 21:20:42 20 3383    75   96   46   52   123  143   83  102  0.39 0.33 0.45 0.49
 9 21:21:03 20 3384    69   91   44   50    97  132   76   93  0.29 0.31 0.42 0.46
10 21:21:23 20 3384    59   84   41   46   103  133   79   94  0.43 0.37 0.48 0.51
;            Ch1    Ch2    Ch3    Ch4      blue   green  brown
;  alpha:  43629.05  0.359  0.536  0.593     0.655 -0.000 17697.64
; ETRmax:  3457.2  766.1  890.9  935.1     972.9    0.0 63314.9
;     Ik:     0.1 2134.1 1662.9 1577.2    1486.1    0.0    3.6
;References: BL_US PMDA0174.REF2 GR_US PMDA0174.REF2 BR_US PMDA0174.REF2