Gain: 20  Zoff: 161 181 116 115
;LTK_11272017_0m
27NOV2017  13:50:36  Gain: 20  Zoff: 161 181 116 115
No   Time    G  PAR    F1   F2   F3   F4   Fm1  Fm2  Fm3  Fm4    Y1   Y2   Y3   Y4
 1 13:59:28 20 3381   157  208   95  106   235  281  152  183  0.33 0.26 0.38 0.42

27NOV2017  13:59:32  Gain: 20  Zoff: 161 181 116 115
No   Time    G  PAR    F1   F2   F3   F4   Fm1  Fm2  Fm3  Fm4    Y1   Y2   Y3   Y4
 1 13:59:33 20 3392   159  208   99  110   227  270  149  178  0.30 0.23 0.34 0.38
 2 13:59:54 20 3390   153  194   88  101   230  267  147  178  0.33 0.27 0.40 0.43
 3 14:00:14 20 3398   156  200   90  102   229  279  148  179  0.32 0.28 0.39 0.43
 4 14:00:35 20 3386   151  201   89  101   216  276  143  170  0.30 0.27 0.38 0.41
 5 14:00:55 20 3389   151  202   90  103   213  275  140  168  0.29 0.27 0.36 0.39
 6 14:01:15 20 3386   149  201   92  105   212  268  142  169  0.30 0.25 0.35 0.38
 7 14:01:35 20 3385   150  202   93  106   206  270  139  170  0.27 0.25 0.33 0.38
 8 14:01:56 20 3397   150  203   94  106   214  272  144  166  0.30 0.25 0.35 0.36
 9 14:02:16 20 3387   152  205   96  109   198  270  141  166  0.23 0.24 0.32 0.34
10 14:02:36 20 3385   149  201   97  109   194  263  140  166  0.23 0.24 0.31 0.34
;            Ch1    Ch2    Ch3    Ch4      blue   green  brown
;  alpha:   0.261  0.276  0.329  0.367     0.401 -0.000  0.276
; ETRmax:   758.2  381.7  746.0  771.4     797.0    0.0  471.1
;     Ik:  2909.1 1380.5 2266.7 2102.5    1986.1    0.0 1707.7
;References: BL_US PMDA0174.REF2 GR_US PMDA0174.REF2 BR_US PMDA0174.REF2


;LTK_11272017_10m
27NOV2017  14:07:14  Gain: 20  Zoff: 161 181 116 115
No   Time    G  PAR    F1   F2   F3   F4   Fm1  Fm2  Fm3  Fm4    Y1   Y2   Y3   Y4
 1 14:07:33 20 3392   157  181   94  108   258  268  168  202  0.39 0.32 0.44 0.47

27NOV2017  14:07:36  Gain: 20  Zoff: 161 181 116 115
No   Time    G  PAR    F1   F2   F3   F4   Fm1  Fm2  Fm3  Fm4    Y1   Y2   Y3   Y4
 1 14:07:37 20 3390   162  183   98  113   258  269  170  203  0.37 0.32 0.42 0.44
 2 14:07:58 20 3391   153  168   91  107   251  249  156  195  0.39 0.33 0.42 0.45
 3 14:08:18 20 3386   149  170   87  103   253  266  162  203  0.41 0.36 0.46 0.49
 4 14:08:38 20 3392   160  182   95  112   246  269  158  193  0.35 0.32 0.40 0.42
 5 14:08:59 20 3391   153  181   93  109   236  273  160  192  0.35 0.34 0.42 0.43
 6 14:09:19 20 3385   157  185   96  113   228  272  158  189  0.31 0.32 0.39 0.40
 7 14:09:39 20 3393   158  185   99  117   228  260  158  194  0.31 0.29 0.37 0.40
 8 14:10:00 20 3393   154  186   98  115   219  261  149  188  0.30 0.29 0.34 0.39
 9 14:10:20 20 3389   159  190  102  119   225  265  154  188  0.29 0.28 0.34 0.37
10 14:10:40 20 3388   159  188  103  120   213  258  151  180  0.25 0.27 0.32 0.33
;            Ch1    Ch2    Ch3    Ch4      blue   green  brown
;  alpha:  112632.3  0.283  0.372  0.402     0.414 -0.000  0.311
; ETRmax:  4954.9  753.4  774.9  798.7     802.8    0.0  743.3
;     Ik:     0.0 2657.6 2082.6 1987.4    1941.2    0.0 2390.1
;References: BL_US PMDA0174.REF2 GR_US PMDA0174.REF2 BR_US PMDA0174.REF2

;LTK_11272017_20m

27NOV2017  14:14:28  Gain: 20  Zoff: 161 181 116 115
No   Time    G  PAR    F1   F2   F3   F4   Fm1  Fm2  Fm3  Fm4    Y1   Y2   Y3   Y4
 1 14:14:41 20 3388   155  196   90  104   338  400  210  250  0.54 0.51 0.57 0.58

27NOV2017  14:14:45  Gain: 20  Zoff: 161 181 116 115
No   Time    G  PAR    F1   F2   F3   F4   Fm1  Fm2  Fm3  Fm4    Y1   Y2   Y3   Y4
 1 14:14:45 20 3390   165  203   97  112   336  381  209  256  0.51 0.47 0.54 0.56
 2 14:15:07 20 3391   152  186   91  104   340  365  206  248  0.55 0.49 0.56 0.58
 3 14:15:27 20 3393   154  192   92  106   337  392  206  247  0.54 0.51 0.55 0.57
 4 14:15:47 20 3391   160  200   95  110   330  389  202  243  0.52 0.49 0.53 0.55
 5 14:16:07 20 3384   157  200   95  110   312  383  192  231  0.50 0.48 0.51 0.52
 6 14:16:28 20 3388   161  202  100  116   297  367  190  230  0.46 0.45 0.47 0.50
 7 14:16:48 20 3393   167  205  103  120   287  361  185  225  0.42 0.43 0.44 0.47
 8 14:17:08 20 3388   166  206  103  121   283  359  184  222  0.41 0.43 0.44 0.45
 9 14:17:29 20 3377   166  207  105  122   272  349  178  218  0.39 0.41 0.41 0.44
10 14:17:49 20 3388   167  208  105  122   269  345  174  211  0.38 0.40 0.40 0.42
;            Ch1    Ch2    Ch3    Ch4      blue   green  brown
;  alpha:   0.474  0.455  0.498 6241.422     0.438 -0.000  0.496
; ETRmax:   851.5  840.9  865.5 3238.1     822.6    0.0  865.0
;     Ik:  1798.2 1846.7 1738.1    0.5    1876.7    0.0 1743.7
;References: BL_US PMDA0174.REF2 GR_US PMDA0174.REF2 BR_US PMDA0174.REF2

;LTK_11272017_30m

27NOV2017  14:20:42  Gain: 20  Zoff: 161 181 116 115
No   Time    G  PAR    F1   F2   F3   F4   Fm1  Fm2  Fm3  Fm4    Y1   Y2   Y3   Y4
 1 14:21:04 20 3390   158  199   90  106   304  372  190  236  0.48 0.47 0.53 0.55

27NOV2017  14:21:08  Gain: 20  Zoff: 161 181 116 115
No   Time    G  PAR    F1   F2   F3   F4   Fm1  Fm2  Fm3  Fm4    Y1   Y2   Y3   Y4
 1 14:21:08 20 3383   162  202   95  111   292  353  189  230  0.45 0.43 0.50 0.52
 2 14:21:30 20 3387   142  184   85   99   302  355  196  236  0.53 0.48 0.57 0.58
 3 14:21:50 20 3388   151  194   88  103   310  372  198  243  0.51 0.48 0.56 0.58
 4 14:22:10 20 3385   163  203   97  114   301  374  196  238  0.46 0.46 0.51 0.52
 5 14:22:30 20 3380   163  205   98  115   285  364  184  229  0.43 0.44 0.47 0.50
 6 14:22:51 20 3386   165  207  100  117   282  356  185  218  0.41 0.42 0.46 0.46
 7 14:23:11 20 3386   161  206   99  116   264  350  175  212  0.39 0.41 0.43 0.45
 8 14:23:31 20 3391   168  210  103  122   262  342  172  212  0.36 0.39 0.40 0.42
 9 14:23:52 20 3384   168  211  107  126   260  339  175  214  0.35 0.38 0.39 0.41
10 14:24:12 20 3388   170  213  108  126   246  331  169  206  0.31 0.36 0.36 0.39
;            Ch1    Ch2    Ch3    Ch4      blue   green  brown
;  alpha:   0.412  0.416  0.469 42802.93    241774.4 -0.000  0.439
; ETRmax:   802.7  803.0  843.5 3473.6    3039.9    0.0  823.5
;     Ik:  1948.9 1929.5 1796.7    0.1       0.0    0.0 1874.2
;References: BL_US PMDA0174.REF2 GR_US PMDA0174.REF2 BR_US PMDA0174.REF2

;LTK_11272017_40m

27NOV2017  14:27:29  Gain: 20  Zoff: 161 181 116 115
No   Time    G  PAR    F1   F2   F3   F4   Fm1  Fm2  Fm3  Fm4    Y1   Y2   Y3   Y4
 1 14:27:41 20 3389   158  210   91  107   341  418  208  254  0.54 0.50 0.56 0.58

27NOV2017  14:27:45  Gain: 20  Zoff: 161 181 116 115
No   Time    G  PAR    F1   F2   F3   F4   Fm1  Fm2  Fm3  Fm4    Y1   Y2   Y3   Y4
 1 14:27:45 20 3389   167  216   99  115   342  405  218  257  0.51 0.47 0.55 0.55
 2 14:28:07 20 3391   151  200   89  103   352  408  211  258  0.57 0.51 0.58 0.60
 3 14:28:27 20 3392   156  207   90  105   350  413  210  257  0.55 0.50 0.57 0.59
 4 14:28:47 20 3390   164  215   97  112   336  410  202  250  0.51 0.48 0.52 0.55
 5 14:29:08 20 3391   167  217   98  115   323  405  194  244  0.48 0.46 0.49 0.53
 6 14:29:28 20 3388   175  222  104  121   321  408  199  243  0.45 0.46 0.48 0.50
 7 14:29:48 20 3388   181  227  108  127   310  395  195  240  0.42 0.43 0.45 0.47
 8 14:30:08 20 3387   180  225  109  127   295  383  186  227  0.39 0.41 0.41 0.44
 9 14:30:29 20 3387   178  226  108  127   290  373  185  222  0.39 0.39 0.42 0.43
10 14:30:49 20 3383   182  228  111  130   286  370  184  222  0.36 0.38 0.40 0.41
;            Ch1    Ch2    Ch3    Ch4      blue   green  brown
;  alpha:  75123.10  0.448 4361565. 240883.8     0.448 -0.000 111169.3
; ETRmax:  3321.6  831.9 3009.3 3355.2     831.7    0.0 3225.5
;     Ik:     0.0 1854.9    0.0    0.0    1858.5    0.0    0.0
;References: BL_US PMDA0174.REF2 GR_US PMDA0174.REF2 BR_US PMDA0174.REF2

;LTK_11272017_50m

27NOV2017  14:33:15  Gain: 20  Zoff: 161 181 116 115
No   Time    G  PAR    F1   F2   F3   F4   Fm1  Fm2  Fm3  Fm4    Y1   Y2   Y3   Y4
 1 14:33:28 20 3389    50   48   35   45   115  102   84  104  0.57 0.53 0.58 0.57

27NOV2017  14:33:32  Gain: 20  Zoff: 161 181 116 115
No   Time    G  PAR    F1   F2   F3   F4   Fm1  Fm2  Fm3  Fm4    Y1   Y2   Y3   Y4
 1 14:33:33 20 3389    54   48   40   50   113   92   87  103  0.52 0.48 0.54 0.51
 2 14:33:54 20 3391    43   43   33   42   120  103   86  112  0.64 0.58 0.62 0.63
 3 14:34:15 20 3389    51   49   37   46   111  103   83  107  0.54 0.52 0.55 0.57
 4 14:34:35 20 3391    52   48   38   47   103   97   81  102  0.50 0.51 0.53 0.54
 5 14:34:55 20 3391    58   52   42   52   112   99   80  107  0.48 0.47 0.47 0.51
 6 14:35:16 20 3388    54   49   41   50    99   86   74   97  0.45 0.43 0.45 0.48
 7 14:35:36 20 3391    57   49   44   53    88   83   76   98  0.35 0.41 0.42 0.46
 8 14:35:56 20 3382    53   46   43   53    87   85   76   98  0.39 0.46 0.43 0.46
 9 14:36:16 20 3385    58   48   47   57    92   83   81   98  0.37 0.42 0.42 0.42
10 14:36:37 20 3389    60   49   48   59    91   82   76   98  0.34 0.40 0.37 0.40
;            Ch1    Ch2    Ch3    Ch4      blue   green  brown
;  alpha:   0.462  0.475  0.492  0.517     0.494 -0.000  0.519
; ETRmax:   844.7  853.9  865.5  881.6     869.1    0.0  883.6
;     Ik:  1829.0 1796.8 1760.5 1705.7    1760.2    0.0 1701.5
;References: BL_US PMDA0174.REF2 GR_US PMDA0174.REF2 BR_US PMDA0174.REF2

;LTK_11272017_60m

27NOV2017  14:40:04  Gain: 20  Zoff: 161 181 116 115
No   Time    G  PAR    F1   F2   F3   F4   Fm1  Fm2  Fm3  Fm4    Y1   Y2   Y3   Y4
 1 14:40:15 20 3389    83   81   54   65   177  153  124  145  0.53 0.47 0.56 0.55

27NOV2017  14:40:19  Gain: 20  Zoff: 161 181 116 115
No   Time    G  PAR    F1   F2   F3   F4   Fm1  Fm2  Fm3  Fm4    Y1   Y2   Y3   Y4
 1 14:40:19 20 3392    89   82   60   70   175  145  129  156  0.49 0.43 0.53 0.55
 2 14:40:40 20 3389    73   75   50   60   172  153  125  149  0.58 0.51 0.60 0.60
 3 14:41:01 20 3384    85   81   57   67   186  155  126  150  0.54 0.48 0.55 0.55
 4 14:41:21 20 3386    92   85   61   73   168  146  116  145  0.45 0.42 0.47 0.50
 5 14:41:41 20 3391    97   89   65   77   164  140  121  142  0.41 0.36 0.46 0.46
 6 14:42:02 20 3390   106   93   71   85   164  145  116  144  0.35 0.36 0.39 0.41
 7 14:42:22 20 3389   103   90   71   83   156  133  110  135  0.34 0.32 0.35 0.39
 8 14:42:42 20 3388   102   89   71   83   147  131  106  130  0.31 0.32 0.33 0.36
 9 14:43:02 20 3384   102   90   73   86   147  126  106  134  0.31 0.29 0.31 0.36
10 14:43:23 20 3386   104   90   74   86   143  127  109  128  0.27 0.29 0.32 0.33
;            Ch1    Ch2    Ch3    Ch4      blue   green  brown
;  alpha:  63142.97  0.360 605147.0 41524.08    974179.8 -0.000  0.396
; ETRmax:  3086.3  765.4 3260.4 3563.1    3497.8    0.0  795.1
;     Ik:     0.0 2126.5    0.0    0.1       0.0    0.0 2007.8
;References: BL_US PMDA0174.REF2 GR_US PMDA0174.REF2 BR_US PMDA0174.REF2

;LTK_11272017_70m

27NOV2017  14:46:08  Gain: 20  Zoff: 161 181 116 115
No   Time    G  PAR    F1   F2   F3   F4   Fm1  Fm2  Fm3  Fm4    Y1   Y2   Y3   Y4
 1 14:46:43 20 3386    31   27   24   31    80   63   61   85  0.61 0.57 0.61 0.64

27NOV2017  14:46:48  Gain: 20  Zoff: 161 181 116 115
No   Time    G  PAR    F1   F2   F3   F4   Fm1  Fm2  Fm3  Fm4    Y1   Y2   Y3   Y4
 1 14:46:48 20 3389    35   26   28   36    85   60   71   84  0.59 0.57 0.61 0.57
 2 14:47:10 20 3389    30   25   24   31    94   65   70   90  0.68 0.62 0.66 0.66
 3 14:47:30 20 3392    35   29   26   34    83   65   67   89  0.58 0.55 0.61 0.62
 4 14:47:50 20 3387    34   27   27   34    80   57   63   85  0.57 0.53 0.57 0.60
 5 14:48:11 20 3394    37   28   29   37    78   60   64   85  0.53 0.53 0.55 0.56
 6 14:48:31 20 3387    38   27   30   39    75   57   63   82  0.49 0.53 0.52 0.52
 7 14:48:51 20 3389    39   27   32   41    71   54   64   82  0.45 0.50 0.50 0.50
 8 14:49:11 20 3391    42   28   34   43    75   59   64   83  0.44 0.53 0.47 0.48
 9 14:49:32 20 3382    43   29   36   45    76   58   66   81  0.43 0.50 0.45 0.44
10 14:49:52 20 3388    48   32   39   48    79   58   68   87  0.39 0.45 0.43 0.45
;            Ch1    Ch2    Ch3    Ch4      blue   green  brown
;  alpha:   0.543  0.563  0.574  0.580     0.573  0.482  0.646
; ETRmax:   898.5  912.9  922.1  927.8     921.9 1209.7  967.8
;     Ik:  1654.8 1620.5 1607.6 1600.6    1608.8 2509.8 1497.9
;References: BL_US PMDA0174.REF2 GR_US PMDA0174.REF2 BR_US PMDA0174.REF2

;LTK_11272017_80m

27NOV2017  14:52:15  Gain: 20  Zoff: 161 181 116 115
No   Time    G  PAR    F1   F2   F3   F4   Fm1  Fm2  Fm3  Fm4    Y1   Y2   Y3   Y4
 1 14:52:50 20 3386    49   32   32   41   100   73   74   98  0.51 0.56 0.57 0.58

27NOV2017  14:52:57  Gain: 20  Zoff: 161 181 116 115
No   Time    G  PAR    F1   F2   F3   F4   Fm1  Fm2  Fm3  Fm4    Y1   Y2   Y3   Y4
 1 14:52:57 20 3391    53   32   37   46   103   65   80   99  0.49 0.51 0.54 0.54
 2 14:53:18 20 3392    42   26   30   38   107   69   80   98  0.61 0.62 0.63 0.61
 3 14:53:39 20 3391    52   35   33   42   114   79   79  100  0.54 0.56 0.58 0.58
 4 14:53:59 20 3388    56   36   37   46    99   61   72   90  0.43 0.41 0.49 0.49
 5 14:54:19 20 3390    59   36   39   49   102   69   71   93  0.42 0.48 0.45 0.47
 6 14:54:40 20 3391    64   38   43   53   101   68   76   96  0.37 0.44 0.43 0.45
 7 14:55:00 20 3380    60   33   42   52    93   61   73   94  0.35 0.46 0.42 0.45
 8 14:55:20 20 3391    61   35   44   54    98   61   73   97  0.38 0.43 0.40 0.44
 9 14:55:40 20 3388    67   36   48   59    99   63   78  102  0.32 0.43 0.38 0.42
10 14:56:01 20 3382    64   34   48   58    93   57   80   94  0.31 0.40 0.40 0.38
;            Ch1    Ch2    Ch3    Ch4      blue   green  brown
;  alpha:   0.403  0.463  0.461  0.475     0.517  0.412  0.655
; ETRmax:  1071.0 1178.7 1176.3 1197.7    1268.1  802.9 1470.1
;     Ik:  2654.4 2548.2 2549.3 2522.2    2450.9 1947.4 2242.8
;References: BL_US PMDA0174.REF2 GR_US PMDA0174.REF2 BR_US PMDA0174.REF2

;LTK_11272017_90m

27NOV2017  14:58:30  Gain: 20  Zoff: 161 181 116 115
No   Time    G  PAR    F1   F2   F3   F4   Fm1  Fm2  Fm3  Fm4    Y1   Y2   Y3   Y4
 1 14:58:42 20 3384    25   16   19   25    67   43   55   71  0.63 ---- ---- 0.65

27NOV2017  14:58:46  Gain: 20  Zoff: 161 181 116 115
No   Time    G  PAR    F1   F2   F3   F4   Fm1  Fm2  Fm3  Fm4    Y1   Y2   Y3   Y4
 1 14:58:46 20 3389    27   15   23   29    68   47   65   74  0.60 ---- 0.65 0.61
 2 14:59:08 20 3383    21   13   18   23    64   42   55   74  0.67 ---- ---- 0.69
 3 14:59:28 20 3385    24   15   19   25    65   43   54   73  0.63 ---- ---- 0.66
 4 14:59:48 20 3388    27   15   22   28    66   40   52   71  0.59 ---- 0.58 0.61
 5 15:00:09 20 3387    30   16   24   31    62   41   52   69  0.52 ---- 0.54 0.55
 6 15:00:29 20 3385    35   19   27   34    66   45   57   72  0.47 ---- 0.53 0.53
 7 15:00:49 20 3386    32   15   27   34    60   35   57   70  0.47 ---- 0.53 0.51
 8 15:01:09 20 3389    33   15   29   36    62   37   52   74  0.47 ---- 0.44 0.51
 9 15:01:30 20 3387    33   15   30   37    62   37   59   74  0.47 ---- 0.49 0.50
10 15:01:50 20 3390    37   15   33   41    67   35   62   77  0.45 ---- 0.47 0.47
;            Ch1    Ch2    Ch3    Ch4      blue   green  brown
;  alpha:  170674.2 -0.000  0.560 836742.7    772534.8 3703779. -0.000
; ETRmax:  3768.1    0.0  908.8 3593.0    4451.6 3436.7    0.0
;     Ik:     0.0    0.0 1624.1    0.0       0.0    0.0    0.0
;References: BL_US PMDA0174.REF2 GR_US PMDA0174.REF2 BR_US PMDA0174.REF2

;LTK_11272017_100m

27NOV2017  15:04:14  Gain: 20  Zoff: 161 181 116 115
No   Time    G  PAR    F1   F2   F3   F4   Fm1  Fm2  Fm3  Fm4    Y1   Y2   Y3   Y4
 1 15:04:28 20 3375    49   33   31   39    98   68   69   91  0.50 0.51 0.55 0.57

27NOV2017  15:04:35  Gain: 20  Zoff: 161 181 116 115
No   Time    G  PAR    F1   F2   F3   F4   Fm1  Fm2  Fm3  Fm4    Y1   Y2   Y3   Y4
 1 15:04:35 20 3390    53   35   35   44    94   67   71   90  0.44 0.48 0.51 0.51
 2 15:04:56 20 3387    45   34   28   36   100   74   74   92  0.55 0.54 0.62 0.61
 3 15:05:16 20 3393    50   37   31   39    94   71   66   88  0.47 0.48 0.53 0.56
 4 15:05:37 20 3391    53   39   33   42    92   68   66   90  0.42 0.43 0.50 0.53
 5 15:05:57 20 3388    58   41   36   46    91   68   72   89  0.36 0.40 0.50 0.48
 6 15:06:17 20 3387    61   42   39   49    95   65   68   95  0.36 0.35 0.43 0.48
 7 15:06:38 20 3387    62   41   41   50    95   67   70   87  0.35 0.39 0.41 0.43
 8 15:06:58 20 3391    59   37   40   49    84   60   69   83  0.30 0.38 0.42 0.41
 9 15:07:18 20 3389    59   36   41   50    88   61   72   86  0.33 0.41 0.43 0.42
10 15:07:38 20 3379    62   37   44   54    90   59   72   90  0.31 0.37 0.39 0.40
;            Ch1    Ch2    Ch3    Ch4      blue   green  brown
;  alpha:   0.372 39666.31  0.482  0.496     0.591 217979.0  0.441
; ETRmax:   774.9 3047.4  860.7  865.3     932.5 2772.3  826.3
;     Ik:  2082.6    0.1 1785.2 1745.8    1576.8    0.0 1874.9
;References: BL_US PMDA0174.REF2 GR_US PMDA0174.REF2 BR_US PMDA0174.REF2

;LTK_11272017_110m

27NOV2017  15:10:30  Gain: 20  Zoff: 161 181 116 115
No   Time    G  PAR    F1   F2   F3   F4   Fm1  Fm2  Fm3  Fm4    Y1   Y2   Y3   Y4
 1 15:10:31 20 3387    25   32   13   19    58   63   47   66  0.57 0.49 ---- ----
 2 15:10:34 20 3372    26   31   16   21    63   56   50   62  0.59 0.45 ---- 0.66
 3 15:10:52 20 3387    23   28   14   19    58   59   47   63  0.60 0.53 ---- ----
 4 15:11:12 20 3380    23   29   14   18    58   60   48   65  0.60 0.52 ---- ----
 5 15:11:33 20 3382    26   31   16   21    60   63   50   65  0.57 0.51 ---- 0.68
 6 15:11:53 20 3389    27   31   17   23    60   59   46   63  0.55 0.47 ---- 0.63
 7 15:12:13 20 3384    28   31   19   24    59   60   51   66  0.53 0.48 ---- 0.64
 8 15:12:33 20 3389    29   30   21   26    55   59   52   61  0.47 0.49 0.60 0.57
 9 15:12:54 20 3385    29   29   21   27    60   57   52   65  0.52 0.49 0.60 0.58
10 15:13:14 20 3393    30   29   22   28    59   53   48   66  0.49 0.45 0.54 0.58
11 15:13:34 20 3386    30   28   24   30    59   53   52   68  0.49 0.47 0.54 0.56
;            Ch1    Ch2    Ch3    Ch4      blue   green  brown
;  alpha:  99435.12  0.500  0.584  0.697    1027433. -0.000 107952.5
; ETRmax:  4509.5  870.0 1364.1 1003.2    4242.1    0.0 3593.2
;     Ik:     0.0 1738.8 2337.7 1439.9       0.0    0.0    0.0
;References: BL_US PMDA0174.REF2 GR_US PMDA0174.REF2 BR_US PMDA0174.REF2

;LTK_11272017_120m

27NOV2017  15:16:26  Gain: 20  Zoff: 161 181 116 115
No   Time    G  PAR    F1   F2   F3   F4   Fm1  Fm2  Fm3  Fm4    Y1   Y2   Y3   Y4
 1 15:16:38 20 3391     7   10    6   10    33   31   32   50  ---- ---- ---- ----

27NOV2017  15:16:42  Gain: 20  Zoff: 161 181 116 115
No   Time    G  PAR    F1   F2   F3   F4   Fm1  Fm2  Fm3  Fm4    Y1   Y2   Y3   Y4
 1 15:16:43 20 3389     9    9   10   15    36   30   40   55  ---- ---- ---- ----
 2 15:17:04 20 3386     7    9    7   12    33   29   35   51  ---- ---- ---- ----
 3 15:17:24 20 3388     6    9    6   11    33   29   31   44  ---- ---- ---- ----
 4 15:17:45 20 3389     7    8    7   12    31   29   35   50  ---- ---- ---- ----
 5 15:18:05 20 3384     8    8    9   14    34   28   35   51  ---- ---- ---- ----
 6 15:18:25 20 3385     8    8   10   15    34   26   36   49  ---- ---- ---- ----
 7 15:18:45 20 3383     9    7   11   16    34   29   35   49  ---- ---- ---- ----
 8 15:19:06 20 3384    10    6   13   18    34   22   35   51  ---- ---- ---- ----
 9 15:19:26 20 3381    10    5   14   19    35   23   38   58  ---- ---- ---- ----
10 15:19:46 20 3390    12    6   16   21    34   23   41   52  ---- ---- ---- 0.60
;            Ch1    Ch2    Ch3    Ch4      blue   green  brown
;  alpha:  -0.000 -0.000 -0.000  0.669     0.743 1190053.  0.978
; ETRmax:     0.0    0.0    0.0  983.4    1567.7 4268.5 1164.4
;     Ik:     0.0    0.0    0.0 1469.8    2110.8    0.0 1191.0
;References: BL_US PMDA0174.REF2 GR_US PMDA0174.REF2 BR_US PMDA0174.REF2

;LTK_11272017_130m

27NOV2017  15:22:35  Gain: 20  Zoff: 161 181 116 115
No   Time    G  PAR    F1   F2   F3   F4   Fm1  Fm2  Fm3  Fm4    Y1   Y2   Y3   Y4
 1 15:22:46 20 3372    35   37   12   17    62   58   39   53  0.44 0.36 ---- ----

27NOV2017  15:22:50  Gain: 20  Zoff: 161 181 116 115
No   Time    G  PAR    F1   F2   F3   F4   Fm1  Fm2  Fm3  Fm4    Y1   Y2   Y3   Y4
 1 15:22:51 20 3383    37   36   16   21    63   52   47   55  0.41 0.31 ---- 0.62
 2 15:23:12 20 3392    33   34   12   18    60   54   40   51  0.45 0.37 ---- ----
 3 15:23:32 20 3383    33   34   12   17    57   55   43   50  0.42 0.38 ---- ----
 4 15:23:53 20 3383    33   34   14   18    58   54   40   54  0.43 0.37 ---- ----
 5 15:24:13 20 3387    34   34   15   20    59   54   42   54  0.42 0.37 ---- ----
 6 15:24:33 20 3382    34   32   16   21    57   51   46   56  0.40 0.37 ---- 0.63
 7 15:24:54 20 3387    35   32   18   23    61   51   40   56  0.43 0.37 ---- 0.59
 8 15:25:14 20 3387    36   31   19   24    62   51   44   56  0.42 0.39 ---- 0.57
 9 15:25:34 20 3382    36   29   20   25    61   47   41   58  0.41 0.38 ---- 0.57
10 15:25:54 20 3387    36   29   22   27    60   45   45   63  0.40 0.36 0.51 0.57
;            Ch1    Ch2    Ch3    Ch4      blue   green  brown
;  alpha:   0.411  0.347  0.537  0.661    60871536  0.911  0.338
; ETRmax:   802.7  755.9  891.6  976.4    4346.1 1131.3  747.4
;     Ik:  1953.2 2177.2 1661.9 1478.0       0.0 1242.4 2212.5
;References: BL_US PMDA0174.REF2 GR_US PMDA0174.REF2 BR_US PMDA0174.REF2

;LTK_11272017_140m


27NOV2017  15:29:09  Gain: 20  Zoff: 161 181 116 115
No   Time    G  PAR    F1   F2   F3   F4   Fm1  Fm2  Fm3  Fm4    Y1   Y2   Y3   Y4
 1 15:29:21 20 3389   111  145   67   80   210  248  138  173  0.47 0.42 0.51 0.54

27NOV2017  15:29:26  Gain: 20  Zoff: 161 181 116 115
No   Time    G  PAR    F1   F2   F3   F4   Fm1  Fm2  Fm3  Fm4    Y1   Y2   Y3   Y4
 1 15:29:27 20 3382   116  147   73   86   212  246  144  175  0.45 0.40 0.49 0.51
 2 15:29:48 20 3383   109  140   67   80   223  246  142  181  0.51 0.43 0.53 0.56
 3 15:30:08 20 3391   123  150   75   89   231  259  152  187  0.47 0.42 0.51 0.52
 4 15:30:29 20 3380   119  150   73   87   216  253  143  178  0.45 0.41 0.49 0.51
 5 15:30:49 20 3388   124  152   76   91   215  251  145  176  0.42 0.39 0.48 0.48
 6 15:31:09 20 3381   126  152   79   94   212  246  139  173  0.41 0.38 0.43 0.46
 7 15:31:29 20 3387   126  152   79   95   202  236  135  170  0.38 0.36 0.41 0.44
 8 15:31:50 20 3379   125  152   82   97   202  240  138  169  0.38 0.37 0.41 0.43
 9 15:32:10 20 3389   131  156   87  102   203  236  139  169  0.35 0.34 0.37 0.40
10 15:32:30 20 3381   131  156   86  103   198  237  136  173  0.34 0.34 0.37 0.40
;            Ch1    Ch2    Ch3    Ch4      blue   green  brown
;  alpha:   0.406  0.366  0.448  0.479    150235.6 -0.000  0.409
; ETRmax:   799.8  771.8  831.6  852.3    4287.8    0.0  802.1
;     Ik:  1970.3 2105.9 1855.5 1780.8       0.0    0.0 1960.7
;References: BL_US PMDA0174.REF2 GR_US PMDA0174.REF2 BR_US PMDA0174.REF2