
Gain: 20  Zoff: -398 -372 293 -402
;LTK 0m_07112017
11JUL2017  14:30:22  Gain: 20  Zoff: -398 -372 293 -402
No   Time    G  PAR    F1   F2   F3   F4   Fm1  Fm2  Fm3  Fm4    Y1   Y2   Y3   Y4
 1 14:36:54 20    1   125  114   86   97   253  226  171  211  0.51 0.50 0.50 0.54

11JUL2017  14:37:01  Gain: 20  Zoff: -398 -372 293 -402
No   Time    G  PAR    F1   F2   F3   F4   Fm1  Fm2  Fm3  Fm4    Y1   Y2   Y3   Y4
 1 14:37:01 20    1   126  113   87   99   249  219  169  211  0.49 0.48 0.49 0.53
 2 14:37:22 20   16   112  101   78   89   242  194  163  200  0.54 0.48 0.52 0.56
 3 14:37:43 20   64   122  111   85   97   262  233  182  217  0.53 0.52 0.53 0.55
 4 14:38:03 20  128   122  112   86   97   228  220  169  199  0.46 0.49 0.49 0.51
 5 14:38:23 20  192   121  112   85   97   215  205  153  179  0.44 0.45 0.44 0.46
 6 14:38:44 20  256   124  114   87   99   215  213  159  182  0.42 0.46 0.45 0.46
 7 14:39:04 20  320   128  116   93  106   205  214  154  187  0.38 0.46 0.40 0.43
 8 14:39:24 20  384   111  114   79  136   200  199  148  176  0.45 0.43 0.47 0.23
 9 14:39:44 20  448   133  120   98  112   202  203  153  184  0.34 0.41 0.36 0.39
10 14:40:05 20  512   128  118   96  110   197  198  152  177  0.35 0.40 0.37 0.38
11 14:40:25 20  576   128  117   95  108   180  192  135  170  0.29 0.39 0.30 0.36
12 14:40:45 20  640   125  115   93  105   175  183  132  148  0.29 0.37 0.30 0.29
13 14:41:06 20  704   120  114   91  103   172  179  135  161  0.30 0.36 0.33 0.36
14 14:41:26 20  832   128  118   99  112   175  184  138  168  0.27 0.36 0.28 0.33
;            Ch1    Ch2    Ch3    Ch4      blue   green  brown
;  alpha:   1.259  1.179  1.139  1.286     1.220 -0.000  1.204
; ETRmax:   640.7 1290.9  506.8  850.0     802.7    0.0  767.8
;     Ik:   508.8 1095.3  444.8  661.0     658.0    0.0  637.7
;References: BL_US PMDA0174.REF2 GR_US PMDA0174.REF2 BR_US PMDA0174.REF2

;LTK 10m_07112017

11JUL2017  14:43:38  Gain: 20  Zoff: -398 -372 293 -402
No   Time    G  PAR    F1   F2   F3   F4   Fm1  Fm2  Fm3  Fm4    Y1   Y2   Y3   Y4
 1 14:43:38 20   64   140  109   94  110   292  218  187  226  0.52 0.50 0.50 0.51

11JUL2017  14:43:44  Gain: 20  Zoff: -398 -372 293 -402
No   Time    G  PAR    F1   F2   F3   F4   Fm1  Fm2  Fm3  Fm4    Y1   Y2   Y3   Y4
 1 14:43:45 20    1   146  111  100  115   280  217  193  226  0.48 0.49 0.48 0.49
 2 14:44:06 20   16   135  103   91  104   287  206  190  224  0.53 0.50 0.52 0.54
 3 14:44:27 20   64   131  105   89  103   274  219  182  217  0.52 0.52 0.51 0.53
 4 14:44:47 20  128   142  113   97  112   269  229  184  222  0.47 0.51 0.47 0.50
 5 14:45:07 20  192   140  114   97  113   254  220  172  211  0.45 0.48 0.44 0.46
 6 14:45:27 20  256   143  116  101  117   234  215  170  195  0.39 0.46 0.41 0.40
 7 14:45:48 20  320   134  111   95  111   225  206  159  191  0.40 0.46 0.40 0.42
 8 14:46:08 20  384   143  115  102  118   227  205  161  195  0.37 0.44 0.37 0.39
 9 14:46:28 20  448   140  114  101  117   208  194  156  184  0.33 0.41 0.35 0.36
10 14:46:49 20  512   138  113  101  117   213  197  155  183  0.35 0.43 0.35 0.36
11 14:47:09 20  576   142  113  104  119   205  193  151  185  0.31 0.41 0.31 0.36
12 14:47:29 20  640   135  110   99  114   192  185  141  177  0.30 0.41 0.30 0.36
13 14:47:49 20  704   132  109   98  113   187  175  140  166  0.29 0.38 0.30 0.32
14 14:48:10 20  832   133  109  101  116   179  175  141  170  0.26 0.38 0.28 0.32
;            Ch1    Ch2    Ch3    Ch4      blue   green  brown
;  alpha:   1.447  1.196  1.222  1.221     1.106  1.955  1.373
; ETRmax:   646.9 2264.5  900.0  867.5    1242.7  101.8 1710.0
;     Ik:   447.0 1893.7  736.3  710.3    1123.1   52.1 1245.2
;References: BL_US PMDA0174.REF2 GR_US PMDA0174.REF2 BR_US PMDA0174.REF2

;LTK 20m_07112017

11JUL2017  14:50:35  Gain: 20  Zoff: -398 -372 293 -402
No   Time    G  PAR    F1   F2   F3   F4   Fm1  Fm2  Fm3  Fm4    Y1   Y2   Y3   Y4
 1 14:50:47 20    1   157  132  103  117   318  265  206  247  0.51 0.50 0.50 0.53

11JUL2017  14:50:50  Gain: 20  Zoff: -398 -372 293 -402
No   Time    G  PAR    F1   F2   F3   F4   Fm1  Fm2  Fm3  Fm4    Y1   Y2   Y3   Y4
 1 14:50:51 20   64   159  132  104  119   308  259  207  241  0.48 0.49 0.50 0.51
 2 14:51:12 20   16   148  123   99  112   327  251  205  248  0.55 0.51 0.52 0.55
 3 14:51:33 20   64   147  127   96  109   312  258  198  238  0.53 0.51 0.52 0.54
 4 14:51:53 20  128   151  132  100  114   292  269  200  235  0.48 0.51 0.50 0.51
 5 14:52:13 20  192   157  137  107  122   279  258  189  224  0.44 0.47 0.43 0.46
 6 14:52:34 20  256   152  134  104  119   260  249  177  215  0.42 0.46 0.41 0.45
 7 14:52:54 20  320   148  133  102  117   240  238  160  200  0.38 0.44 0.36 0.41
 8 14:53:14 20  384   143  130   99  114   220  235  163  193  0.35 0.45 0.39 0.41
 9 14:53:34 20  448   146  132  104  119   230  232  159  192  0.37 0.43 0.35 0.38
10 14:53:55 20  512   153  135  109  125   224  224  164  196  0.32 0.40 0.34 0.36
11 14:54:15 20  576   150  133  108  123   211  220  156  183  0.29 0.40 0.31 0.33
12 14:54:35 20  640   145  130  106  120   202  211  152  180  0.28 0.38 0.30 0.33
13 14:54:56 20  704   139  127  102  116   192  202  139  172  0.28 0.37 0.27 0.33
14 14:55:16 20    1   133  124   99  113   183  194  143  163  0.27 0.36 0.31 0.31
;            Ch1    Ch2    Ch3    Ch4      blue   green  brown
;  alpha:   0.833  0.929  0.844  0.911     0.677 -0.000  0.886
; ETRmax:   267.7  436.4  322.2  337.2     252.5    0.0  350.3
;     Ik:   321.4  469.9  381.6  370.2     373.1    0.0  395.4
;References: BL_US PMDA0174.REF2 GR_US PMDA0174.REF2 BR_US PMDA0174.REF2

;LTK 30m_07112017

11JUL2017  14:57:33  Gain: 20  Zoff: -398 -372 293 -402
No   Time    G  PAR    F1   F2   F3   F4   Fm1  Fm2  Fm3  Fm4    Y1   Y2   Y3   Y4
 1 14:57:49 20   64   131  179   85   99   297  369  190  233  0.56 0.51 0.55 0.58

11JUL2017  14:57:53  Gain: 20  Zoff: -398 -372 293 -402
No   Time    G  PAR    F1   F2   F3   F4   Fm1  Fm2  Fm3  Fm4    Y1   Y2   Y3   Y4
 1 14:57:53 20   64   134  181   87  102   293  358  187  227  0.54 0.49 0.53 0.55
 2 14:58:15 20   16   119  164   79   91   307  350  189  240  0.61 0.53 0.58 0.62
 3 14:58:35 20   64   127  174   82   95   297  368  183  227  0.57 0.53 0.55 0.58
 4 14:58:56 20  128   128  175   84   97   281  362  178  223  0.54 0.52 0.53 0.57
 5 14:59:16 20  192   131  178   88  103   279  360  181  226  0.53 0.51 0.51 0.54
 6 14:59:36 20  256   137  181   92  104   266  347  177  218  0.48 0.48 0.48 0.52
 7 14:59:56 20  320   136  182   92  107   251  337  164  203  0.46 0.46 0.44 0.47
 8 15:00:17 20  384   134  182   91  110   248  335  163  199  0.46 0.46 0.44 0.45
 9 15:00:37 20  448   139  185   96  112   244  331  166  205  0.43 0.44 0.42 0.45
10 15:00:57 20  512   143  188   99  116   236  323  159  195  0.39 0.42 0.38 0.41
11 15:01:18 20  576   140  187   98  115   225  316  157  194  0.38 0.41 0.38 0.41
12 15:01:38 20  640   139  188   98  115   219  307  154  186  0.37 0.39 0.36 0.38
13 15:01:58 20  704   145  193  103  120   218  312  158  187  0.33 0.38 0.35 0.36
14 15:02:18 20  832   150  198  107  125   215  301  150  189  0.30 0.34 0.29 0.34
;            Ch1    Ch2    Ch3    Ch4      blue   green  brown
;  alpha:   1.341  1.232  1.294  1.428     1.156 -0.000  1.336
; ETRmax:   603.4  830.3  607.9 1028.7     483.2    0.0  753.6
;     Ik:   449.9  673.8  469.7  720.6     417.9    0.0  564.3
;References: BL_US PMDA0174.REF2 GR_US PMDA0174.REF2 BR_US PMDA0174.REF2

;LTK 40m_07112017

11JUL2017  15:04:25  Gain: 20  Zoff: -398 -372 293 -402
No   Time    G  PAR    F1   F2   F3   F4   Fm1  Fm2  Fm3  Fm4    Y1   Y2   Y3   Y4
 1 15:04:36 20   64   116  179   73   85   249  336  155  187  0.53 0.47 0.53 0.55

11JUL2017  15:04:41  Gain: 20  Zoff: -398 -372 293 -402
No   Time    G  PAR    F1   F2   F3   F4   Fm1  Fm2  Fm3  Fm4    Y1   Y2   Y3   Y4
 1 15:04:42 20   64   117  179   74   87   236  330  149  192  0.50 0.46 0.50 0.55
 2 15:05:03 20   16    96  161   64   74   244  322  155  194  0.61 0.50 0.59 0.62
 3 15:05:24 20   64   106  172   68   79   233  335  147  185  0.55 0.49 0.54 0.57
 4 15:05:44 20  128   110  176   70   82   232  338  148  189  0.53 0.48 0.53 0.57
 5 15:06:04 20  192   114  179   73   86   223  322  145  176  0.49 0.44 0.50 0.51
 6 15:06:25 20    1   262  139   37  172   219  326  146  178  ---- 0.57 0.75 ----
 7 15:06:45 20    1   129  182   78  103   220  322  143  183  0.41 0.43 0.45 0.44
 8 15:07:05 20  384   250  176   67  178   219  318  149  185  ---- 0.45 0.55 ----
 9 15:07:25 20  448   139  198   89  107   216  317  146  180  0.36 0.38 0.39 0.41
10 15:07:46 20  512   137  198   90  107   207  310  144  181  0.34 0.36 0.38 0.41
11 15:08:06 20  576   134  196   89  106   203  309  139  171  0.34 0.37 0.36 0.38
12 15:08:26 20  640   131  197   90  105   194  300  140  173  0.32 0.34 0.36 0.39
13 15:08:47 20  704   134  200   92  108   196  300  139  170  0.32 0.33 0.34 0.36
14 15:09:07 20  832   140  205   96  113   194  297  139  168  0.28 0.31 0.31 0.33
;            Ch1    Ch2    Ch3    Ch4      blue   green  brown
;  alpha:   1.092  1.026  1.151  1.153     0.939 -0.000  1.127
; ETRmax:   422.4  398.3  327.9  515.3     389.4    0.0  569.9
;     Ik:   386.7  388.1  284.9  447.0     414.7    0.0  505.6
;References: BL_US PMDA0174.REF2 GR_US PMDA0174.REF2 BR_US PMDA0174.REF2

;LTK 50m_07112017

11JUL2017  15:11:13  Gain: 20  Zoff: -398 -372 293 -402
No   Time    G  PAR    F1   F2   F3   F4   Fm1  Fm2  Fm3  Fm4    Y1   Y2   Y3   Y4
 1 15:11:26 20   64   106  200   70   82   222  321  145  170  0.52 0.38 0.52 0.52

11JUL2017  15:11:32  Gain: 20  Zoff: -398 -372 293 -402
No   Time    G  PAR    F1   F2   F3   F4   Fm1  Fm2  Fm3  Fm4    Y1   Y2   Y3   Y4
 1 15:11:32 20   64   106  141   72   83    97  112  385  251  ---- ---- 0.81 0.67
 2 15:11:54 20   16    93  190   65   76   217  330  144  184  0.57 0.42 0.55 0.59
 3 15:12:14 20    1   100  198   69   80   219  333  146  174  0.54 0.41 0.53 0.54
 4 15:12:34 20  128   109  206   74   87   218  329  141  180  0.50 0.37 0.48 0.52
 5 15:12:55 20  192   113  210   78   91   208  326  137  179  0.46 0.36 0.43 0.49
 6 15:13:15 20  256   118  216   81   96   206  330  143  178  0.43 0.35 0.43 0.46
 7 15:13:35 20  320   123  220   85  100   211  326  140  179  0.42 0.33 0.39 0.44
 8 15:13:56 20  384   126  224   87  103   204  322  133  172  0.38 0.30 0.35 0.40
 9 15:14:16 20  448   127  228   88  105   200  334  139  173  0.36 0.32 0.37 0.39
10 15:14:36 20  512   133  234   93  109   202  321  141  179  0.34 0.27 0.34 0.39
11 15:14:56 20  576   134  237   94  111   198  320  137  168  0.32 0.26 0.31 0.34
12 15:15:17 20  640   135  240   96  112   196  326  141  172  0.31 0.26 0.32 0.35
13 15:15:37 20  704   134  242   96  113   189  324  140  169  0.29 0.25 0.31 0.33
14 15:15:57 20  832   137  247  100  117   185  322  138  164  0.26 0.23 0.28 0.29
;            Ch1    Ch2    Ch3    Ch4      blue   green  brown
;  alpha:   1.242  0.870  1.388  1.501     1.077 -0.000  1.216
; ETRmax:   711.6 1750.3 1065.0  889.0    1552.0    0.0  945.4
;     Ik:   573.0 2012.1  767.4  592.4    1441.2    0.0  777.7
;References: BL_US PMDA0174.REF2 GR_US PMDA0174.REF2 BR_US PMDA0174.REF2

;LTK 60m_07112017

11JUL2017  15:18:20  Gain: 20  Zoff: -398 -372 293 -402
No   Time    G  PAR    F1   F2   F3   F4   Fm1  Fm2  Fm3  Fm4    Y1   Y2   Y3   Y4
 1 15:18:33 20   64    83   74   57   67   158  141  112  132  0.47 0.48 0.49 0.49

11JUL2017  15:18:38  Gain: 20  Zoff: -398 -372 293 -402
No   Time    G  PAR    F1   F2   F3   F4   Fm1  Fm2  Fm3  Fm4    Y1   Y2   Y3   Y4
 1 15:18:39 20   64    85   75   60   69   155  141  109  136  0.45 0.47 0.45 0.49
 2 15:19:00 20   16    72   68   51   59   168  149  120  149  0.57 0.54 0.57 0.60
 3 15:19:21 20   64    84   75   58   68   159  144  113  131  0.47 0.48 0.49 0.48
 4 15:19:41 20  128    87   75   61   70   151  130  104  124  0.42 0.42 0.41 0.44
 5 15:20:01 20  192    92   79   65   75   150  136  103  134  0.39 0.42 0.37 0.44
 6 15:20:22 20  256    96   81   68   79   146  131  104  133  0.34 0.38 0.35 0.41
 7 15:20:42 20  320    99   82   71   81   145  134  108  132  0.32 0.39 0.34 0.39
 8 15:21:02 20  384   100   82   73   83   139  122  103  123  0.28 0.33 0.29 0.33
 9 15:21:22 20  448    99   81   73   84   143  123  108  129  0.31 0.34 0.32 0.35
10 15:21:43 20  512   102   70   75   72   147  127  105  128  0.31 0.45 0.29 0.44
11 15:22:03 20  576   103   82   76   87   137  121  108  126  0.25 0.32 0.30 0.31
12 15:22:23 20  640   105   83   79   90   146  124  114  135  0.28 0.33 0.31 0.33
13 15:22:43 20  704   108   84   81   92   143  123  108  128  0.24 0.32 0.25 0.28
14 15:23:04 20  832   111   85   83   95   143  123  112  124  0.22 0.31 0.26 0.23
;            Ch1    Ch2    Ch3    Ch4      blue   green  brown
;  alpha:   1.131  1.058  1.275  1.080     0.937 -0.000  1.057
; ETRmax:   728.7 1604.5  593.6  522.9     866.2    0.0 4080.6
;     Ik:   644.3 1515.9  465.7  484.3     924.1    0.0 3862.2
;References: BL_US PMDA0174.REF2 GR_US PMDA0174.REF2 BR_US PMDA0174.REF2

;LTK 70m_07112017

11JUL2017  15:26:03  Gain: 20  Zoff: -398 -372 293 -402
No   Time    G  PAR    F1   F2   F3   F4   Fm1  Fm2  Fm3  Fm4    Y1   Y2   Y3   Y4
 1 15:26:15 20   64   126   96   82   95   217  163  143  175  0.42 0.41 0.43 0.46

11JUL2017  15:26:21  Gain: 20  Zoff: -398 -372 293 -402
No   Time    G  PAR    F1   F2   F3   F4   Fm1  Fm2  Fm3  Fm4    Y1   Y2   Y3   Y4
 1 15:26:21 20   64   128   96   85   98   221  165  149  180  0.42 0.42 0.43 0.46
 2 15:26:43 20   16   110   87   73   84   250  176  161  196  0.56 0.51 0.55 0.57
 3 15:27:03 20   64   132   99   86  100   231  170  156  182  0.43 0.42 0.45 0.45
 4 15:27:23 20  128   137  101   90  105   208  164  147  175  0.34 0.38 0.39 0.40
 5 15:27:44 20  192   140  104   92  111   206  157  133  165  0.32 0.34 0.31 0.33
 6 15:28:04 20  256   146  106   98  114   207  155  141  166  0.29 0.32 0.30 0.31
 7 15:28:24 20  320   149  106  101  116   199  151  140  162  0.25 0.30 0.28 0.28
 8 15:28:45 20  384   150  107  102  118   195  154  147  164  0.23 0.31 0.31 0.28
 9 15:29:05 20  448   154  108  105  121   200  151  142  165  0.23 0.28 0.26 0.27
10 15:29:25 20  512   157  110  108  123   191  148  137  163  0.18 0.26 0.21 0.25
11 15:29:45 20  576   156  111  107  123   195  149  137  162  0.20 0.26 0.22 0.24
12 15:30:06 20  640   160  113  110  126   194  146  148  165  0.18 0.23 0.26 0.24
13 15:30:26 20  704   162  114  112  128   195  149  138  165  0.17 0.23 0.19 0.22
14 15:30:46 20  832   162  112  114  130   199  143  146  167  0.19 0.22 0.22 0.22
;            Ch1    Ch2    Ch3    Ch4      blue   green  brown
;  alpha:   1.085  0.991  1.072  1.068     0.423  2.228  0.691
; ETRmax:   410.6  538.4  562.5  615.6     155.7  156.5  279.9
;     Ik:   378.3  543.1  524.8  576.1     368.2   70.2  404.8
;References: BL_US PMDA0174.REF2 GR_US PMDA0174.REF2 BR_US PMDA0174.REF2

;LTK 80m_07112017

11JUL2017  15:33:08  Gain: 20  Zoff: -398 -372 293 -402
No   Time    G  PAR    F1   F2   F3   F4   Fm1  Fm2  Fm3  Fm4    Y1   Y2   Y3   Y4
 1 15:33:19 20   64    77   52   51   61   133   95   96  115  0.42 0.45 0.47 0.47

11JUL2017  15:33:25  Gain: 20  Zoff: -398 -372 293 -402
No   Time    G  PAR    F1   F2   F3   F4   Fm1  Fm2  Fm3  Fm4    Y1   Y2   Y3   Y4
 1 15:33:25 20   64    81   53   54   64   135   93   94  112  0.40 0.43 0.43 0.43
 2 15:33:47 20   16    58   41   41   49   127   92   92  113  0.54 0.55 0.55 0.57
 3 15:34:07 20   64    72   48   50   59   130   90   91  110  0.45 0.47 0.45 0.46
 4 15:34:28 20  128    79   52   54   64   123   81   87  107  0.36 0.36 0.38 0.40
 5 15:34:48 20  192    79   51   55   64   111   82   84  107  0.29 0.38 0.35 0.40
 6 15:35:08 20  256    85   54   59   69   119   91   91  108  0.29 0.41 0.35 0.36
 7 15:35:28 20  320    86   53   60   71   117   80   85  105  0.26 0.34 0.29 0.32
 8 15:35:49 20  384    87   52   62   72   119   79   85  110  0.27 0.34 0.27 0.35
 9 15:36:09 20  448    88   51   64   74   112   81   89  108  0.21 0.37 0.28 0.31
10 15:36:29 20  512    89   52   65   76   119   83   92  109  0.25 0.37 0.29 0.30
11 15:36:50 20  576    93   54   68   79   119   77   94  110  0.22 0.30 0.28 0.28
12 15:37:10 20  640    95   54   70   81   119   73  100  109  0.20 0.26 0.30 0.26
13 15:37:30 20  704    96   54   72   84   120   79   92  115  0.20 0.32 0.22 0.27
14 15:37:50 20  832    99   53   74   86   121   74   98  113  0.18 0.28 0.24 0.24
;            Ch1    Ch2    Ch3    Ch4      blue   green  brown
;  alpha:   1.047  1.001  1.003  1.094     0.868  1.387  1.021
; ETRmax:   495.4  960.9  555.4  872.9     421.7  268.0 1866.6
;     Ik:   473.3  960.3  554.1  798.0     485.9  193.2 1828.1
;References: BL_US PMDA0174.REF2 GR_US PMDA0174.REF2 BR_US PMDA0174.REF2

;LTK 90m_07112017

11JUL2017  15:40:01  Gain: 20  Zoff: -398 -372 293 -402
No   Time    G  PAR    F1   F2   F3   F4   Fm1  Fm2  Fm3  Fm4    Y1   Y2   Y3   Y4
 1 15:40:12 20   64    48   34   34   42    87   66   67   89  0.45 0.48 0.49 0.53

11JUL2017  15:40:18  Gain: 20  Zoff: -398 -372 293 -402
No   Time    G  PAR    F1   F2   F3   F4   Fm1  Fm2  Fm3  Fm4    Y1   Y2   Y3   Y4
 1 15:40:18 20   64    49   33   36   43    92   65   76   91  0.47 0.49 0.53 0.53
 2 15:40:40 20   16    40   30   30   37   106   73   74   92  0.62 0.59 0.59 0.60
 3 15:41:00 20   64    46   33   34   41    86   67   63   83  0.47 0.51 0.46 0.51
 4 15:41:20 20  128    48   34   36   43    84   66   64   84  0.43 0.48 0.44 0.49
 5 15:41:41 20  192    54   36   40   48    91   62   67   84  0.41 0.42 0.40 0.43
 6 15:42:01 20  256    57   36   43   51    83   67   68   81  0.31 0.46 0.37 0.37
 7 15:42:21 20  320    57   36   44   53    87   62   68   83  0.34 0.42 0.35 0.36
 8 15:42:41 20  384    60   36   46   55    90   61   70   84  0.33 0.41 0.34 0.35
 9 15:43:02 20  448    60   35   47   56    86   62   68   93  0.30 0.44 0.31 0.40
10 15:43:22 20  512    59   34   48   57    84   59   71   88  0.30 0.42 0.32 0.35
11 15:43:42 20  187    61   34   49   58    87   52   68   88  0.30 0.35 0.28 0.34
12 15:44:03 20  640    63   35   52   61    86   59   70   85  0.27 0.41 0.26 0.28
13 15:44:23 20  704    64   35   53   62    87   54   76   95  0.26 0.35 0.30 0.35
14 15:44:43 20  832    65   33   55   64    88   56   76   86  0.26 0.41 0.28 0.26
;            Ch1    Ch2    Ch3    Ch4      blue   green  brown
;  alpha:   1.094  1.119  1.098  1.188     1.202  0.816  1.013
; ETRmax:   885.9 2558.6  982.7 1043.4     639.9 2660.8 760518.4
;     Ik:   809.6 2286.2  894.6  878.6     532.5 3260.8 750429.4
;References: BL_US PMDA0174.REF2 GR_US PMDA0174.REF2 BR_US PMDA0174.REF2

;LTK 100m_07112017

11JUL2017  15:47:13  Gain: 20  Zoff: -398 -372 293 -402
No   Time    G  PAR    F1   F2   F3   F4   Fm1  Fm2  Fm3  Fm4    Y1   Y2   Y3   Y4
 1 15:47:25 20   64    11   15   11   14    40   48   37   55  ---- ---- ---- ----

11JUL2017  15:47:31  Gain: 20  Zoff: -398 -372 293 -402
No   Time    G  PAR    F1   F2   F3   F4   Fm1  Fm2  Fm3  Fm4    Y1   Y2   Y3   Y4
 1 15:47:32 20   64    12   15   13   16    39   48   41   58  ---- ---- ---- ----
 2 15:47:54 20   16    10   14   11   14    47   48   40   51  ---- ---- ---- ----
 3 15:48:14 20   64    12   15   12   16    44   43   37   51  ---- ---- ---- ----
 4 15:48:34 20  128    13   15   13   17    41   41   42   47  ---- ---- ---- ----
 5 15:48:54 20  192    11   14   12   15    45   53   39   50  ---- ---- ---- ----
 6 15:49:15 20  256    15   15   16   20    43   43   38   56  ---- ---- ---- ----
 7 15:49:35 20  320    17   15   19   22    39   42   42   51  ---- ---- ---- 0.57
 8 15:49:55 20  384    18   14   20   24    40   41   48   57  ---- ---- ---- 0.58
 9 15:50:16 20  448    16   13   20   24    39   32   45   54  ---- ---- ---- 0.56
10 15:50:36 20  512    17   12   21   25    40   37   43   54  ---- ---- 0.51 0.54
11 15:50:56 20  576    19   13   23   28    44   38   46   56  ---- ---- 0.50 0.50
12 15:51:16 20  640    21   14   25   29    39   39   48   61  0.46 ---- 0.48 0.52
13 15:51:37 20  704    22   13   26   31    43   34   48   59  0.49 ---- 0.46 0.47
14 15:51:57 20  832    23   12   28   34    44   34   52   57  0.48 ---- 0.46 0.40
;            Ch1    Ch2    Ch3    Ch4      blue   green  brown
;  alpha:   0.983 -0.000  1.357  1.277     1.450  1.805  1.628
; ETRmax:  6667.8    0.0 1448.3  619.9     707.7 2605.2 6650557.
;     Ik:  6784.3    0.0 1067.1  485.5     488.2 1442.9 4084848.
;References: BL_US PMDA0174.REF2 GR_US PMDA0174.REF2 BR_US PMDA0174.REF2

;LTK 110m_07112017

11JUL2017  15:54:09  Gain: 20  Zoff: -398 -372 293 -402
No   Time    G  PAR    F1   F2   F3   F4   Fm1  Fm2  Fm3  Fm4    Y1   Y2   Y3   Y4
 1 15:54:20 20   64    14   18   11   15    43   49   36   53  ---- ---- ---- ----

11JUL2017  15:54:27  Gain: 20  Zoff: -398 -372 293 -402
No   Time    G  PAR    F1   F2   F3   F4   Fm1  Fm2  Fm3  Fm4    Y1   Y2   Y3   Y4
 1 15:54:27 20   64    14   18   13   17    46   45   39   52  ---- ---- ---- ----
 2 15:54:49 20   16    12   18   11   14    45   47   44   54  ---- ---- ---- ----
 3 15:55:09 20   64    15   19   13   17    43   44   41   56  ---- ---- ---- ----
 4 15:55:29 20  128    17   19   14   18    47   43   41   50  ---- ---- ---- ----
 5 15:55:50 20  192    16   18   15   19    42   47   42   49  ---- ---- ---- ----
 6 15:56:10 20  256    17   17   16   20    45   43   36   54  ---- ---- ---- ----
 7 15:56:30 20  320    18   17   18   22    44   37   42   53  ---- ---- ---- 0.58
 8 15:56:51 20  384    17   16   18   23    42   38   43   55  ---- ---- ---- 0.58
 9 15:57:11 20  448    18   15   20   24    39   38   44   54  ---- ---- ---- 0.56
10 15:57:31 20    1    19   15   21   26    38   43   44   53  ---- ---- 0.52 0.51
11 15:57:51 20 3294    20   15   22   27    43   34   44   54  ---- ---- 0.50 0.50
12 15:58:12 20  640    22   15   24   30    45   32   44   61  0.51 ---- 0.45 0.51
13 15:58:32 20  704    23   14   26   31    46   33   45   62  0.50 ---- 0.42 0.50
14 15:58:52 20  832    22   12   27   32    41   27   44   62  0.46 ---- 0.39 0.48
;            Ch1    Ch2    Ch3    Ch4      blue   green  brown
;  alpha:   1.414 -0.000  1.858  1.540     1.556  0.954  1.275
; ETRmax:  1054.6    0.0  725.6 2796.9     729.7 3410.6 6211176.
;     Ik:   746.0    0.0  390.5 1816.0     469.1 3575.6 4872324.
;References: BL_US PMDA0174.REF2 GR_US PMDA0174.REF2 BR_US PMDA0174.REF2

;LTK 120m_07112017

11JUL2017  16:01:15  Gain: 20  Zoff: -398 -372 293 -402
No   Time    G  PAR    F1   F2   F3   F4   Fm1  Fm2  Fm3  Fm4    Y1   Y2   Y3   Y4
 1 16:01:25 20   64    21   25   20   29    55   59   45   61  0.62 0.58 ---- 0.52

11JUL2017  16:01:29  Gain: 20  Zoff: -398 -372 293 -402
No   Time    G  PAR    F1   F2   F3   F4   Fm1  Fm2  Fm3  Fm4    Y1   Y2   Y3   Y4
 1 16:01:30 20   64    22   25   22   30    54   58   52   70  0.59 0.57 0.58 0.57
 2 16:01:52 20   16    21   24   21   29    55   59   49   62  0.62 0.59 0.57 0.53
 3 16:02:12 20   64    22   26   21   30    52   65   51   67  0.58 0.60 0.59 0.55
 4 16:02:32 20  128    23   26   23   31    53   59   51   67  0.57 0.56 0.55 0.54
 5 16:02:52 20  192    23   26   24   32    62   54   52   67  0.63 0.52 0.54 0.52
 6 16:03:13 20  256    23   25   25   33    57   56   50   67  0.60 0.55 0.50 0.51
 7 16:03:33 20  320    23   25   25   34    52   54   50   69  0.56 0.54 0.50 0.51
 8 16:03:53 20  384    25   24   27   35    52   55   51   67  0.52 0.56 0.47 0.48
 9 16:04:13 20  448    26   24   28   37    55   51   52   71  0.53 0.53 0.46 0.48
10 16:04:34 20  512    27   24   30   39    52   48   55   68  0.48 0.50 0.45 0.43
11 16:04:54 20  576    28   24   31   40    56   50   54   72  0.50 0.52 0.43 0.44
12 16:05:14 20  640    29   24   33   42    55   51   56   80  0.47 0.53 0.41 0.47
13 16:05:35 20  704    30   24   34   43    55   51   52   72  0.45 0.53 0.35 0.40
14 16:05:55 20  832    32   23   37   46    55   44   62   72  0.42 0.48 0.40 0.36
;            Ch1    Ch2    Ch3    Ch4      blue   green  brown
;  alpha:   1.410  1.269  1.364  1.279     1.236  2.034  1.223
; ETRmax:  1206.8 4156.4 1284.5  876.7    1695.2  843.5 4334043.
;     Ik:   856.0 3275.9  942.1  685.7    1371.4  414.7 3542494.
;References: BL_US PMDA0174.REF2 GR_US PMDA0174.REF2 BR_US PMDA0174.REF2

;LTK 130m_07112017

11JUL2017  16:10:15  Gain: 20  Zoff: -398 -372 293 -402
No   Time    G  PAR    F1   F2   F3   F4   Fm1  Fm2  Fm3  Fm4    Y1   Y2   Y3   Y4
 1 16:10:26 20   64     0    2    9   14    28   27   33   49  ---- ---- ---- ----

11JUL2017  16:10:29  Gain: 20  Zoff: -398 -372 293 -402
No   Time    G  PAR    F1   F2   F3   F4   Fm1  Fm2  Fm3  Fm4    Y1   Y2   Y3   Y4
 1 16:10:29 20   64     1    2   10   15    23   23   36   54  ---- ---- ---- ----
 2 16:10:51 20   16     0    2   10   15    26   27   34   47  ---- ---- ---- ----
 3 16:11:11 20   64     1    2   10   15    23   27   32   51  ---- ---- ---- ----
 4 16:11:32 20  128     1    2   11   16    28   22   28   44  ---- ---- ---- ----
 5 16:11:52 20  192     2    2   12   18    29   27   36   47  ---- ---- ---- ----
 6 16:12:12 20  256     3    1   13   19    29   25   34   50  ---- ---- ---- ----
 7 16:12:32 20    1     4    1   14   20    25   24   35   49  ---- ---- ---- ----
 8 16:12:53 20  384     5    0   16   21    27   26   38   53  ---- ---- ---- 0.60
 9 16:13:13 20  448     5   -1   16   22    29   19   36   53  ---- ---- ---- 0.58
10 16:13:33 20  512     6   -1   18   24    31   24   42   49  ---- ---- ---- 0.51
11 16:13:54 20  576     6   -2   19   25    22   19   36   51  ---- ---- ---- 0.51
12 16:14:14 20  640     7   -2   20   26    31   19   36   51  ---- ---- ---- 0.49
13 16:14:34 20  704     8   -2   22   27    30   17   43   52  ---- ---- 0.49 0.48
14 16:14:54 20  832     9   -3   24   30    31   17   44   57  ---- ---- 0.45 0.47
;            Ch1    Ch2    Ch3    Ch4      blue   green  brown
;  alpha:  -0.000 -0.000  1.456  1.763     1.694  2.148 -0.000
; ETRmax:     0.0    0.0 1026.6 1191.4     436.8 6589.7    0.0
;     Ik:     0.0    0.0  705.3  675.7     257.9 3067.8    0.0
;References: BL_US PMDA0174.REF2 GR_US PMDA0174.REF2 BR_US PMDA0174.REF2

;LTK 140m_07112017

11JUL2017  16:19:04  Gain: 20  Zoff: -398 -372 293 -402
No   Time    G  PAR    F1   F2   F3   F4   Fm1  Fm2  Fm3  Fm4    Y1   Y2   Y3   Y4
 1 16:19:15 20   64   157  155   63   75   196  182   91  112  0.20 0.15 0.31 0.33

11JUL2017  16:19:21  Gain: 20  Zoff: -398 -372 293 -402
No   Time    G  PAR    F1   F2   F3   F4   Fm1  Fm2  Fm3  Fm4    Y1   Y2   Y3   Y4
 1 16:19:22 20   64   156  152   65   76   189  179   93  114  0.17 0.15 0.30 0.33
 2 16:19:43 20   16   149  148   62   72   188  177   95  108  0.21 0.16 0.35 0.33
 3 16:20:04 20   64   148  147   61   72   183  182   95  115  0.19 0.19 0.36 0.37
 4 16:20:24 20  128   147  145   62   72   183  179   92  109  0.20 0.19 0.33 0.34
 5 16:20:44 20  192   145  142   63   73   175  171   92  109  0.17 0.17 0.32 0.33
 6 16:21:04 20  256   142  137   62   72   169  163   88  107  0.16 0.16 0.30 0.33
 7 16:21:25 20  320   140  134   62   73   172  162   92  109  0.19 0.17 0.33 0.33
 8 16:21:45 20  384   140  133   63   74   167  157   94  111  0.16 0.15 0.33 0.33
 9 16:22:05 20  448   138  129   64   74   169  154   89  107  0.18 0.16 0.28 0.31
10 16:22:26 20  512   136  126   64   75   163  155   87  108  0.17 0.19 0.26 0.31
11 16:22:46 20  576   134  123   65   75   162  146   95  111  0.17 0.16 0.32 0.32
12 16:23:06 20  640   132  119   65   76   158  148   90  111  0.16 0.20 0.28 0.32
13 16:23:26 20  704   131  116   65   76   159  147   91  107  0.18 0.21 0.29 0.29
14 16:23:47 20  832   130  113   67   78   157  134   94  110  0.17 0.16 0.29 0.29
;            Ch1    Ch2    Ch3    Ch4      blue   green  brown
;  alpha:   0.405  0.379  0.744  0.765     1.247 -0.000  0.363
; ETRmax:   828.6 3158.6 3300.3  861.0     820.6    0.0 1338.1
;     Ik:  2046.7 8332.0 4438.4 1125.5     657.9    0.0 3684.7
;References: BL_US PMDA0174.REF2 GR_US PMDA0174.REF2 BR_US PMDA0174.REF2