;LTM 0m_05262016
26MAY2016  20:28:02  Gain: 21  Zoff: 189 228 174 164
No   Time    G  PAR    F1   F2   F3   F4   Fm1  Fm2  Fm3  Fm4    Y1   Y2   Y3   Y4
 1 20:33:21 21   64   110  158   86   99   197  276  165  203  0.44 0.43 0.48 0.51

26MAY2016  20:33:36  Gain: 21  Zoff: 189 228 174 164
No   Time    G  PAR    F1   F2   F3   F4   Fm1  Fm2  Fm3  Fm4    Y1   Y2   Y3   Y4
 1 20:33:37 21   64   104  155   83   95   200  273  159  194  0.48 0.43 0.48 0.51
 2 20:33:58 21   16   102  147   80   91   207  259  165  202  0.51 0.43 0.52 0.55
 3 20:34:18 21   64   110  159   87   99   220  290  166  202  0.50 0.45 0.48 0.51
 4 20:34:39 21  128   102  157   84   95   181  275  151  185  0.44 0.43 0.44 0.49
 5 20:34:59 21  192   100  159   85   97   176  284  156  186  0.43 0.44 0.46 0.48
 6 20:35:19 21  256   104  161   90  102   170  275  144  182  0.39 0.41 0.38 0.44
 7 20:35:40 21  320    99  158   88  100   155  260  145  175  0.36 0.39 0.39 0.43
 8 20:36:00 21  384    98  160   89  100   160  272  143  170  0.39 0.41 0.38 0.41
 9 20:36:20 21  448   103  163   92  104   163  270  146  174  0.37 0.40 0.37 0.40
10 20:36:40 21  512   104  164   94  106   152  262  136  171  0.32 0.37 0.31 0.38
11 20:37:01 21  576   105  165   96  108   151  261  146  168  0.30 0.37 0.34 0.36
12 20:37:21 21  640   106  166   99  110   154  258  150  176  0.31 0.36 0.34 0.38
13 20:37:41 21  704   107  167  101  113   155  257  148  169  0.31 0.35 0.32 0.33
14 20:38:01 21  832   112  169  105  119   157  253  156  188  0.29 0.33 0.33 0.37
;            Ch1    Ch2    Ch3    Ch4      blue   green  brown
;  alpha:   1.320  1.014  1.101  1.180     1.025 -0.000  1.093
; ETRmax:   732.0  842.8 1441.5  905.5    1334.4    0.0  855.4
;     Ik:   554.5  831.1 1309.3  767.4    1302.0    0.0  782.4
;References: BL_US PMDA0174.REF2 GR_US PMDA0174.REF2 BR_US PMDA0174.REF2

;LTM 20m_05262016

26MAY2016  20:41:37  Gain: 21  Zoff: 189 228 174 164
No   Time    G  PAR    F1   F2   F3   F4   Fm1  Fm2  Fm3  Fm4    Y1   Y2   Y3   Y4
 1 20:41:50 21   64   137  176   98  115   275  325  197  235  0.50 0.46 0.50 0.51

26MAY2016  20:41:55  Gain: 21  Zoff: 189 228 174 164
No   Time    G  PAR    F1   F2   F3   F4   Fm1  Fm2  Fm3  Fm4    Y1   Y2   Y3   Y4
 1 20:41:56 21   64   139  177  100  116   262  315  186  229  0.47 0.44 0.46 0.49
 2 20:42:17 21   16   136  169   97  113   280  295  200  247  0.51 0.43 0.52 0.54
 3 20:42:38 21   64   136  176   99  114   263  322  195  241  0.48 0.45 0.49 0.53
 4 20:42:58 21  128   138  182  102  119   241  317  195  236  0.43 0.43 0.48 0.50
 5 20:43:18 21  192   130  180  100  116   218  314  168  219  0.40 0.43 0.40 0.47
 6 20:43:39 21  256   135  184  105  120   219  310  182  213  0.38 0.41 0.42 0.44
 7 20:43:59 21  320   136  185  106  122   211  311  175  208  0.36 0.41 0.39 0.41
 8 20:44:19 21  384   137  188  109  125   206  311  170  211  0.33 0.40 0.36 0.41
 9 20:44:39 21  448   134  187  109  125   200  300  165  208  0.33 0.38 0.34 0.40
10 20:45:00 21  512   132  186  109  125   196  288  166  197  0.33 0.35 0.34 0.37
11 20:45:20 21  576   136  188  113  128   192  284  155  208  0.29 0.34 0.27 0.38
12 20:45:40 21  640   131  186  110  126   193  288  160  192  0.32 0.35 0.31 0.34
13 20:46:00 21  704   132  188  114  129   189  278  163  197  0.30 0.32 0.30 0.35
14 20:46:21 21  832   134  191  118  134   181  281  161  201  0.26 0.32 0.27 0.33
;            Ch1    Ch2    Ch3    Ch4      blue   green  brown
;  alpha:   1.098  1.016  1.332  1.226     1.241 -0.000  1.102
; ETRmax:   661.7  765.9  732.0 1445.7     811.2    0.0  868.4
;     Ik:   602.5  753.7  549.7 1178.8     653.5    0.0  788.1
;References: BL_US PMDA0174.REF2 GR_US PMDA0174.REF2 BR_US PMDA0174.REF2

;LTM 40m_05262016

26MAY2016  20:49:35  Gain: 21  Zoff: 189 228 174 164
No   Time    G  PAR    F1   F2   F3   F4   Fm1  Fm2  Fm3  Fm4    Y1   Y2   Y3   Y4
 1 20:49:50 21   64   163  290  103  122   315  499  203  258  0.48 0.42 0.49 0.53

26MAY2016  20:50:09  Gain: 21  Zoff: 189 228 174 164
No   Time    G  PAR    F1   F2   F3   F4   Fm1  Fm2  Fm3  Fm4    Y1   Y2   Y3   Y4
 1 20:50:09 21   64   148  280   97  114   300  496  200  248  0.51 0.44 0.52 0.54
 2 20:50:31 21   16   141  268   95  111   338  502  214  283  0.58 0.47 0.56 0.61
 3 20:50:51 21   64   160  288  106  124   343  527  224  288  0.53 0.45 0.53 0.57
 4 20:51:11 21  128   168  295  111  131   325  521  216  270  0.48 0.43 0.49 0.51
 5 20:51:31 21  192   163  293  109  128   300  500  202  254  0.46 0.41 0.46 0.50
 6 20:51:52 21  256   164  298  111  131   287  483  190  245  0.43 0.38 0.42 0.47
 7 20:52:12 21  320   166  300  114  135   283  482  195  253  0.41 0.38 0.42 0.47
 8 20:52:32 21  384   173  304  119  141   275  477  190  234  0.37 0.36 0.37 0.40
 9 20:52:52 21  448   169  306  118  140   261  478  191  234  0.35 0.36 0.38 0.40
10 20:53:13 21  512   174  310  123  144   258  461  196  238  0.33 0.33 0.37 0.39
11 20:53:33 21  576   172  312  122  143   252  466  184  233  0.32 0.33 0.34 0.39
12 20:53:53 21  640   177  320  125  147   258  469  183  238  0.31 0.32 0.32 0.38
13 20:54:14 21  704   190  333  131  155   261  476  189  240  0.27 0.30 0.31 0.35
14 20:54:34 21  832   191  334  135  159   259  460  186  234  0.26 0.27 0.27 0.32
;            Ch1    Ch2    Ch3    Ch4      blue   green  brown
;  alpha:   1.290  1.065  1.257  1.327     1.158 -0.000  1.209
; ETRmax:   576.3  778.4  774.7 1360.6     987.7    0.0  786.4
;     Ik:   446.7  730.6  616.3 1025.5     853.2    0.0  650.7
;References: BL_US PMDA0174.REF2 GR_US PMDA0174.REF2 BR_US PMDA0174.REF2

;LTM 60m_05262016

26MAY2016  20:58:28  Gain: 21  Zoff: 189 228 174 164
No   Time    G  PAR    F1   F2   F3   F4   Fm1  Fm2  Fm3  Fm4    Y1   Y2   Y3   Y4
 1 20:58:58 21   64   172  258  108  130   341  450  217  281  0.50 0.43 0.50 0.54

26MAY2016  20:59:03  Gain: 21  Zoff: 189 228 174 164
No   Time    G  PAR    F1   F2   F3   F4   Fm1  Fm2  Fm3  Fm4    Y1   Y2   Y3   Y4
 1 20:59:04 21   64   152  243  100  119   278  410  188  243  0.45 0.41 0.47 0.51
 2 20:59:25 21   16   121  215   80   95   361  446  230  302  0.66 0.52 0.65 0.69
 3 20:59:46 21   64   159  249  102  124   385  490  244  324  0.59 0.49 0.58 0.62
 4 21:00:06 21  128   155  252   98  122   345  472  208  284  0.55 0.47 0.53 0.57
 5 21:00:26 21  192   177  262  111  137   362  463  231  294  0.51 0.43 0.52 0.53
 6 21:00:46 21  256   201  280  129  157   358  469  232  302  0.44 0.40 0.44 0.48
 7 21:01:07 21  320   197  281  122  149   338  453  205  279  0.42 0.38 0.40 0.47
 8 21:01:27 21  384   208  293  130  159   340  460  215  276  0.39 0.36 0.40 0.42
 9 21:01:47 21  448   232  309  148  179   359  464  233  299  0.35 0.33 0.36 0.40
10 21:02:08 21  512   230  310  141  172   315  443  203  272  0.27 0.30 0.31 0.37
11 21:02:28 21  576   198  293  128  156   283  418  195  240  0.30 0.30 0.34 0.35
12 21:02:48 21  640   200  296  132  160   291  416  198  248  0.31 0.29 0.33 0.35
13 21:03:08 21  704   206  302  134  163   285  417  189  244  0.28 0.28 0.29 0.33
14 21:03:29 21  832   202  301  136  164   270  400  185  242  0.25 0.25 0.26 0.32
;            Ch1    Ch2    Ch3    Ch4      blue   green  brown
;  alpha:   1.523  1.307  1.467  1.521     1.403 -0.000  1.411
; ETRmax:   516.9  731.9  823.4 1018.5     798.9    0.0  597.6
;     Ik:   339.5  560.0  561.5  669.5     569.3    0.0  423.6
;References: BL_US PMDA0174.REF2 GR_US PMDA0174.REF2 BR_US PMDA0174.REF2

;LTM 80m_05262016

26MAY2016  21:06:11  Gain: 21  Zoff: 189 228 174 164
No   Time    G  PAR    F1   F2   F3   F4   Fm1  Fm2  Fm3  Fm4    Y1   Y2   Y3   Y4
 1 21:06:24 21   64    78   44   52   62   142   92   96  125  0.45 0.52 0.46 0.50

26MAY2016  21:06:30  Gain: 21  Zoff: 189 228 174 164
No   Time    G  PAR    F1   F2   F3   F4   Fm1  Fm2  Fm3  Fm4    Y1   Y2   Y3   Y4
 1 21:06:30 21   64    79   43   54   64   137   99  103  136  0.42 0.57 0.48 0.53
 2 21:06:52 21   16    65   39   42   52   190  119  124  166  0.66 0.67 0.66 0.69
 3 21:07:12 21   64    85   47   56   67   151  101  104  141  0.44 0.53 0.46 0.52
 4 21:07:32 21  128    91   52   58   70   160  101  104  136  0.43 0.49 0.44 0.49
 5 21:07:52 21  192    96   54   63   76   146   99   99  134  0.34 0.45 0.36 0.43
 6 21:08:13 21  256    94   53   62   76   148   99  101  126  0.36 0.46 0.39 0.40
 7 21:08:33 21  320   104   55   67   82   147   93  104  134  0.29 0.41 0.36 0.39
 8 21:08:53 21  384   102   55   70   84   147   94  102  140  0.31 0.41 0.31 0.40
 9 21:09:14 21  448   101   53   71   86   130   84   98  133  0.22 0.37 0.28 0.35
10 21:09:34 21  512    94   47   70   82   135   84  100  122  0.30 0.44 0.30 0.33
11 21:09:54 21  576   111   57   75   91   152   97  108  137  0.27 0.41 0.31 0.34
12 21:10:14 21  640    99   49   73   87   126   79   94  125  0.21 0.38 0.22 0.30
13 21:10:35 21  704    99   49   72   86   141   86   98  129  0.30 0.43 0.27 0.33
14 21:10:55 21  832   103   49   76   91   130   83  108  131  0.21 0.41 0.30 0.31
;            Ch1    Ch2    Ch3    Ch4      blue   green  brown
;  alpha:   1.073  1.133  1.104  1.217     1.376  1.287  1.719
; ETRmax:   722.0 2831.2  870.8 1116.9    2302.2  665.9 3986153.
;     Ik:   672.8 2499.8  788.9  918.1    1672.6  517.5 2319061.
;References: BL_US PMDA0174.REF2 GR_US PMDA0174.REF2 BR_US PMDA0174.REF2

;LTM 100m_05262016

26MAY2016  21:14:04  Gain: 21  Zoff: 189 228 174 164
No   Time    G  PAR    F1   F2   F3   F4   Fm1  Fm2  Fm3  Fm4    Y1   Y2   Y3   Y4
 1 21:14:15 21   64    13    1   14   20    59   43   51   75  ---- ---- ---- ----

26MAY2016  21:14:22  Gain: 21  Zoff: 189 228 174 164
No   Time    G  PAR    F1   F2   F3   F4   Fm1  Fm2  Fm3  Fm4    Y1   Y2   Y3   Y4
 1 21:14:22 21   64    16    0   17   23    66   44   56   78  ---- ---- ---- 0.71
 2 21:14:44 21   16     6   -3   10   15    71   38   61   69  ---- ---- ---- ----
 3 21:15:04 21   64    13    0   14   20    57   48   48   72  ---- ---- ---- ----
 4 21:15:25 21  128    16    1   16   22    56   37   53   68  ---- ---- ---- 0.68
 5 21:15:45 21  192    19    1   20   26    59   34   48   77  ---- ---- ---- 0.66
 6 21:16:05 21  256    19    1   21   27    50   38   53   73  ---- ---- 0.60 0.63
 7 21:16:25 21  320    22    1   24   31    59   33   54   81  0.63 ---- 0.56 0.62
 8 21:16:46 21  384    22    0   26   33    60   34   54   77  0.63 ---- 0.52 0.57
 9 21:17:06 21  448    23   -2   27   34    48   26   58   78  0.52 ---- 0.53 0.56
10 21:17:26 21  512    24   -2   29   37    52   26   56   82  0.54 ---- 0.48 0.55
11 21:17:46 21  576    23   -3   30   37    51   28   56   79  0.55 ---- 0.46 0.53
12 21:18:07 21  640    26   -3   32   40    57   24   59   80  0.54 ---- 0.46 0.50
13 21:18:27 21  704    26   -4   34   42    51   24   61   74  0.49 ---- 0.44 0.43
14 21:18:47 21  832    29   -5   38   46    62   32   66   85  0.53 ---- 0.42 0.46
;            Ch1    Ch2    Ch3    Ch4      blue   green  brown
;  alpha:   1.606 -0.000  1.631  1.639     0.964  1.870 -0.000
; ETRmax:  3021.5    0.0 1378.9  964.4     276.7 4477.0    0.0
;     Ik:  1881.6    0.0  845.4  588.3     287.0 2394.2    0.0
;References: BL_US PMDA0174.REF2 GR_US PMDA0174.REF2 BR_US PMDA0174.REF2

;LTM 110m_05262016

26MAY2016  21:21:36  Gain: 21  Zoff: 189 228 174 164
No   Time    G  PAR    F1   F2   F3   F4   Fm1  Fm2  Fm3  Fm4    Y1   Y2   Y3   Y4
 1 21:21:47 21   64     3    0    7   11    45   40   47   64  ---- ---- ---- ----

26MAY2016  21:21:53  Gain: 21  Zoff: 189 228 174 164
No   Time    G  PAR    F1   F2   F3   F4   Fm1  Fm2  Fm3  Fm4    Y1   Y2   Y3   Y4
 1 21:21:53 21   64     5    0   10   15    41   24   41   66  ---- ---- ---- ----
 2 21:22:15 21   16    -3   -4    4    7    48   36   44   63  ---- ---- ---- ----
 3 21:22:35 21   64     4    0    9   13    41   32   40   64  ---- ---- ---- ----
 4 21:22:56 21  128     5   -1    9   13    35   34   43   64  ---- ---- ---- ----
 5 21:23:16 21  192     4   -3    9   14    32   25   44   52  ---- ---- ---- ----
 6 21:23:36 21  256     9   -1   13   18    58   41   54   80  ---- ---- ---- ----
 7 21:23:56 21  320    38   16   39   49    88   61   83  106  0.57 ---- 0.53 0.54
 8 21:24:17 21  384    13   -2   18   23    37   30   41   58  ---- ---- ---- 0.60
 9 21:24:37 21  448    11   -4   18   23    42   25   44   56  ---- ---- ---- 0.59
10 21:24:57 21  512    10   -6   18   23    41   25   47   62  ---- ---- ---- 0.63
11 21:25:18 21  576    10   -7   20   25    35   28   49   69  ---- ---- ---- 0.64
12 21:25:38 21  640    11   -8   21   26    46   18   50   72  ---- ---- 0.58 0.64
13 21:25:58 21  704    12   -9   23   29    41   19   55   63  ---- ---- 0.58 0.54
14 21:26:18 21  832    16   -8   28   33    46   24   60   72  ---- ---- 0.53 0.54
;            Ch1    Ch2    Ch3    Ch4      blue   green  brown
;  alpha:  14.960 -0.000  0.858  2.896     1.905  1.457 -0.000
; ETRmax:   602.1    0.0  421.3 1182.1    1191.6  911.1    0.0
;     Ik:    40.2    0.0  491.2  408.2     625.5  625.4    0.0
;References: BL_US PMDA0174.REF2 GR_US PMDA0174.REF2 BR_US PMDA0174.REF2

;LTM 120m_05262016

26MAY2016  21:29:04  Gain: 21  Zoff: 189 228 174 164
No   Time    G  PAR    F1   F2   F3   F4   Fm1  Fm2  Fm3  Fm4    Y1   Y2   Y3   Y4
 1 21:29:16 21   64    -1    0    4    7    38   44   32   55  ---- ---- ---- ----

26MAY2016  21:29:22  Gain: 21  Zoff: 189 228 174 164
No   Time    G  PAR    F1   F2   F3   F4   Fm1  Fm2  Fm3  Fm4    Y1   Y2   Y3   Y4
 1 21:29:22 21   64     0   -1    6    9    39   32   27   55  ---- ---- ---- ----
 2 21:29:44 21   16    -4   -1    3    6    34   27   40   55  ---- ---- ---- ----
 3 21:30:04 21   64    -3   -1    3    7    33   32   38   54  ---- ---- ---- ----
 4 21:30:25 21  128     2    1    7   11    35   38   36   58  ---- ---- ---- ----
 5 21:30:45 21  192     3    0    9   13    41   36   36   62  ---- ---- ---- ----
 6 21:31:05 21  256     6    0   12   16    34   34   39   64  ---- ---- ---- ----
 7 21:31:25 21  320     5   -1   13   18    33   31   42   62  ---- ---- ---- ----
 8 21:31:46 21  384     6   -2   14   19    32   35   37   63  ---- ---- ---- ----
 9 21:32:06 21  448     9   -1   18   23    39   23   44   61  ---- ---- ---- 0.62
10 21:32:26 21  512    10   -2   19   24    40   26   43   63  ---- ---- ---- 0.62
11 21:32:46 21  576    11   -2   21   26    39   30   48   73  ---- ---- 0.56 0.64
12 21:33:07 21  640    13   -2   23   29    40   28   52   68  ---- ---- 0.56 0.57
13 21:33:27 21  704    14   -3   25   31    38   26   55   65  ---- ---- 0.55 0.52
14 21:33:47 21  832    17   -3   29   36    42   28   55   77  ---- ---- 0.47 0.53
;            Ch1    Ch2    Ch3    Ch4      blue   green  brown
;  alpha:  -0.000 -0.000  1.693  1.902     2.358  2.404 -0.000
; ETRmax:     0.0    0.0 1011.4 1547.5    1035.7 2905.8    0.0
;     Ik:     0.0    0.0  597.4  813.6     439.3 1208.7    0.0
;References: BL_US PMDA0174.REF2 GR_US PMDA0174.REF2 BR_US PMDA0174.REF2

;LTM 130m_05262016

26MAY2016  21:37:19  Gain: 21  Zoff: 189 228 174 164
No   Time    G  PAR    F1   F2   F3   F4   Fm1  Fm2  Fm3  Fm4    Y1   Y2   Y3   Y4
 1 21:37:42 21   64    -1    2    3    7    39   42   32   51  ---- ---- ---- ----

26MAY2016  21:37:56  Gain: 21  Zoff: 189 228 174 164
No   Time    G  PAR    F1   F2   F3   F4   Fm1  Fm2  Fm3  Fm4    Y1   Y2   Y3   Y4
 1 21:37:56 21   64     1    1    4    8    28   35   31   58  ---- ---- ---- ----
 2 21:38:18 21   16    -3    0    2    5    32   37   34   47  ---- ---- ---- ----
 3 21:38:38 21   64     0    2    4    8    42   42   32   49  ---- ---- ---- ----
 4 21:38:58 21  128     3    2    6   10    33   43   36   53  ---- ---- ---- ----
 5 21:39:18 21  192     3    2    7   11    41   31   40   59  ---- ---- ---- ----
 6 21:39:39 21  256     4    1   10   14    36   35   37   55  ---- ---- ---- ----
 7 21:39:59 21  320     6    0   12   16    30   27   45   58  ---- ---- ---- ----
 8 21:40:19 21  384     7    0   13   18    33   36   40   58  ---- ---- ---- ----
 9 21:40:40 21  448     8   -1   16   20    35   28   35   65  ---- ---- ---- ----
10 21:41:00 21  512    11    0   18   23    44   28   47   69  ---- ---- ---- 0.67
11 21:41:20 21  576    11   -1   20   25    38   33   52   68  ---- ---- ---- 0.63
12 21:41:40 21  640    12   -2   22   27    43   18   43   70  ---- ---- 0.49 0.61
13 21:42:01 21  704    14   -2   24   30    37   26   48   61  ---- ---- 0.50 0.51
14 21:42:21 21  832    17   -2   28   34    47   21   57   71  ---- ---- 0.51 0.52
;            Ch1    Ch2    Ch3    Ch4      blue   green  brown
;  alpha:  -0.000 -0.000  1.215  2.036     2.151  2.262 -0.000
; ETRmax:     0.0    0.0 10731.8  956.9     839.3 3396.2    0.0
;     Ik:     0.0    0.0 8832.7  470.0     390.2 1501.5    0.0
;References: BL_US PMDA0174.REF2 GR_US PMDA0174.REF2 BR_US PMDA0174.REF2

;LTM 140m_05262016

26MAY2016  21:50:30  Gain: 21  Zoff: 189 228 174 164
No   Time    G  PAR    F1   F2   F3   F4   Fm1  Fm2  Fm3  Fm4    Y1   Y2   Y3   Y4
 1 21:50:41 21   64    -1    3    2    5    32   31   32   47  ---- ---- ---- ----

26MAY2016  21:50:48  Gain: 21  Zoff: 189 228 174 164
No   Time    G  PAR    F1   F2   F3   F4   Fm1  Fm2  Fm3  Fm4    Y1   Y2   Y3   Y4
 1 21:50:48 21   64     0    2    5    7    32   37   36   52  ---- ---- ---- ----
 2 21:51:10 21   16    -2    2    3    4    38   39   31   58  ---- ---- ---- ----
 3 21:51:30 21   64    -1    3    3    6    35   38   32   54  ---- ---- ---- ----
 4 21:51:50 21  128     0    3    4    7    37   28   37   51  ---- ---- ---- ----
 5 21:52:11 21  192     3    3    7   10    35   38   31   56  ---- ---- ---- ----
 6 21:52:31 21  256     3    2    8   11    40   33   37   45  ---- ---- ---- ----
 7 21:52:51 21  320     5    1   11   14    33   38   38   61  ---- ---- ---- ----
 8 21:53:11 21  384     7    1   14   17    38   39   40   62  ---- ---- ---- ----
 9 21:53:32 21  448     9    2   16   20    41   40   48   57  ---- ---- ---- ----
10 21:53:52 21  512    10    1   18   22    43   31   43   63  ---- ---- ---- 0.65
11 21:54:12 21  576    11    1   19   23    43   35   47   72  ---- ---- ---- 0.68
12 21:54:33 21  640    11   -1   21   24    39   25   48   63  ---- ---- 0.56 0.62
13 21:54:53 21  704    12   -2   22   26    37   28   47   61  ---- ---- 0.53 0.57
14 21:55:13 21  832    14   -4   26   30    40   23   57   71  ---- ---- 0.54 0.58
;            Ch1    Ch2    Ch3    Ch4      blue   green  brown
;  alpha:  -0.000 -0.000  1.327  1.825     2.252  2.345 -0.000
; ETRmax:     0.0    0.0 3068.8 1329.5    1108.0 3540.0    0.0
;     Ik:     0.0    0.0 2313.1  728.6     492.0 1509.7    0.0
;References: BL_US PMDA0174.REF2 GR_US PMDA0174.REF2 BR_US PMDA0174.REF2

;LTM 150m_05262016

26MAY2016  21:58:30  Gain: 21  Zoff: 189 228 174 164
No   Time    G  PAR    F1   F2   F3   F4   Fm1  Fm2  Fm3  Fm4    Y1   Y2   Y3   Y4
 1 21:58:42 21   64   178  182   46   50   215  218   82  105  0.17 0.17 0.44 0.52

26MAY2016  21:58:48  Gain: 21  Zoff: 189 228 174 164
No   Time    G  PAR    F1   F2   F3   F4   Fm1  Fm2  Fm3  Fm4    Y1   Y2   Y3   Y4
 1 21:58:48 21   64   177  179   48   52   210  214   79  101  0.16 0.16 0.39 0.49
 2 21:59:10 21   16   171  177   45   48   198  211   70   89  0.14 0.16 0.36 0.46
 3 21:59:30 21   64   168  174   43   46   205  206   72   93  0.18 0.16 0.40 0.51
 4 21:59:50 21  128   167  170   44   48   202  204   75   99  0.17 0.17 0.41 0.52
 5 22:00:11 21  192   165  167   45   49   190  195   71   92  0.13 0.14 0.37 0.47
 6 22:00:31 21  256   165  164   47   51   187  191   66   92  0.12 0.14 0.29 0.45
 7 22:00:51 21  320   162  160   47   51   195  191   82   90  0.17 0.16 0.43 0.43
 8 22:01:11 21  384   159  154   49   53   194  189   76   93  0.18 0.19 0.36 0.43
 9 22:01:32 21  448   155  149   49   53   181  177   71   96  0.14 0.16 0.31 0.45
10 22:01:52 21  512   153  146   49   54   181  169   82   94  0.15 0.14 0.40 0.43
11 22:02:12 21  576   151  143   51   55   178  174   76  105  0.15 0.18 0.33 0.48
12 22:02:32 21  640   152  140   53   58   179  164   79   99  0.15 0.15 0.33 0.41
13 22:02:53 21  704   150  136   54   59   177  169   81  101  0.15 0.20 0.33 0.42
14 22:03:13 21  832   148  132   56   61   172  169   90  105  0.14 0.22 0.38 0.42
;            Ch1    Ch2    Ch3    Ch4      blue   green  brown
;  alpha:   0.321  0.290  0.791  1.040     7.174 -0.000  0.330
; ETRmax:   239.4  906.6 545372.3 2073.6    1590.6    0.0  144.4
;     Ik:   746.9 3131.3 689059.8 1993.0     221.7    0.0  437.1
;References: BL_US PMDA0174.REF2 GR_US PMDA0174.REF2 BR_US PMDA0174.REF2

;LTM 160m_05262016

26MAY2016  22:06:05  Gain: 21  Zoff: 189 228 174 164
No   Time    G  PAR    F1   F2   F3   F4   Fm1  Fm2  Fm3  Fm4    Y1   Y2   Y3   Y4
 1 22:06:17 21   64   235  243   62   66   269  266   94  107  0.13 0.09 0.34 0.38

26MAY2016  22:06:22  Gain: 21  Zoff: 189 228 174 164
No   Time    G  PAR    F1   F2   F3   F4   Fm1  Fm2  Fm3  Fm4    Y1   Y2   Y3   Y4
 1 22:06:22 21   64   234  241   64   68   266  265   88  105  0.12 0.09 0.27 0.35
 2 22:06:44 21   16   231  241   63   66   266  269   95  108  0.13 0.10 0.34 0.39
 3 22:07:04 21   64   230  237   61   65   258  266   90  112  0.11 0.11 0.32 0.42
 4 22:07:24 21  128   224  230   62   65   249  256   85  114  0.10 0.10 0.27 0.43
 5 22:07:45 21  192   220  223   61   65   247  252   82  109  0.11 0.12 0.26 0.40
 6 22:08:05 21  256   215  217   62   65   241  246   92  108  0.11 0.12 0.33 0.40
 7 22:08:25 21  320   210  211   62   66   236  238   91  105  0.11 0.11 0.32 0.37
 8 22:08:45 21  384   205  204   62   65   228  230   91  107  0.10 0.11 0.32 0.39
 9 22:09:06 21  448   204  200   63   67   226  233   82  106  0.10 0.14 0.23 0.37
10 22:09:26 21  512   201  196   64   68   217  219   91  107  0.07 0.11 0.30 0.36
11 22:09:46 21  576   199  192   65   69   226  220   84  110  0.12 0.13 0.23 0.37
12 22:10:07 21  640   195  186   65   69   221  210   92  106  0.12 0.11 0.29 0.35
13 22:10:27 21  704   188  178   64   68   215  212   85  109  0.13 0.16 0.25 0.38
14 22:10:47 21  832   187  174   66   71   215  199   98  112  0.13 0.13 0.33 0.37
;            Ch1    Ch2    Ch3    Ch4      blue   green  brown
;  alpha:   0.217  0.237  0.669  0.917    -0.000 -0.000  0.325
; ETRmax:   523.6 5613.3 7049.7 5111.6       0.0    0.0  798.2
;     Ik:  2409.9 23642.1 10539.2 5573.3       0.0    0.0 2455.1
;References: BL_US PMDA0174.REF2 GR_US PMDA0174.REF2 BR_US PMDA0174.REF2

;LTM 170m_05262016

26MAY2016  22:13:34  Gain: 21  Zoff: 189 228 174 164
No   Time    G  PAR    F1   F2   F3   F4   Fm1  Fm2  Fm3  Fm4    Y1   Y2   Y3   Y4
 1 22:13:45 21   64    52   54    6    8    81   93   37   50  0.36 0.42 ---- ----

26MAY2016  22:13:52  Gain: 21  Zoff: 189 228 174 164
No   Time    G  PAR    F1   F2   F3   F4   Fm1  Fm2  Fm3  Fm4    Y1   Y2   Y3   Y4
 1 22:13:52 21   64    53   52    8   11    80   83   37   59  0.34 0.37 ---- ----
 2 22:14:14 21   16    55   54   11   12    96   91   48   64  0.43 0.41 ---- ----
 3 22:14:34 21   64    53   53    8   10    75   83   35   52  0.29 0.36 ---- ----
 4 22:14:54 21  128    51   51    7    9    77   82   33   48  0.34 0.38 ---- ----
 5 22:15:15 21  192    50   49    9   11    76   79   32   50  0.34 0.38 ---- ----
 6 22:15:35 21  256    50   47   10   13    76   71   39   62  0.34 0.34 ---- ----
 7 22:15:55 21  320    51   45   12   14    70   72   40   54  0.27 0.38 ---- ----
 8 22:16:16 21  384    51   44   14   16    75   76   37   57  0.32 0.42 ---- ----
 9 22:16:36 21  448    51   42   15   17    78   76   45   55  0.35 0.45 ---- ----
10 22:16:56 21  512    52   41   17   20    81   71   45   62  0.36 0.42 ---- ----
11 22:17:16 21  576    53   40   20   22    78   65   43   62  0.32 0.38 ---- 0.65
12 22:17:37 21  640    53   38   21   24    80   66   50   61  0.34 0.42 0.58 0.61
13 22:17:57 21  704    54   37   23   26    82   65   53   67  0.34 0.43 0.57 0.61
14 22:18:17 21  832    56   36   26   30    88   71   64   68  0.36 0.49 0.59 0.56
;            Ch1    Ch2    Ch3    Ch4      blue   green  brown
;  alpha:   0.716  0.785  1.168  1.823    -0.000 56282393  0.944
; ETRmax:  724944.3 310997.8 35553.2 1335.1       0.0 1008.1 262229.7
;     Ik:  1012617. 396410.4 30432.6  732.2       0.0    0.0 277873.6
;References: BL_US PMDA0174.REF2 GR_US PMDA0174.REF2 BR_US PMDA0174.REF2

;LTM 180m_05262016

26MAY2016  22:22:04  Gain: 21  Zoff: 189 228 174 164
No   Time    G  PAR    F1   F2   F3   F4   Fm1  Fm2  Fm3  Fm4    Y1   Y2   Y3   Y4
 1 22:22:15 21   64    36   39    0    1    68   70   31   43  0.47 0.44 ---- ----

26MAY2016  22:22:21  Gain: 21  Zoff: 189 228 174 164
No   Time    G  PAR    F1   F2   F3   F4   Fm1  Fm2  Fm3  Fm4    Y1   Y2   Y3   Y4
 1 22:22:21 21   64    37   38    2    3    61   69   29   47  0.39 0.45 ---- ----
 2 22:22:43 21   16    36   39    0    2    67   72   35   42  0.46 0.46 ---- ----
 3 22:23:03 21   64    37   39    1    2    75   73   28   40  0.51 0.47 ---- ----
 4 22:23:23 21  128    38   38    2    3    65   72   27   48  0.42 0.47 ---- ----
 5 22:23:44 21  192    38   37    3    5    66   68   34   48  0.42 0.46 ---- ----
 6 22:24:04 21  256    39   36    5    7    70   66   32   45  0.44 0.45 ---- ----
 7 22:24:24 21  320    39   34    7    9    71   71   31   49  0.45 0.52 ---- ----
 8 22:24:45 21  384    40   33    9   11    66   66   34   54  0.39 0.50 ---- ----
 9 22:25:05 21  448    40   32   11   12    68   60   37   49  0.41 0.47 ---- ----
10 22:25:25 21  512    41   31   12   15    66   60   40   60  0.38 0.48 ---- ----
11 22:25:45 21  576    42   30   14   16    63   59   40   64  0.33 0.49 ---- ----
12 22:26:06 21  640    42   29   16   18    68   56   42   52  0.38 0.48 ---- ----
13 22:26:26 21  704    43   28   17   20    73   57   40   61  0.41 0.51 ---- ----
14 22:26:46 21  832    45   26   21   23    78   57   52   58  0.42 0.54 0.60 0.60
;            Ch1    Ch2    Ch3    Ch4      blue   green  brown
;  alpha:   0.977  1.011  3.692  3.798    -0.000  2.953  1.180
; ETRmax:  6275.0 117173.2 1136.4 1153.5       0.0 1147.6  560.6
;     Ik:  6421.0 115935.3  307.8  303.7       0.0  388.7  475.2
;References: BL_US PMDA0174.REF2 GR_US PMDA0174.REF2 BR_US PMDA0174.REF2

;LTM 190m_05262016

26MAY2016  22:30:18  Gain: 21  Zoff: 189 228 174 164
No   Time    G  PAR    F1   F2   F3   F4   Fm1  Fm2  Fm3  Fm4    Y1   Y2   Y3   Y4
 1 22:30:29 21   64    41   46    2    5    74   74   28   54  0.45 0.38 ---- ----

26MAY2016  22:30:35  Gain: 21  Zoff: 189 228 174 164
No   Time    G  PAR    F1   F2   F3   F4   Fm1  Fm2  Fm3  Fm4    Y1   Y2   Y3   Y4
 1 22:30:35 21   64    41   44    4    6    74   77   30   51  0.45 0.43 ---- ----
 2 22:30:57 21   16    40   44    2    5    79   81   33   53  0.49 0.46 ---- ----
 3 22:31:17 21   64    41   45    3    5    78   80   29   51  0.47 0.44 ---- ----
 4 22:31:37 21  128    40   43    3    5    72   76   31   52  0.44 0.43 ---- ----
 5 22:31:58 21  192    46   46    9   13    77   81   36   56  0.40 0.43 ---- ----
 6 22:32:18 21  256    45   43    9   12    70   79   37   57  0.36 0.46 ---- ----
 7 22:32:38 21  320    45   42   11   14    72   68   40   54  0.38 0.38 ---- ----
 8 22:32:59 21  384    46   41   12   16    72   67   37   57  0.36 0.39 ---- ----
 9 22:33:19 21  448    46   39   14   16    77   65   39   61  0.40 0.40 ---- ----
10 22:33:39 21  512    47   38   15   19    75   76   45   65  0.37 0.50 ---- ----
11 22:33:59 21  576    48   37   18   21    76   70   40   69  0.37 0.47 ---- 0.70
12 22:34:20 21  640    48   36   19   22    79   68   44   56  0.39 0.47 ---- 0.61
13 22:34:40 21  704    47   34   20   23    68   60   41   59  0.31 0.43 ---- 0.61
14 22:35:00 21  832    49   33   23   27    82   60   58   64  0.40 0.45 0.60 0.58
;            Ch1    Ch2    Ch3    Ch4      blue   green  brown
;  alpha:   0.989  0.935  3.798  2.008    12.929  2.058  1.800
; ETRmax:  3046.5 1826.5 1153.5 1218.1    2168.0  849.1  720.3
;     Ik:  3081.4 1952.7  303.7  606.7     167.7  412.5  400.1
;References: BL_US PMDA0174.REF2 GR_US PMDA0174.REF2 BR_US PMDA0174.REF2

;LTM 200m_05262016

26MAY2016  22:38:10  Gain: 21  Zoff: 189 228 174 164
No   Time    G  PAR    F1   F2   F3   F4   Fm1  Fm2  Fm3  Fm4    Y1   Y2   Y3   Y4
 1 22:38:24 21   64    37   39   -1    1    68   67   29   50  0.46 0.42 ---- ----

26MAY2016  22:38:30  Gain: 21  Zoff: 189 228 174 164
No   Time    G  PAR    F1   F2   F3   F4   Fm1  Fm2  Fm3  Fm4    Y1   Y2   Y3   Y4
 1 22:38:30 21   64    38   38    2    4    67   68   31   45  0.43 0.44 ---- ----
 2 22:38:52 21   16    37   38    0    2    74   70   24   49  0.50 0.46 ---- ----
 3 22:39:12 21   64    37   39    0    3    68   71   24   42  0.46 0.45 ---- ----
 4 22:39:33 21  128    38   38    2    4    69   70   31   48  0.45 0.46 ---- ----
 5 22:39:53 21  192    39   38    4    6    67   72   32   45  0.42 0.47 ---- ----
 6 22:40:13 21  256    41   37    6    9    70   69   33   50  0.41 0.46 ---- ----
 7 22:40:33 21  320    42   37    8   11    77   64   39   54  0.45 0.42 ---- ----
 8 22:40:54 21  384    42   35   10   13    75   70   34   52  0.44 0.50 ---- ----
 9 22:41:14 21  448    43   35   11   15    76   60   36   53  0.43 0.42 ---- ----
10 22:41:34 21  512    44   34   13   17    71   62   44   53  0.38 0.45 ---- ----
11 22:41:55 21  576    46   33   16   19    75   67   38   54  0.39 0.51 ---- ----
12 22:42:15 21  640    46   32   17   21    75   59   47   59  0.39 0.46 ---- 0.64
13 22:42:35 21  704    47   31   19   23    72   55   48   57  0.35 0.44 ---- 0.60
14 22:42:55 21  832    49   30   23   27    78   65   53   67  0.37 0.54 0.57 0.60
;            Ch1    Ch2    Ch3    Ch4      blue   green  brown
;  alpha:   1.019  0.989  3.243  1.617    -0.000  5.829  1.145
; ETRmax:   851.8 1512301. 1067.1 1589.2       0.0 1073.9 691808.1
;     Ik:   836.3 1528877.  329.0  982.7       0.0  184.2 604278.7
;References: BL_US PMDA0174.REF2 GR_US PMDA0174.REF2 BR_US PMDA0174.REF2
