Gain: 21  Zoff: 33 6 47 53
;LTK_01292018_0m
29JAN2018  14:28:42  Gain: 21  Zoff: 33 6 47 53
No   Time    G  PAR    F1   F2   F3   F4   Fm1  Fm2  Fm3  Fm4    Y1   Y2   Y3   Y4
 1 14:36:29 21 3382   319  372  187  195   411  451  255  285  0.22 0.18 0.27 0.32

29JAN2018  14:36:33  Gain: 21  Zoff: 33 6 47 53
No   Time    G  PAR    F1   F2   F3   F4   Fm1  Fm2  Fm3  Fm4    Y1   Y2   Y3   Y4
 1 14:36:33 21 3388   324  373  194  202   413  441  264  294  0.22 0.15 0.27 0.31
 2 14:36:55 21 3394   316  367  188  196   411  435  253  289  0.23 0.16 0.26 0.32
 3 14:37:15 21 3387   319  371  189  198   411  444  253  285  0.22 0.16 0.25 0.31
 4 14:37:36 21 3383   322  375  193  202   403  452  253  292  0.20 0.17 0.24 0.31
 5 14:37:56 21 3388   325  377  196  206   405  454  257  291  0.20 0.17 0.24 0.29
 6 14:38:16 21 3391   331  381  200  210   399  451  261  284  0.17 0.16 0.23 0.26
 7 14:38:36 21 3391   333  381  204  215   407  448  261  297  0.18 0.15 0.22 0.28
 8 14:38:57 21 3382   334  381  206  218   401  448  255  285  0.17 0.15 0.19 0.24
 9 14:39:17 21 3388   335  381  208  220   396  448  262  289  0.15 0.15 0.21 0.24
10 14:39:37 21 3388   335  382  211  223   393  446  262  292  0.15 0.14 0.19 0.24
;            Ch1    Ch2    Ch3    Ch4      blue   green  brown
;  alpha:   0.277  0.111  0.277  0.255     0.265 -0.000  0.276
; ETRmax:   270.3  532.1  328.6  725.5     769.4    0.0  260.3
;     Ik:   975.1 4791.5 1186.1 2842.7    2900.2    0.0  941.7
;References: BL_US PMDA0174.REF2 GR_US PMDA0174.REF2 BR_US PMDA0174.REF2

;LTK_01292018_10m
29JAN2018  14:41:39  Gain: 21  Zoff: 33 6 47 53
No   Time    G  PAR    F1   F2   F3   F4   Fm1  Fm2  Fm3  Fm4    Y1   Y2   Y3   Y4
 1 14:41:51 21 3388   294  348  197  200   380  411  277  295  0.23 0.15 0.29 0.32

29JAN2018  14:41:54  Gain: 21  Zoff: 33 6 47 53
No   Time    G  PAR    F1   F2   F3   F4   Fm1  Fm2  Fm3  Fm4    Y1   Y2   Y3   Y4
 1 14:41:55 21 3388   298  348  203  206   385  402  281  295  0.23 0.13 0.28 0.30
 2 14:42:16 21 3391   299  345  195  201   384  404  256  283  0.22 0.15 0.24 0.29
 3 14:42:36 21 3389   299  348  201  204   400  418  270  302  0.25 0.17 0.26 0.32
 4 14:42:57 21 3392   304  349  196  203   392  419  267  298  0.22 0.17 0.27 0.32
 5 14:43:17 21 3392   304  353  207  212   389  421  288  306  0.22 0.16 0.28 0.31
 6 14:43:37 21 3398   307  352  203  211   387  415  256  298  0.21 0.15 0.21 0.29
 7 14:43:57 21 3389   308  354  208  215   384  416  273  301  0.20 0.15 0.24 0.29
 8 14:44:18 21 3381   309  355  211  218   373  415  261  294  0.17 0.14 0.19 0.26
 9 14:44:38 21 3387   315  356  211  220   383  418  264  297  0.18 0.15 0.20 0.26
10 14:44:58 21 3389   316  354  210  221   381  413  262  294  0.17 0.14 0.20 0.25
;            Ch1    Ch2    Ch3    Ch4      blue   green  brown
;  alpha:   0.277  0.276 28326.90  0.277     0.276 -0.000  0.276
; ETRmax:   293.7  226.9 3026.4  500.8     515.0    0.0  268.9
;     Ik:  1059.4  823.3    0.1 1810.9    1865.2    0.0  972.6
;References: BL_US PMDA0174.REF2 GR_US PMDA0174.REF2 BR_US PMDA0174.REF2

;LTK_01292018_20m

29JAN2018  14:47:14  Gain: 21  Zoff: 33 6 47 53
No   Time    G  PAR    F1   F2   F3   F4   Fm1  Fm2  Fm3  Fm4    Y1   Y2   Y3   Y4
 1 14:47:26 21 3391   328  391  201  213   441  493  283  317  0.26 0.21 0.29 0.33

29JAN2018  14:47:29  Gain: 21  Zoff: 33 6 47 53
No   Time    G  PAR    F1   F2   F3   F4   Fm1  Fm2  Fm3  Fm4    Y1   Y2   Y3   Y4
 1 14:47:29 21 3385   332  392  205  217   442  480  289  322  0.25 0.18 0.29 0.33
 2 14:47:51 21 3390   328  388  203  213   466  498  287  335  0.30 0.22 0.29 0.36
 3 14:48:11 21 3391   327  391  203  213   445  502  289  324  0.27 0.22 0.30 0.34
 4 14:48:31 21 3391   336  398  209  221   454  507  297  333  0.26 0.21 0.30 0.34
 5 14:48:51 21 3384   346  403  216  230   450  509  292  335  0.23 0.21 0.26 0.31
 6 14:49:12 21 3390   336  398  213  225   435  504  284  325  0.23 0.21 0.25 0.31
 7 14:49:32 21 3387   348  404  220  234   444  509  294  330  0.22 0.21 0.25 0.29
 8 14:49:52 21 3392   351  405  223  238   440  509  293  331  0.20 0.20 0.24 0.28
 9 14:50:13 21 3383   343  400  221  233   412  487  284  315  0.17 0.18 0.22 0.26
10 14:50:33 21 3390   342  399  223  236   413  483  284  314  0.17 0.17 0.21 0.25
;            Ch1    Ch2    Ch3    Ch4      blue   green  brown
;  alpha:   0.277  0.277  0.277  0.278     0.271 -0.000  0.277
; ETRmax:   327.1  287.4  395.7  809.5     794.0    0.0  324.9
;     Ik:  1181.3 1037.2 1429.2 2909.9    2932.7    0.0 1173.4
;References: BL_US PMDA0174.REF2 GR_US PMDA0174.REF2 BR_US PMDA0174.REF2

;LTK_01292018_30m

29JAN2018  14:52:18  Gain: 21  Zoff: 33 6 47 53
No   Time    G  PAR    F1   F2   F3   F4   Fm1  Fm2  Fm3  Fm4    Y1   Y2   Y3   Y4
 1 14:52:29 21 3384   318  360  194  208   437  433  278  315  0.27 0.17 0.30 0.34

29JAN2018  14:52:34  Gain: 21  Zoff: 33 6 47 53
No   Time    G  PAR    F1   F2   F3   F4   Fm1  Fm2  Fm3  Fm4    Y1   Y2   Y3   Y4
 1 14:52:34 21 3384   325  361  201  216   432  430  275  318  0.25 0.16 0.27 0.32
 2 14:52:56 21 3395   314  359  193  206   419  434  260  303  0.25 0.17 0.26 0.32
 3 14:53:16 21 3385   312  358  192  205   420  426  267  302  0.26 0.16 0.28 0.32
 4 14:53:36 21 3383   323  365  200  215   423  441  271  308  0.24 0.17 0.26 0.30
 5 14:53:57 21 3389   313  361  195  209   398  427  256  292  0.21 0.15 0.24 0.28
 6 14:54:17 21 3392   323  366  203  218   410  434  264  301  0.21 0.16 0.23 0.28
 7 14:54:37 21 3391   327  369  206  221   399  436  259  311  0.18 0.15 0.20 0.29
 8 14:54:57 21 3382   322  366  205  220   388  426  257  289  0.17 0.14 0.20 0.24
 9 14:55:18 21 3391   323  366  207  222   384  428  258  292  0.16 0.14 0.20 0.24
10 14:55:38 21 3389   326  368  210  226   387  430  261  298  0.16 0.14 0.20 0.24
;            Ch1    Ch2    Ch3    Ch4      blue   green  brown
;  alpha:   0.278  0.275  0.277  0.276     0.276 -0.000  0.277
; ETRmax:   296.2  231.9  336.5  475.8     478.5    0.0  275.1
;     Ik:  1066.2  844.1 1214.6 1725.0    1734.6    0.0  993.9
;References: BL_US PMDA0174.REF2 GR_US PMDA0174.REF2 BR_US PMDA0174.REF2

;LTK_01292018_40m

29JAN2018  14:57:48  Gain: 21  Zoff: 33 6 47 53
No   Time    G  PAR    F1   F2   F3   F4   Fm1  Fm2  Fm3  Fm4    Y1   Y2   Y3   Y4
 1 14:57:58 21 3393     0    0    1    0    -1    2   -1    1  ---- ---- ---- ----

29JAN2018  14:58:02  Gain: 21  Zoff: 33 6 47 53
No   Time    G  PAR    F1   F2   F3   F4   Fm1  Fm2  Fm3  Fm4    Y1   Y2   Y3   Y4
 1 14:58:16 21 3385     6    7    4    3    -1    4   -1    2  ---- ---- ---- ----
 2 14:58:38 21 3385   305  363  194  202   454  492  290  332  0.33 0.26 0.33 0.39
 3 14:58:58 21 3385   312  376  199  209   435  491  291  328  0.28 0.23 0.32 0.36
 4 14:59:18 21 3388   317  379  203  212   432  498  287  327  0.27 0.24 0.29 0.35
 5 14:59:39 21 3390   326  385  208  219   437  501  292  328  0.25 0.23 0.29 0.33
 6 14:59:59 21 3384   321  384  210  220   415  488  281  320  0.23 0.21 0.25 0.31
 7 15:00:19 21 3388   318  380  208  219   402  472  278  311  0.21 0.19 0.25 0.30
 8 15:00:39 21 3389   323  382  213  225   409  474  278  314  0.21 0.19 0.23 0.28
 9 15:01:00 21 3384   325  384  215  227   401  469  276  312  0.19 0.18 0.22 0.27
10 15:01:20 21 3385   328  385  218  230   402  472  280  314  0.18 0.18 0.22 0.27
;            Ch1    Ch2    Ch3    Ch4      blue   green  brown
;  alpha:   0.277  0.277  0.277 3559.850    146467.5 -0.000  0.277
; ETRmax:   345.3  305.3  412.8 2676.6    222878.5    0.0  347.0
;     Ik:  1246.5 1101.9 1490.9    0.8       1.5    0.0 1253.5
;References: BL_US PMDA0174.REF2 GR_US PMDA0174.REF2 BR_US PMDA0174.REF2

;LTK_01292018_50m

29JAN2018  15:03:16  Gain: 21  Zoff: 33 6 47 53
No   Time    G  PAR    F1   F2   F3   F4   Fm1  Fm2  Fm3  Fm4    Y1   Y2   Y3   Y4
 1 15:03:28 21 3385   318  450  196  207   445  621  292  322  0.29 0.28 0.33 0.36

29JAN2018  15:03:31  Gain: 21  Zoff: 33 6 47 53
No   Time    G  PAR    F1   F2   F3   F4   Fm1  Fm2  Fm3  Fm4    Y1   Y2   Y3   Y4
 1 15:03:31 21 3386   323  453  201  213   440  606  289  329  0.27 0.25 0.30 0.35
 2 15:03:53 21 3390   306  435  193  202   441  610  289  332  0.31 0.29 0.33 0.39
 3 15:04:13 21 3388   309  442  196  207   427  608  288  327  0.28 0.27 0.32 0.37
 4 15:04:34 21 3382   308  445  197  208   422  614  284  326  0.27 0.28 0.31 0.36
 5 15:04:54 21 3385   315  451  202  213   419  611  282  320  0.25 0.26 0.28 0.33
 6 15:05:14 21 3387   317  453  204  215   421  612  279  315  0.25 0.26 0.27 0.32
 7 15:05:34 21 3392   318  454  205  218   404  599  280  310  0.21 0.24 0.27 0.30
 8 15:05:55 21 3383   319  455  209  221   403  594  277  313  0.21 0.23 0.25 0.29
 9 15:06:15 21 3385   326  460  213  226   412  598  279  316  0.21 0.23 0.24 0.28
10 15:06:35 21 3378   327  462  214  227   396  591  280  308  0.17 0.22 0.24 0.26
;            Ch1    Ch2    Ch3    Ch4      blue   green  brown
;  alpha:   0.277  0.277  0.254  0.300     0.269 -0.000  0.276
; ETRmax:   351.3  376.3  734.4  744.7     784.5    0.0  404.6
;     Ik:  1269.0 1361.0 2893.7 2486.1    2918.2    0.0 1463.7
;References: BL_US PMDA0174.REF2 GR_US PMDA0174.REF2 BR_US PMDA0174.REF2

;LTK_01292018_60m

29JAN2018  15:09:00  Gain: 21  Zoff: 33 6 47 53
No   Time    G  PAR    F1   F2   F3   F4   Fm1  Fm2  Fm3  Fm4    Y1   Y2   Y3   Y4
 1 15:09:12 21 3385   356  433  208  225   503  575  311  353  0.29 0.25 0.33 0.36

29JAN2018  15:09:15  Gain: 21  Zoff: 33 6 47 53
No   Time    G  PAR    F1   F2   F3   F4   Fm1  Fm2  Fm3  Fm4    Y1   Y2   Y3   Y4
 1 15:09:16 21 3390   361  435  213  230   512  568  311  364  0.29 0.23 0.32 0.37
 2 15:09:37 21 3390   351  424  209  224   529  590  319  374  0.34 0.28 0.34 0.40
 3 15:09:58 21 3384   355  428  209  225   511  578  313  360  0.31 0.26 0.33 0.38
 4 15:10:18 21 3383   360  432  214  232   495  560  305  352  0.27 0.23 0.30 0.34
 5 15:10:38 21 3388   367  439  219  238   490  570  298  347  0.25 0.23 0.27 0.31
 6 15:10:58 21 3388   375  444  224  244   479  570  291  348  0.22 0.22 0.23 0.30
 7 15:11:19 21 3382   378  446  227  248   474  561  292  332  0.20 0.20 0.22 0.25
 8 15:11:39 21 3382   382  450  231  252   475  548  289  337  0.20 0.18 0.20 0.25
 9 15:11:59 21 3385   376  445  227  247   461  540  283  326  0.18 0.18 0.20 0.24
10 15:12:19 21 3390   382  449  234  256   463  542  295  336  0.17 0.17 0.21 0.24
;            Ch1    Ch2    Ch3    Ch4      blue   green  brown
;  alpha:   0.276  0.277  0.277 35652.26    38752.15 -0.000  0.276
; ETRmax:   355.0  311.1  395.7 3803.7    6494.0    0.0  360.3
;     Ik:  1285.3 1123.1 1429.1    0.1       0.2    0.0 1303.4
;References: BL_US PMDA0174.REF2 GR_US PMDA0174.REF2 BR_US PMDA0174.REF2

;LTK_01292018_70m

29JAN2018  15:14:16  Gain: 21  Zoff: 33 6 47 53
No   Time    G  PAR    F1   F2   F3   F4   Fm1  Fm2  Fm3  Fm4    Y1   Y2   Y3   Y4
 1 15:14:28 21 3392   291  344  179  187   386  422  252  281  0.25 0.18 0.29 0.33

29JAN2018  15:14:32  Gain: 21  Zoff: 33 6 47 53
No   Time    G  PAR    F1   F2   F3   F4   Fm1  Fm2  Fm3  Fm4    Y1   Y2   Y3   Y4
 1 15:14:32 21 3391   296  346  185  193   393  415  252  284  0.25 0.17 0.27 0.32
 2 15:14:54 21 3391   295  343  182  190   392  428  255  281  0.25 0.20 0.29 0.32
 3 15:15:14 21 3388   293  345  181  190   385  420  251  283  0.24 0.18 0.28 0.33
 4 15:15:34 21 3381   298  347  186  194   385  424  249  279  0.23 0.18 0.25 0.30
 5 15:15:54 21 3387   297  347  187  197   376  424  249  284  0.21 0.18 0.25 0.31
 6 15:16:15 21 3385   299  348  189  199   370  418  245  278  0.19 0.17 0.23 0.28
 7 15:16:35 21 3386   301  346  191  202   362  410  247  279  0.17 0.16 0.23 0.28
 8 15:16:55 21 3386   305  349  195  205   377  411  248  278  0.19 0.15 0.21 0.26
 9 15:17:15 21 3386   306  349  197  208   367  407  248  276  0.17 0.14 0.21 0.25
10 15:17:36 21 3383   308  349  199  210   367  413  253  281  0.16 0.15 0.21 0.25
;            Ch1    Ch2    Ch3    Ch4      blue   green  brown
;  alpha:   0.277  0.276  0.277  0.276     0.277 -0.000  0.276
; ETRmax:   290.9  245.2  351.8  515.2     567.8    0.0  278.4
;     Ik:  1050.1  887.6 1269.9 1865.3    2052.2    0.0 1007.1
;References: BL_US PMDA0174.REF2 GR_US PMDA0174.REF2 BR_US PMDA0174.REF2

;LTK_01292018_80m

29JAN2018  15:19:32  Gain: 21  Zoff: 33 6 47 53
No   Time    G  PAR    F1   F2   F3   F4   Fm1  Fm2  Fm3  Fm4    Y1   Y2   Y3   Y4
 1 15:19:44 21 3391   299  343  184  193   369  405  241  267  0.19 0.15 0.24 0.28

29JAN2018  15:19:47  Gain: 21  Zoff: 33 6 47 53
No   Time    G  PAR    F1   F2   F3   F4   Fm1  Fm2  Fm3  Fm4    Y1   Y2   Y3   Y4
 1 15:19:48 21 3387   301  343  188  197   371  392  242  275  0.19 0.13 0.22 0.28
 2 15:20:09 21 3384   290  336  179  188   387  409  247  276  0.25 0.18 0.28 0.32
 3 15:20:30 21 3384   297  340  179  190   374  397  237  263  0.21 0.14 0.24 0.28
 4 15:20:50 21 3391   300  341  183  195   367  397  237  270  0.18 0.14 0.23 0.28
 5 15:21:10 21 3383   303  343  185  197   361  388  231  261  0.16 0.12 0.20 0.25
 6 15:21:30 21 3383   305  342  188  200   359  394  227  263  0.15 0.13 0.17 0.24
 7 15:21:51 21 3386   306  343  189  202   355  389  231  261  0.14 0.12 0.18 0.23
 8 15:22:11 21 3387   302  339  189  201   349  379  230  252  0.13 0.11 0.18 0.20
 9 15:22:31 21 3385   303  338  190  203   346  382  232  256  0.12 0.12 0.18 0.21
10 15:22:51 21 3378   303  339  193  205   349  382  234  264  0.13 0.11 0.18 0.22
;            Ch1    Ch2    Ch3    Ch4      blue   green  brown
;  alpha:   0.276  0.276  0.277  0.277     0.276 -0.000  0.276
; ETRmax:   243.8  203.5  292.2  368.2     416.5    0.0  229.6
;     Ik:   883.4  736.7 1055.1 1329.8    1507.3    0.0  831.9
;References: BL_US PMDA0174.REF2 GR_US PMDA0174.REF2 BR_US PMDA0174.REF2

;LTK_01292018_90m

29JAN2018  15:25:15  Gain: 21  Zoff: 33 6 47 53
No   Time    G  PAR    F1   F2   F3   F4   Fm1  Fm2  Fm3  Fm4    Y1   Y2   Y3   Y4
 1 15:25:26 21 3388   254  304  155  163   301  335  198  223  0.16 0.09 0.22 0.27

29JAN2018  15:25:29  Gain: 21  Zoff: 33 6 47 53
No   Time    G  PAR    F1   F2   F3   F4   Fm1  Fm2  Fm3  Fm4    Y1   Y2   Y3   Y4
 1 15:25:30 21 3387   257  304  159  167   303  342  207  227  0.15 0.11 0.23 0.26
 2 15:25:51 21 3385   251  302  156  163   309  343  201  225  0.19 0.12 0.22 0.28
 3 15:26:12 21 3391   258  307  159  167   307  345  202  231  0.16 0.11 0.21 0.28
 4 15:26:32 21 3387   263  309  163  172   307  342  203  230  0.14 0.10 0.20 0.25
 5 15:26:52 21 3382   266  311  166  176   307  338  203  225  0.13 0.08 0.18 0.22
 6 15:27:12 21 3388   270  312  169  180   307  342  203  225  0.12 0.09 0.17 0.20
 7 15:27:33 21 3381   271  311  171  182   311  339  204  230  0.13 0.08 0.16 0.21
 8 15:27:53 21 3382   274  312  174  186   310  344  209  234  0.12 0.09 0.17 0.21
 9 15:28:13 21 3384   275  312  176  187   306  342  209  231  0.10 0.09 0.16 0.19
10 15:28:33 21 3390   277  311  178  189   309  340  213  233  0.10 0.09 0.16 0.19
;            Ch1    Ch2    Ch3    Ch4      blue   green  brown
;  alpha:   0.276  0.278  0.276  0.276     0.238 -0.000  0.278
; ETRmax:   209.5  170.0  267.3  326.1     719.3    0.0  191.4
;     Ik:   758.5  611.7  966.9 1180.0    3022.7    0.0  688.6
;References: BL_US PMDA0174.REF2 GR_US PMDA0174.REF2 BR_US PMDA0174.REF2

;LTK_01292018_100m

29JAN2018  15:30:49  Gain: 21  Zoff: 33 6 47 53
No   Time    G  PAR    F1   F2   F3   F4   Fm1  Fm2  Fm3  Fm4    Y1   Y2   Y3   Y4
 1 15:31:04 21 3387   285  357  173  183   361  429  229  265  0.21 0.17 0.24 0.31

29JAN2018  15:31:08  Gain: 21  Zoff: 33 6 47 53
No   Time    G  PAR    F1   F2   F3   F4   Fm1  Fm2  Fm3  Fm4    Y1   Y2   Y3   Y4
 1 15:31:08 21 3384   289  357  177  188   360  421  242  271  0.20 0.15 0.27 0.31
 2 15:31:30 21 3391   281  351  172  182   369  426  240  272  0.24 0.18 0.28 0.33
 3 15:31:50 21 3391   282  354  173  183   355  428  229  263  0.21 0.17 0.24 0.30
 4 15:32:10 21 3387   288  358  176  188   359  435  235  270  0.20 0.18 0.25 0.30
 5 15:32:31 21 3382   291  358  179  191   353  425  235  260  0.18 0.16 0.24 0.27
 6 15:32:51 21 3391   288  356  180  191   339  423  227  263  0.15 0.16 0.21 0.27
 7 15:33:11 21 3385   290  358  181  193   347  424  233  263  0.16 0.16 0.22 0.27
 8 15:33:32 21 3381   294  359  185  197   342  417  233  261  0.14 0.14 0.21 0.25
 9 15:33:52 21 3381   295  361  188  201   342  418  232  260  0.14 0.14 0.19 0.23
10 15:34:12 21 3395   295  360  189  202   341  418  232  261  0.13 0.14 0.19 0.23
;            Ch1    Ch2    Ch3    Ch4      blue   green  brown
;  alpha:   0.275  0.276  0.277  0.249     0.273 -0.000  0.275
; ETRmax:   252.4  232.4  328.9  722.1     796.8    0.0  248.8
;     Ik:   917.2  843.5 1185.8 2895.8    2918.6    0.0  904.5
;References: BL_US PMDA0174.REF2 GR_US PMDA0174.REF2 BR_US PMDA0174.REF2

;LTK_01292018_110m

29JAN2018  15:35:59  Gain: 21  Zoff: 33 6 47 53
No   Time    G  PAR    F1   F2   F3   F4   Fm1  Fm2  Fm3  Fm4    Y1   Y2   Y3   Y4
 1 15:36:10 21 3385   242  310  145  151   296  364  197  219  0.18 0.15 0.26 0.31

29JAN2018  15:36:14  Gain: 21  Zoff: 33 6 47 53
No   Time    G  PAR    F1   F2   F3   F4   Fm1  Fm2  Fm3  Fm4    Y1   Y2   Y3   Y4
 1 15:36:14 21 3389   246  311  149  156   302  359  205  225  0.19 0.13 0.27 0.31
 2 15:36:35 21 3392   241  308  146  152   301  361  197  217  0.20 0.15 0.26 0.30
 3 15:36:56 21 3388   241  309  146  152   296  366  189  214  0.19 0.16 0.23 0.29
 4 15:37:16 21 3379   245  311  149  156   298  357  189  217  0.18 0.13 0.21 0.28
 5 15:37:36 21 3382   253  315  154  162   302  367  201  221  0.16 0.14 0.23 0.27
 6 15:37:56 21 3397   257  318  157  166   303  365  197  223  0.15 0.13 0.20 0.26
 7 15:38:17 21 3386   257  318  160  167   302  361  201  224  0.15 0.12 0.20 0.25
 8 15:38:37 21 3385   258  317  162  170   300  360  199  222  0.14 0.12 0.19 0.23
 9 15:38:57 21 3388   261  319  164  174   301  362  204  230  0.13 0.12 0.20 0.24
10 15:39:18 21 3391   262  320  166  175   300  362  207  225  0.13 0.12 0.20 0.22
;            Ch1    Ch2    Ch3    Ch4      blue   green  brown
;  alpha:   0.276  0.276  0.277  0.276     0.277 -0.000  0.276
; ETRmax:   237.6  205.8  312.0  407.3     725.7    0.0  225.2
;     Ik:   862.0  744.9 1126.4 1473.2    2616.7    0.0  815.9
;References: BL_US PMDA0174.REF2 GR_US PMDA0174.REF2 BR_US PMDA0174.REF2

;LTK_01292018_120m

29JAN2018  15:42:00  Gain: 21  Zoff: 33 6 47 53
No   Time    G  PAR    F1   F2   F3   F4   Fm1  Fm2  Fm3  Fm4    Y1   Y2   Y3   Y4
 1 15:42:12 21 3389   211  270  126  128   245  300  161  176  0.14 0.10 0.22 0.27

29JAN2018  15:42:16  Gain: 21  Zoff: 33 6 47 53
No   Time    G  PAR    F1   F2   F3   F4   Fm1  Fm2  Fm3  Fm4    Y1   Y2   Y3   Y4
 1 15:42:16 21 3381   214  269  130  132   251  290  168  183  0.15 0.07 0.23 0.28
 2 15:42:38 21 3386   212  269  128  130   240  294  160  176  0.12 0.09 0.20 0.26
 3 15:42:58 21 3385   213  269  128  130   244  296  158  181  0.13 0.09 0.19 0.28
 4 15:43:18 21 3391   214  270  130  132   247  298  162  183  0.13 0.09 0.20 0.28
 5 15:43:38 21 3386   216  270  132  134   245  294  165  184  0.12 0.08 0.20 0.27
 6 15:43:59 21 3387   216  269  134  136   247  293  170  181  0.13 0.08 0.21 0.25
 7 15:44:19 21 3385   219  269  136  139   253  292  166  188  0.13 0.08 0.18 0.26
 8 15:44:39 21 3385   220  268  138  141   249  291  167  186  0.12 0.08 0.17 0.24
 9 15:45:00 21 3389   220  267  139  143   247  290  168  187  0.11 0.08 0.17 0.24
10 15:45:20 21 3391   221  266  141  145   255  290  175  189  0.13 0.08 0.19 0.23
;            Ch1    Ch2    Ch3    Ch4      blue   green  brown
;  alpha:   0.277  0.278  0.276  0.276     0.294 -0.000  0.276
; ETRmax:   200.9  156.8  277.2  389.8     736.3    0.0  176.6
;     Ik:   726.6  564.5 1002.8 1411.1    2502.4    0.0  639.4
;References: BL_US PMDA0174.REF2 GR_US PMDA0174.REF2 BR_US PMDA0174.REF2

;LTK_01292018_130m

29JAN2018  15:47:12  Gain: 21  Zoff: 33 6 47 53
No   Time    G  PAR    F1   F2   F3   F4   Fm1  Fm2  Fm3  Fm4    Y1   Y2   Y3   Y4
 1 15:47:28 21 3385   227  287  133  137   263  311  174  187  0.14 0.08 0.24 0.27

29JAN2018  15:47:32  Gain: 21  Zoff: 33 6 47 53
No   Time    G  PAR    F1   F2   F3   F4   Fm1  Fm2  Fm3  Fm4    Y1   Y2   Y3   Y4
 1 15:47:33 21 3386   230  285  137  142   265  308  173  197  0.13 0.07 0.21 0.28
 2 15:47:54 21 3390   229  286  136  140   263  311  169  188  0.13 0.08 0.20 0.26
 3 15:48:14 21 3385   229  286  135  140   266  318  172  191  0.14 0.10 0.22 0.27
 4 15:48:35 21 3380   230  287  138  142   264  312  170  189  0.13 0.08 0.19 0.25
 5 15:48:55 21 3387   231  287  140  145   261  313  175  191  0.11 0.08 0.20 0.24
 6 15:49:15 21 3386   233  287  141  147   263  318  178  193  0.11 0.10 0.21 0.24
 7 15:49:36 21 3385   236  288  144  150   273  318  173  194  0.14 0.09 0.17 0.23
 8 15:49:56 21 3383   238  289  147  154   268  316  175  193  0.11 0.09 0.16 0.20
 9 15:50:16 21 3384   240  289  150  157   268  317  182  200  0.10 0.09 0.18 0.22
10 15:50:36 21 3384   241  289  151  159   270  318  182  202  0.11 0.09 0.17 0.21
;            Ch1    Ch2    Ch3    Ch4      blue   green  brown
;  alpha:   0.277  0.278  0.276  0.277     0.277 -0.000  0.277
; ETRmax:   196.5  162.1  269.9  344.8     593.1    0.0  178.1
;     Ik:   709.0  582.7  976.4 1246.5    2145.1    0.0  642.2
;References: BL_US PMDA0174.REF2 GR_US PMDA0174.REF2 BR_US PMDA0174.REF2

;LTK_01292018_140m

29JAN2018  15:53:46  Gain: 21  Zoff: 33 6 47 53
No   Time    G  PAR    F1   F2   F3   F4   Fm1  Fm2  Fm3  Fm4    Y1   Y2   Y3   Y4
 1 15:53:58 21 3374   233  292  134  138   267  316  164  187  0.13 0.08 0.18 0.26

29JAN2018  15:54:06  Gain: 21  Zoff: 33 6 47 53
No   Time    G  PAR    F1   F2   F3   F4   Fm1  Fm2  Fm3  Fm4    Y1   Y2   Y3   Y4
 1 15:54:07 21 3384   236  289  139  144   268  315  173  193  0.12 0.08 0.20 0.25
 2 15:54:29 21 3386   233  291  136  141   263  314  170  186  0.11 0.07 0.20 0.24
 3 15:54:49 21 3383   236  293  137  142   268  323  169  188  0.12 0.09 0.19 0.24
 4 15:55:09 21 3379   238  294  139  145   270  316  177  187  0.12 0.07 0.21 0.22
 5 15:55:29 21 3386   239  294  141  147   272  322  172  194  0.12 0.09 0.18 0.24
 6 15:55:50 21 3389   241  295  144  150   271  315  176  194  0.11 0.06 0.18 0.23
 7 15:56:10 21 3382   244  296  146  153   280  318  177  196  0.13 0.07 0.18 0.22
 8 15:56:30 21 3385   245  296  149  156   278  317  183  196  0.12 0.07 0.19 0.20
 9 15:56:51 21 3378   246  295  151  158   275  319  181  202  0.11 0.08 0.17 0.22
10 15:57:11 21 3377   248  295  152  161   282  318  183  202  0.12 0.07 0.17 0.20
;            Ch1    Ch2    Ch3    Ch4      blue   green  brown
;  alpha:   0.277  0.278  0.277  0.276     0.277 -0.000  0.278
; ETRmax:   192.5  149.1  266.4  325.9     590.1    0.0  168.9
;     Ik:   694.1  536.1  963.2 1179.0    2132.8    0.0  608.3
;References: BL_US PMDA0174.REF2 GR_US PMDA0174.REF2 BR_US PMDA0174.REF2