Gain: 21  Zoff: 255 296 179 182
;LTM_03272018_0m
27MAR2018  19:02:49  Gain: 21  Zoff: 255 296 179 182
No   Time    G  PAR    F1   F2   F3   F4   Fm1  Fm2  Fm3  Fm4    Y1   Y2   Y3   Y4
 1 19:12:26 21 3385    92  100   72   82   176  180  140  174  0.48 0.44 0.49 0.53

27MAR2018  19:12:31  Gain: 21  Zoff: 255 296 179 182
No   Time    G  PAR    F1   F2   F3   F4   Fm1  Fm2  Fm3  Fm4    Y1   Y2   Y3   Y4
 1 19:12:31 21 3388    96  100   78   89   171  180  142  171  0.44 0.44 0.45 0.48
 2 19:12:53 21 3386    93   97   73   82   184  183  146  181  0.49 0.47 0.50 0.55
 3 19:13:13 21 3390    95  100   75   85   178  187  137  180  0.47 0.47 0.45 0.53
 4 19:13:33 21 3384    88   98   71   81   159  179  139  161  0.45 0.45 0.49 0.50
 5 19:13:53 21 3390    92  100   75   85   159  176  137  168  0.42 0.43 0.45 0.49
 6 19:14:14 21 3379    92   99   76   87   152  176  126  158  0.39 0.44 0.40 0.45
 7 19:14:34 21 3389    90   98   75   86   142  172  127  156  0.37 0.43 0.41 0.45
 8 19:14:54 21 3389    91   98   78   89   145  170  129  155  0.37 0.42 0.40 0.43
 9 19:15:15 21 3389    89   96   77   88   135  166  126  156  0.34 0.42 0.39 0.44
10 19:15:35 21 3383    88   94   77   88   138  155  122  152  0.36 0.39 0.37 0.42
;            Ch1    Ch2    Ch3    Ch4      blue   green  brown
;  alpha:   0.398  0.433  0.425  0.481     0.427 -0.000  0.441
; ETRmax:   795.7  818.0  808.0  850.5     808.8    0.0  826.6
;     Ik:  1997.2 1889.9 1902.3 1768.1    1895.3    0.0 1873.4
;References: BL_US PMDA0174.REF2 GR_US PMDA0174.REF2 BR_US PMDA0174.REF2

;LTM_03272018_10m

27MAR2018  19:19:15  Gain: 21  Zoff: 255 296 179 182
No   Time    G  PAR    F1   F2   F3   F4   Fm1  Fm2  Fm3  Fm4    Y1   Y2   Y3   Y4
 1 19:19:28 21 3383    73   73   60   71   155  139  122  162  0.53 0.47 0.51 0.56

27MAR2018  19:19:33  Gain: 21  Zoff: 255 296 179 182
No   Time    G  PAR    F1   F2   F3   F4   Fm1  Fm2  Fm3  Fm4    Y1   Y2   Y3   Y4
 1 19:19:33 21 3391    77   72   67   79   153  134  130  162  0.50 0.46 0.48 0.51
 2 19:19:55 21 3389    74   71   63   74   154  136  130  166  0.52 0.48 0.52 0.55
 3 19:20:15 21 3381    73   72   61   72   147  142  118  160  0.50 0.49 0.48 0.55
 4 19:20:35 21 3382    71   72   61   72   136  133  114  142  0.48 0.46 0.46 0.49
 5 19:20:56 21 3381    72   74   63   74   137  141  123  154  0.47 0.48 0.49 0.52
 6 19:21:16 21 3384    73   74   65   76   134  134  118  142  0.46 0.45 0.45 0.46
 7 19:21:36 21 3386    72   74   66   78   128  131  112  144  0.44 0.44 0.41 0.46
 8 19:21:56 21 3380    73   74   67   79   130  133  113  140  0.44 0.44 0.41 0.44
 9 19:22:17 21 3383    73   74   68   80   127  125  110  140  0.43 0.41 0.38 0.43
10 19:22:37 21 3385    76   74   71   83   127  131  117  148  0.40 0.44 0.39 0.44
;            Ch1    Ch2    Ch3    Ch4      blue   green  brown
;  alpha:   0.467  0.454  0.447  0.499    896656.3 -0.000  0.491
; ETRmax:   844.0  840.3  829.9  866.1    3533.5    0.0  868.3
;     Ik:  1805.7 1850.9 1857.3 1737.0       0.0    0.0 1766.7
;References: BL_US PMDA0174.REF2 GR_US PMDA0174.REF2 BR_US PMDA0174.REF2

;LTM_03272018_20m

27MAR2018  19:25:22  Gain: 21  Zoff: 255 296 179 182
No   Time    G  PAR    F1   F2   F3   F4   Fm1  Fm2  Fm3  Fm4    Y1   Y2   Y3   Y4
 1 19:25:34 21 3386    78   64   59   70   160  132  122  156  0.51 0.52 0.52 0.55

27MAR2018  19:25:38  Gain: 21  Zoff: 255 296 179 182
No   Time    G  PAR    F1   F2   F3   F4   Fm1  Fm2  Fm3  Fm4    Y1   Y2   Y3   Y4
 1 19:25:38 21 3384    80   63   63   74   159  125  130  165  0.50 0.50 0.52 0.55
 2 19:25:59 21 3387    76   60   60   69   168  136  141  167  0.55 0.56 0.57 0.59
 3 19:26:20 21 3382    75   62   59   69   161  138  129  164  0.53 0.55 0.54 0.58
 4 19:26:40 21 3381    76   62   61   70   154  138  119  150  0.51 0.55 0.49 0.53
 5 19:27:00 21 3376    78   65   65   75   149  134  127  160  0.48 0.51 0.49 0.53
 6 19:27:21 21 3380    75   63   64   73   130  124  117  140  0.42 0.49 0.45 0.48
 7 19:27:41 21 3383    76   62   66   75   134  123  121  146  0.43 0.50 0.45 0.49
 8 19:28:01 21 3388    77   62   70   79   126  119  119  143  0.39 0.48 0.41 0.45
 9 19:28:21 21 3388    74   61   70   79   124  123  118  140  0.40 0.50 0.41 0.44
10 19:28:42 21 3388    73   58   68   77   118  107  118  140  0.38 0.46 0.42 0.45
;            Ch1    Ch2    Ch3    Ch4      blue   green  brown
;  alpha:   0.461  0.506  0.484  0.504     0.491  0.660  0.621
; ETRmax:   845.3 1244.0  861.5 1243.9    1223.1  976.4  949.8
;     Ik:  1832.7 2459.2 1780.0 2467.5    2492.0 1478.3 1528.6
;References: BL_US PMDA0174.REF2 GR_US PMDA0174.REF2 BR_US PMDA0174.REF2

;LTM_03272018_30m

27MAR2018  19:31:49  Gain: 21  Zoff: 255 296 179 182
No   Time    G  PAR    F1   F2   F3   F4   Fm1  Fm2  Fm3  Fm4    Y1   Y2   Y3   Y4
 1 19:32:10 21 3387   168  122  102  118   328  250  219  255  0.49 0.51 0.53 0.54

27MAR2018  19:32:14  Gain: 21  Zoff: 255 296 179 182
No   Time    G  PAR    F1   F2   F3   F4   Fm1  Fm2  Fm3  Fm4    Y1   Y2   Y3   Y4
 1 19:32:14 21 3384   172  123  107  123   319  234  213  258  0.46 0.47 0.50 0.52
 2 19:32:35 21 3385   158  113   96  110   336  248  219  259  0.53 0.54 0.56 0.58
 3 19:32:56 21 3385   161  118   99  114   316  248  207  246  0.49 0.52 0.52 0.54
 4 19:33:16 21 3381   152  113   95  109   285  232  186  228  0.47 0.51 0.49 0.52
 5 19:33:36 21 3387   151  114   96  111   255  214  174  217  0.41 0.47 0.45 0.49
 6 19:33:56 21 3383   155  116   98  114   265  224  176  215  0.42 0.48 0.44 0.47
 7 19:34:17 21 3382   166  122  107  124   259  211  176  215  0.36 0.42 0.39 0.42
 8 19:34:37 21 3385   157  117  101  117   231  200  165  201  0.32 0.41 0.39 0.42
 9 19:34:57 21 3383   152  115  101  117   226  188  165  195  0.33 0.39 0.39 0.40
10 19:35:18 21 3390   153  114  103  119   224  192  163  196  0.32 0.41 0.37 0.39
;            Ch1    Ch2    Ch3    Ch4      blue   green  brown
;  alpha:   0.388  0.468  0.434  0.464     0.488  0.469  0.541
; ETRmax:  1040.3  844.6 1125.6 1175.2    1221.8 1186.2  898.4
;     Ik:  2681.0 1804.7 2592.0 2532.8    2503.9 2530.6 1661.9
;References: BL_US PMDA0174.REF2 GR_US PMDA0174.REF2 BR_US PMDA0174.REF2

;LTM_03272018_40m

27MAR2018  19:38:07  Gain: 21  Zoff: 255 296 179 182
No   Time    G  PAR    F1   F2   F3   F4   Fm1  Fm2  Fm3  Fm4    Y1   Y2   Y3   Y4
 1 19:38:19 21 3391   140  212  103  115   276  416  213  251  0.49 0.49 0.52 0.54

27MAR2018  19:38:32  Gain: 21  Zoff: 255 296 179 182
No   Time    G  PAR    F1   F2   F3   F4   Fm1  Fm2  Fm3  Fm4    Y1   Y2   Y3   Y4
 1 19:38:32 21 3384   128  202   94  106   234  399  182  219  0.45 0.49 0.48 0.52
 2 19:38:54 21 3388   115  192   86   97   269  421  210  250  0.57 0.54 0.59 0.61
 3 19:39:14 21 3387   123  200   91  102   238  406  187  220  0.48 0.51 0.51 0.54
 4 19:39:34 21 3386   116  199   87   98   216  396  176  206  0.46 0.50 0.51 0.52
 5 19:39:54 21 3382   110  197   83   94   194  374  156  191  0.43 0.47 0.47 0.51
 6 19:40:15 21 3386   117  203   89  100   202  379  170  195  0.42 0.46 0.48 0.49
 7 19:40:35 21 3381   114  204   88   99   186  363  155  183  0.39 0.44 0.43 0.46
 8 19:40:55 21 3385   123  211   97  109   216  387  183  217  0.43 0.45 0.47 0.50
 9 19:41:16 21 3386   146  225  112  125   198  367  163  196  0.26 0.39 0.31 0.36
10 19:41:36 21 3382   122  214   96  107   185  359  160  190  0.34 0.40 0.40 0.44
;            Ch1    Ch2    Ch3    Ch4      blue   green  brown
;  alpha:  185137.1  0.473 22467.88 140040.6     0.425 -0.000  0.482
; ETRmax:  3345.6  843.0 2765.4 3404.9     809.0    0.0  860.2
;     Ik:     0.0 1783.7    0.1    0.0    1901.9    0.0 1786.0
;References: BL_US PMDA0174.REF2 GR_US PMDA0174.REF2 BR_US PMDA0174.REF2

;LTM_03272018_50m

27MAR2018  19:44:02  Gain: 21  Zoff: 255 296 179 182
No   Time    G  PAR    F1   F2   F3   F4   Fm1  Fm2  Fm3  Fm4    Y1   Y2   Y3   Y4
 1 19:44:14 21 3386   194  329  117  139   354  557  235  286  0.45 0.41 0.50 0.51

27MAR2018  19:44:17  Gain: 21  Zoff: 255 296 179 182
No   Time    G  PAR    F1   F2   F3   F4   Fm1  Fm2  Fm3  Fm4    Y1   Y2   Y3   Y4
 1 19:44:18 21 3385   200  335  124  146   360  554  237  291  0.44 0.40 0.48 0.50
 2 19:44:39 21 3382   181  310  113  132   375  571  246  308  0.52 0.46 0.54 0.57
 3 19:44:59 21 3376   190  322  115  135   370  574  237  296  0.49 0.44 0.51 0.54
 4 19:45:20 21 3379   200  331  122  143   357  563  236  287  0.44 0.41 0.48 0.50
 5 19:45:40 21 3387   202  334  124  147   347  555  229  286  0.42 0.40 0.46 0.49
 6 19:46:00 21 3380   213  342  132  157   340  544  222  272  0.37 0.37 0.41 0.42
 7 19:46:21 21 3383   214  346  133  158   327  538  217  268  0.35 0.36 0.39 0.41
 8 19:46:41 21 3378   214  347  134  159   323  529  214  270  0.34 0.34 0.37 0.41
 9 19:47:01 21 3385   225  357  142  168   321  532  221  272  0.30 0.33 0.36 0.38
10 19:47:21 21 3378   223  359  140  167   308  517  210  262  0.28 0.31 0.33 0.36
;            Ch1    Ch2    Ch3    Ch4      blue   green  brown
;  alpha:   0.378  0.363  0.415  0.461     0.415 -0.000  0.395
; ETRmax:   778.0  765.5 1066.4  844.2     804.8    0.0  791.3
;     Ik:  2057.5 2111.1 2571.1 1830.1    1938.2    0.0 2002.8
;References: BL_US PMDA0174.REF2 GR_US PMDA0174.REF2 BR_US PMDA0174.REF2

;LTM_03272018_60m

27MAR2018  19:50:09  Gain: 21  Zoff: 255 296 179 182
No   Time    G  PAR    F1   F2   F3   F4   Fm1  Fm2  Fm3  Fm4    Y1   Y2   Y3   Y4
 1 19:50:24 21 3383   124  150   73   88   239  265  157  194  0.48 0.43 0.54 0.55

27MAR2018  19:50:28  Gain: 21  Zoff: 255 296 179 182
No   Time    G  PAR    F1   F2   F3   F4   Fm1  Fm2  Fm3  Fm4    Y1   Y2   Y3   Y4
 1 19:50:29 21 3381   128  149   80   94   238  262  168  202  0.46 0.43 0.52 0.53
 2 19:50:50 21 3389   114  139   70   82   270  290  167  211  0.58 0.52 0.58 0.61
 3 19:51:11 21 3378   123  147   72   87   264  280  163  207  0.53 0.47 0.56 0.58
 4 19:51:31 21 3384   143  159   85  101   253  276  167  208  0.43 0.42 0.49 0.51
 5 19:51:51 21 3382   128  150   79   93   219  251  149  181  0.42 0.40 0.47 0.49
 6 19:52:11 21 3378   147  161   92  108   238  257  155  188  0.38 0.37 0.41 0.43
 7 19:52:32 21 3381   147  163   91  108   220  254  146  180  0.33 0.36 0.38 0.40
 8 19:52:52 21 3383   148  164   94  111   223  248  151  188  0.34 0.34 0.38 0.41
 9 19:53:12 21 3383   157  169   99  117   220  250  151  188  0.29 0.32 0.34 0.38
10 19:53:33 21 3386   162  171  102  121   222  250  150  187  0.27 0.32 0.32 0.35
;            Ch1    Ch2    Ch3    Ch4      blue   green  brown
;  alpha:   0.390  0.381  0.443  0.456     0.437 -0.000  0.399
; ETRmax:   785.6  781.1  827.6 1169.0    1131.0    0.0 1051.1
;     Ik:  2016.4 2049.6 1870.0 2563.4    2586.5    0.0 2637.2
;References: BL_US PMDA0174.REF2 GR_US PMDA0174.REF2 BR_US PMDA0174.REF2

;LTM_03272018_70m

27MAR2018  19:57:01  Gain: 21  Zoff: 255 296 179 182
No   Time    G  PAR    F1   F2   F3   F4   Fm1  Fm2  Fm3  Fm4    Y1   Y2   Y3   Y4
 1 19:57:13 21 3389   154  138   90  107   273  236  177  216  0.44 0.42 0.49 0.50

27MAR2018  19:57:17  Gain: 21  Zoff: 255 296 179 182
No   Time    G  PAR    F1   F2   F3   F4   Fm1  Fm2  Fm3  Fm4    Y1   Y2   Y3   Y4
 1 19:57:18 21 3382   158  137   96  113   275  237  181  222  0.43 0.42 0.47 0.49
 2 19:57:39 21 3386   142  127   86  101   301  252  192  238  0.53 0.50 0.55 0.58
 3 19:57:59 21 3386   162  140   96  113   295  251  197  234  0.45 0.44 0.51 0.52
 4 19:58:20 21 3379   161  142   97  116   266  234  171  216  0.39 0.39 0.43 0.46
 5 19:58:40 21 3389   174  150  106  126   271  240  179  220  0.36 0.38 0.41 0.43
 6 19:59:00 21 3386   175  150  107  127   249  222  165  206  0.30 0.32 0.35 0.38
 7 19:59:21 21 3390   179  151  110  130   254  218  166  201  0.30 0.31 0.34 0.35
 8 19:59:41 21 3385   178  152  111  132   244  218  161  200  0.27 0.30 0.31 0.34
.9 20:00:01 21 3382   183  154  115  136   242  220  167  204  0.24 0.30 0.31 0.33
10 20:00:21 21 3389   181  155  114  135   240  208  166  198  0.25 0.25 0.31 0.32
;            Ch1    Ch2    Ch3    Ch4      blue   green  brown
;  alpha:  137036.9 70677.16 172481.2 135490.5    212516.4 -0.000 11318270
; ETRmax:  2858.5 5029.0 3693.3 259362.7    4719.9    0.0 4725.0
;     Ik:     0.0    0.1    0.0    1.9       0.0    0.0    0.0
;References: BL_US PMDA0174.REF2 GR_US PMDA0174.REF2 BR_US PMDA0174.REF2

;LTM_03272018_80m
27MAR2018  20:03:15  Gain: 21  Zoff: 255 296 179 182
No   Time    G  PAR    F1   F2   F3   F4   Fm1  Fm2  Fm3  Fm4    Y1   Y2   Y3   Y4
 1 20:03:27 21 3382   129   88   69   83   202  133  124  156  0.36 0.34 0.44 0.47

27MAR2018  20:03:31  Gain: 21  Zoff: 255 296 179 182
No   Time    G  PAR    F1   F2   F3   F4   Fm1  Fm2  Fm3  Fm4    Y1   Y2   Y3   Y4
 1 20:03:31 21 3387   130   86   73   87   201  132  132  155  0.35 0.35 0.45 0.44
 2 20:03:53 21 3388   119   81   64   77   225  152  141  183  0.47 0.47 0.55 0.58
 3 20:04:13 21 3380   125   83   69   82   200  139  126  163  0.38 0.40 0.45 0.50
 4 20:04:33 21 3385   134   89   73   88   202  142  129  162  0.34 0.37 0.43 0.46
 5 20:04:54 21 3386   145   94   80   97   194  134  127  155  0.25 0.30 0.37 0.37
 6 20:05:14 21 3388   139   89   79   95   193  128  118  158  0.28 0.30 0.33 0.40
 7 20:05:34 21 3381   149   96   85  101   194  136  127  162  0.23 0.29 0.33 0.38
 8 20:05:55 21 3385   146   90   86  101   185  119  122  150  0.21 0.24 0.30 0.33
 9 20:06:15 21 3380   140   85   85  101   183  119  123  152  0.23 0.29 0.31 0.34
10 20:06:35 21 3379   146   89   87  104   188  124  129  156  0.22 0.28 0.33 0.33
;            Ch1    Ch2    Ch3    Ch4      blue   green  brown
;  alpha:   0.267  0.304  0.360  0.400     0.514  0.305 249420.3
; ETRmax:   782.1  739.2  982.8  795.1    1259.4  870.2 292511.9
;     Ik:  2930.8 2434.3 2728.9 1985.8    2452.3 2851.6    1.2
;References: BL_US PMDA0174.REF2 GR_US PMDA0174.REF2 BR_US PMDA0174.REF2

;LTM_03272018_90m

27MAR2018  20:09:04  Gain: 21  Zoff: 255 296 179 182
No   Time    G  PAR    F1   F2   F3   F4   Fm1  Fm2  Fm3  Fm4    Y1   Y2   Y3   Y4
 1 20:09:17 21 3376    52   32   30   36    97   64   73   91  0.46 0.50 0.59 0.60

27MAR2018  20:09:26  Gain: 21  Zoff: 255 296 179 182
No   Time    G  PAR    F1   F2   F3   F4   Fm1  Fm2  Fm3  Fm4    Y1   Y2   Y3   Y4
 1 20:09:26 21 3378    54   28   35   41   105   62   76  100  0.49 0.55 0.54 0.59
 2 20:09:48 21 3388    45   28   28   33   100   66   77   96  0.55 0.58 0.64 0.66
 3 20:10:08 21 3382    48   28   29   35    96   66   68   92  0.50 0.58 0.57 0.62
 4 20:10:28 21 3387    53   30   32   39    98   66   70   92  0.46 0.55 0.54 0.58
 5 20:10:49 21 3383    61   33   39   46   100   63   71   95  0.39 0.48 0.45 0.52
 6 20:11:09 21 3383    58   31   38   45    96   58   71   95  0.40 0.47 0.46 0.53
 7 20:11:29 21 3385    57   28   39   46    92   57   75   92  0.38 0.51 0.48 0.50
 8 20:11:50 21 3388    59   27   42   49    97   51   72   96  0.39 0.47 0.42 0.49
 9 20:12:10 21 3386    63   28   45   52    97   57   79   99  0.35 0.51 0.43 0.47
10 20:12:30 21 3389    62   27   46   53    97   50   81   98  0.36 0.46 0.43 0.46
;            Ch1    Ch2    Ch3    Ch4      blue   green  brown
;  alpha:   0.419 20877.35  0.514 3387790.     0.721 23368.74  0.703
; ETRmax:   809.6 3292.7  881.9 3791.4    1019.7 3373.5 1007.0
;     Ik:  1932.0    0.2 1717.3    0.0    1415.0    0.1 1432.9
;References: BL_US PMDA0174.REF2 GR_US PMDA0174.REF2 BR_US PMDA0174.REF2

;LTM_03272018_100m

27MAR2018  20:15:06  Gain: 21  Zoff: 255 296 179 182
No   Time    G  PAR    F1   F2   F3   F4   Fm1  Fm2  Fm3  Fm4    Y1   Y2   Y3   Y4
 1 20:15:29 21 3383    25   19   14   19    60   45   49   70  0.58 ---- ---- ----

27MAR2018  20:15:32  Gain: 21  Zoff: 255 296 179 182
No   Time    G  PAR    F1   F2   F3   F4   Fm1  Fm2  Fm3  Fm4    Y1   Y2   Y3   Y4
 1 20:15:32 21 3385    27   18   18   23    68   36   53   78  0.60 ---- ---- 0.71
 2 20:15:54 21 3388    23   16   14   19    56   46   50   68  0.59 ---- ---- ----
 3 20:16:14 21 3389    24   17   15   20    67   42   49   72  0.64 ---- ---- ----
 4 20:16:34 21 3383    26   18   17   24    61   42   47   68  0.57 ---- ---- 0.65
 5 20:16:54 21 3383    27   16   18   24    60   44   52   73  0.55 ---- ---- 0.67
 6 20:17:15 21 3385    26   14   19   24    58   39   54   78  0.55 ---- ---- 0.69
 7 20:17:35 21 3383    28   14   21   27    60   43   54   74  0.53 ---- 0.61 0.64
 8 20:17:55 21 3387    30   14   25   32    62   34   54   77  0.52 ---- 0.54 0.58
 9 20:18:16 21 3388    29   11   24   30    60   36   54   75  0.52 ---- 0.56 0.60
10 20:18:36 21 3387    29    9   26   31    63   37   59   74  0.54 ---- 0.56 0.58
;            Ch1    Ch2    Ch3    Ch4      blue   green  brown
;  alpha:   0.611 -0.000  0.618  0.742     0.824  0.685  0.664
; ETRmax:   946.8    0.0  950.8 1030.5    1085.2  998.2  980.2
;     Ik:  1550.2    0.0 1539.3 1388.5    1317.2 1456.6 1476.3
;References: BL_US PMDA0174.REF2 GR_US PMDA0174.REF2 BR_US PMDA0174.REF2

;LTM_03272018_110m

27MAR2018  20:21:04  Gain: 21  Zoff: 255 296 179 182
No   Time    G  PAR    F1   F2   F3   F4   Fm1  Fm2  Fm3  Fm4    Y1   Y2   Y3   Y4
 1 20:21:19 21 3383    14   12    6   10    54   40   46   61  ---- ---- ---- ----

27MAR2018  20:21:22  Gain: 21  Zoff: 255 296 179 182
No   Time    G  PAR    F1   F2   F3   F4   Fm1  Fm2  Fm3  Fm4    Y1   Y2   Y3   Y4
 1 20:21:23 21 3387    17   11   10   15    54   34   51   72  ---- ---- ---- ----
 2 20:21:44 21 3391    15   10    9   13    52   36   42   60  ---- ---- ---- ----
 3 20:22:04 21 3384    14   10    8   12    46   39   45   62  ---- ---- ---- ----
 4 20:22:25 21 3385    16   10   10   14    50   38   42   63  ---- ---- ---- ----
 5 20:22:45 21 3389    18   11   12   16    52   36   45   66  ---- ---- ---- ----
 6 20:23:05 21 3381    20   11   16   20    49   40   51   70  ---- ---- ---- ----
 7 20:23:26 21 3391    20    8   16   20    49   34   43   69  ---- ---- ---- ----
 8 20:23:46 21 3385    21    8   18   22    57   32   49   70  0.63 ---- ---- 0.69
 9 20:24:06 21 3386    22    8   20   25    51   34   51   71  0.57 ---- ---- 0.65
10 20:24:26 21 3379    24    6   22   26    56   28   49   71  0.57 ---- 0.55 0.63
;            Ch1    Ch2    Ch3    Ch4      blue   green  brown
;  alpha:   0.659 -0.000  0.594  0.771     0.750  0.753  0.830
; ETRmax:   975.4    0.0  936.7 1050.0    1581.7 1582.6 1089.4
;     Ik:  1481.0    0.0 1576.5 1362.7    2108.1 2101.8 1312.8
;References: BL_US PMDA0174.REF2 GR_US PMDA0174.REF2 BR_US PMDA0174.REF2

;LTM_03272018_120m

27MAR2018  20:28:03  Gain: 21  Zoff: 255 296 179 182
No   Time    G  PAR    F1   F2   F3   F4   Fm1  Fm2  Fm3  Fm4    Y1   Y2   Y3   Y4
 1 20:28:13 21 3383    20   18    9   13    56   48   49   69  ---- ---- ---- ----

27MAR2018  20:28:18  Gain: 21  Zoff: 255 296 179 182
No   Time    G  PAR    F1   F2   F3   F4   Fm1  Fm2  Fm3  Fm4    Y1   Y2   Y3   Y4
 1 20:28:18 21 3385    23   17   14   18    56   44   53   74  0.59 ---- ---- ----
 2 20:28:39 21 3388    20   17   11   14    53   44   47   62  ---- ---- ---- ----
 3 20:29:00 21 3383    21   18   11   15    64   50   49   69  0.67 ---- ---- ----
 4 20:29:20 21 3385    24   18   14   18    56   46   52   69  0.57 ---- ---- ----
 5 20:29:40 21 3382    24   17   15   20    58   42   50   67  0.59 ---- ---- ----
 6 20:30:01 21 3386    25   17   18   22    63   42   52   73  0.60 ---- ---- 0.70
 7 20:30:21 21 3386    26   16   19   25    54   38   57   69  0.52 ---- ---- 0.64
 8 20:30:41 21 3383    28   15   22   26    60   44   55   77  0.53 ---- 0.60 0.66
 9 20:31:01 21 3375    29   15   23   28    65   45   58   74  0.55 ---- 0.60 0.62
10 20:31:22 21 3388    29   14   24   29    60   42   57   72  0.52 ---- 0.58 0.60
;            Ch1    Ch2    Ch3    Ch4      blue   green  brown
;  alpha:  105295.7 -0.000  0.665  0.749     0.966  0.737 19111205
; ETRmax:  3956.5    0.0  980.2 1037.3    1157.8 1028.4 3288.0
;     Ik:     0.0    0.0 1475.0 1385.0    1198.5 1396.2    0.0
;References: BL_US PMDA0174.REF2 GR_US PMDA0174.REF2 BR_US PMDA0174.REF2

;LTM_03272018_130m

27MAR2018  20:33:53  Gain: 21  Zoff: 255 296 179 182
No   Time    G  PAR    F1   F2   F3   F4   Fm1  Fm2  Fm3  Fm4    Y1   Y2   Y3   Y4
 1 20:34:06 21 3375   290  295   84   91   320  315  115  140  0.09 0.06 0.27 0.35

27MAR2018  20:34:09  Gain: 21  Zoff: 255 296 179 182
No   Time    G  PAR    F1   F2   F3   F4   Fm1  Fm2  Fm3  Fm4    Y1   Y2   Y3   Y4
 1 20:34:09 21 3386   292  293   88   95   322  315  123  148  0.09 0.07 0.28 0.36
 2 20:34:31 21 3390   292  296   88   95   325  322  122  144  0.10 0.08 0.28 0.34
 3 20:34:51 21 3386   292  294   88   95   324  322  123  148  0.10 0.09 0.28 0.36
 4 20:35:11 21 3383   288  291   87   94   320  315  119  141  0.10 0.08 0.27 0.33
 5 20:35:32 21 3387   287  288   88   96   317  312  116  146  0.09 0.08 0.24 0.34
 6 20:35:52 21 3384   285  284   90   97   316  311  123  144  0.10 0.09 0.27 0.33
 7 20:36:12 21 3373   285  282   91   99   314  304  123  144  0.09 0.07 0.26 0.31
 8 20:36:33 21 3376   284  279   93  101   308  304  124  151  0.08 0.08 0.25 0.33
 9 20:36:53 21 3389   283  276   95  103   313  297  125  154  0.10 0.07 0.24 0.33
10 20:37:13 21 3387   281  272   95  103   308  298  125  153  0.09 0.09 0.24 0.33
;            Ch1    Ch2    Ch3    Ch4      blue   green  brown
;  alpha:   0.278  0.279  0.277 130759.7    -0.000 -0.000  0.277
; ETRmax:   168.4  153.1  395.5 3476.7       0.0    0.0  202.9
;     Ik:   606.2  548.6 1428.3    0.0       0.0    0.0  733.6
;References: BL_US PMDA0174.REF2 GR_US PMDA0174.REF2 BR_US PMDA0174.REF2

;LTM_03272018_140m

27MAR2018  20:39:53  Gain: 21  Zoff: 255 296 179 182
No   Time    G  PAR    F1   F2   F3   F4   Fm1  Fm2  Fm3  Fm4    Y1   Y2   Y3   Y4
 1 20:40:46 21 3385   307  313   88   94   338  333  123  146  0.09 0.06 0.28 0.36

27MAR2018  20:40:49  Gain: 21  Zoff: 255 296 179 182
No   Time    G  PAR    F1   F2   F3   F4   Fm1  Fm2  Fm3  Fm4    Y1   Y2   Y3   Y4
 1 20:40:50 21 3383   309  311   92   98   338  334  131  151  0.09 0.07 0.30 0.35
 2 20:41:11 21 3390   306  309   90   96   336  331  123  146  0.09 0.07 0.27 0.34
 3 20:41:31 21 3382   303  307   88   94   330  328  120  138  0.08 0.06 0.27 0.32
 4 20:41:52 21 3389   301  304   89   95   329  327  123  137  0.09 0.07 0.28 0.31
 5 20:42:12 21 3385   300  300   90   96   328  326  124  145  0.09 0.08 0.27 0.34
 6 20:42:32 21 3380   299  298   92   97   326  318  126  142  0.08 0.06 0.27 0.32
 7 20:42:53 21 3386   298  295   93   99   328  315  127  143  0.09 0.06 0.27 0.31
 8 20:43:13 21 3381   296  292   94  100   320  315  125  147  0.08 0.07 0.25 0.32
 9 20:43:33 21 3384   295  288   95  101   325  311  126  141  0.09 0.07 0.25 0.28
10 20:43:53 21 3383   292  284   95  102   316  309  124  149  0.08 0.08 0.23 0.32
;            Ch1    Ch2    Ch3    Ch4      blue   green  brown
;  alpha:   0.279  0.277  0.276  0.291    -0.000 -0.000  0.278
; ETRmax:   158.9  143.6  405.6  834.1       0.0    0.0  192.4
;     Ik:   570.3  518.6 1467.3 2862.0       0.0    0.0  692.8
;References: BL_US PMDA0174.REF2 GR_US PMDA0174.REF2 BR_US PMDA0174.REF2