
Gain: 20  Zoff: 180 192 119 116

;LTK_09272018_0m


27SEP2018  14:30:27  Gain: 20  Zoff: 180 192 119 116
No   Time    G  PAR    F1   F2   F3   F4   Fm1  Fm2  Fm3  Fm4    Y1   Y2   Y3   Y4
 1 14:30:27 20 3380   148  228  144  139   247  328  232  250  0.40 0.30 0.38 0.44
 2 14:30:49 20 3386   146  223  166  153   279  340  298  300  0.48 0.34 0.44 0.49

27SEP2018  14:30:52  Gain: 20  Zoff: 180 192 119 116
No   Time    G  PAR    F1   F2   F3   F4   Fm1  Fm2  Fm3  Fm4    Y1   Y2   Y3   Y4
 1 14:31:09 20 3378   160  239  203  182   262  346  313  307  0.39 0.31 0.35 0.41
 2 14:31:29 20 3382   146  230  169  156   234  329  251  257  0.38 0.30 0.33 0.39
 3 14:31:49 20 3384   140  230  160  149   229  331  255  253  0.39 0.31 0.37 0.41
 4 14:32:10 20 3381   145  239  178  162   231  333  263  264  0.37 0.28 0.32 0.39
 5 14:32:30 20 3382   146  243  183  167   221  327  260  256  0.34 0.26 0.30 0.35
 6 14:32:50 20 3378   142  239  185  168   211  322  257  256  0.33 0.26 0.28 0.34
 7 14:33:11 20 3381   142  241  176  163   211  326  237  238  0.33 0.26 0.26 0.32
 8 14:33:31 20 3378   143  246  167  159   208  328  233  234  0.31 0.25 0.28 0.32
;            Ch1    Ch2    Ch3    Ch4      blue   green  brown
;  alpha:   0.331  0.276 14924.20  0.344    2305933. -0.000  0.309
; ETRmax:   739.8  448.4 1468.8  751.1    3060.8    0.0  737.2
;     Ik:  2234.1 1623.1    0.1 2180.5       0.0    0.0 2385.6
;References: BL_US PMDA0174.REF2 GR_US PMDA0174.REF2 BR_US PMDA0174.REF2

;LTK_09272018_10m


27SEP2018  14:35:21  Gain: 20  Zoff: 180 192 119 116
No   Time    G  PAR    F1   F2   F3   F4   Fm1  Fm2  Fm3  Fm4    Y1   Y2   Y3   Y4
 1 14:35:21 20 3382   137  201  184  167   246  314  279  287  0.44 0.36 0.34 0.42
 2 14:35:42 20 3389   131  187  154  144   265  303  255  265  0.51 0.38 0.40 0.46
 3 14:36:02 20 3386   133  189  140  134   250  306  246  253  0.47 0.38 0.43 0.47
 4 14:36:23 20 3381   134  199  177  161   249  319  325  317  0.46 0.38 0.46 0.49
 5 14:36:43 20 3387   147  226  287  245   261  353  441  411  0.44 0.36 0.35 0.40
 6 14:37:03 20 3383   157  237  330  276   257  347  443  400  0.39 0.32 0.26 0.31
 7 14:37:24 20 3377   154  229  300  253   243  333  396  368  0.37 0.31 0.24 0.31
 8 14:37:44 20 3383   145  221  274  235   231  321  372  346  0.37 0.31 0.26 0.32
 9 14:38:04 20 3385   144  224  289  247   227  318  397  358  0.37 0.30 0.27 0.31
10 14:38:24 20 3383   143  226  288  246   219  316  360  331  0.35 0.28 0.20 0.26
;            Ch1    Ch2    Ch3    Ch4      blue   green  brown
;  alpha:   0.405  0.312  0.293  0.355    21758.24 -0.000  0.404
; ETRmax:   800.8  746.1  746.6  764.0    79818.2    0.0  797.5
;     Ik:  1978.4 2388.2 2550.7 2149.9       3.7    0.0 1976.2
;References: BL_US PMDA0174.REF2 GR_US PMDA0174.REF2 BR_US PMDA0174.REF2


;LTK_09272018_20m

27SEP2018  14:40:19  Gain: 20  Zoff: 180 192 119 116
No   Time    G  PAR    F1   F2   F3   F4   Fm1  Fm2  Fm3  Fm4    Y1   Y2   Y3   Y4
 1 14:40:19 20 3388   172  307  361  294   341  543  627  555  0.50 0.43 0.42 0.47
 2 14:40:40 20 3385   153  279  290  241   332  499  524  480  0.54 0.44 0.45 0.50
 3 14:41:01 20 3382   169  309  354  290   349  562  680  602  0.52 0.45 0.48 0.52
 4 14:41:21 20 3386   164  303  323  267   308  515  492  457  0.47 0.41 0.34 0.42
 5 14:41:41 20 3384   162  299  296  249   303  513  494  450  0.47 0.42 0.40 0.45
 6 14:42:01 20 3384   171  303  302  258   304  501  473  441  0.44 0.40 0.36 0.41
 7 14:42:22 20 3388   170  307  312  267   290  492  465  435  0.41 0.38 0.33 0.39
 8 14:42:42 20 3385   169  310  316  272   278  485  468  428  0.39 0.36 0.32 0.36
 9 14:43:02 20 3391   172  314  327  282   279  481  451  418  0.38 0.35 0.27 0.33
10 14:43:23 20 3389   176  312  307  270   275  472  434  406  0.36 0.34 0.29 0.33
;            Ch1    Ch2    Ch3    Ch4      blue   green  brown
;  alpha:   0.431  0.382  0.342  0.407     0.321 -0.000  0.457
; ETRmax:  1120.7  782.8  951.1  801.4     907.5    0.0  841.7
;     Ik:  2598.8 2047.3 2782.4 1966.9    2828.2    0.0 1840.0
;References: BL_US PMDA0174.REF2 GR_US PMDA0174.REF2 BR_US PMDA0174.REF2

;LTK_09272018_30m


27SEP2018  14:45:09  Gain: 20  Zoff: 180 192 119 116
No   Time    G  PAR    F1   F2   F3   F4   Fm1  Fm2  Fm3  Fm4    Y1   Y2   Y3   Y4
 1 14:45:10 20 3381   235  384  149  168   450  671  297  349  0.48 0.43 0.50 0.52
 2 14:45:31 20 3385   217  365  145  160   494  705  323  379  0.56 0.48 0.55 0.58
 3 14:45:51 20 3377   231  380  150  168   461  690  306  354  0.50 0.45 0.51 0.53
 4 14:46:12 20 3385   230  384  152  170   448  672  298  349  0.49 0.43 0.49 0.51
 5 14:46:32 20 3386   235  382  154  173   420  645  279  328  0.44 0.41 0.45 0.47
 6 14:46:52 20 3383   243  392  157  178   425  649  281  329  0.43 0.40 0.44 0.46
 7 14:47:12 20 3381   262  410  168  192   427  655  283  333  0.39 0.37 0.41 0.42
 8 14:47:33 20 3388   272  421  176  201   419  646  280  327  0.35 0.35 0.37 0.39
 9 14:47:53 20 3384   271  422  177  201   400  634  269  316  0.32 0.33 0.34 0.36
10 14:48:13 20 3390   275  426  178  204   399  624  269  320  0.31 0.32 0.34 0.36
;            Ch1    Ch2    Ch3    Ch4      blue   green  brown
;  alpha:   0.419  0.382  0.436  0.462     0.372 -0.000  0.415
; ETRmax:   811.2  782.4  821.4  848.0     774.2    0.0 1092.2
;     Ik:  1937.4 2050.7 1882.7 1833.9    2081.9    0.0 2633.6
;References: BL_US PMDA0174.REF2 GR_US PMDA0174.REF2 BR_US PMDA0174.REF2

;LTK_09272018_40m

27SEP2018  14:50:12  Gain: 20  Zoff: 180 192 119 116
No   Time    G  PAR    F1   F2   F3   F4   Fm1  Fm2  Fm3  Fm4    Y1   Y2   Y3   Y4
 1 14:50:13 20 3382    96  182   71   80   185  293  144  170  0.48 0.38 0.51 0.53
 2 14:50:34 20 3386    93  172   69   77   207  296  146  180  0.55 0.42 0.53 0.57
 3 14:50:54 20 3390    95  179   69   78   191  298  142  168  0.50 0.40 0.51 0.54
 4 14:51:15 20 3387    95  177   69   79   183  282  137  162  0.48 0.37 0.50 0.51
 5 14:51:35 20 3388    98  183   74   84   173  287  136  160  0.43 0.36 0.46 0.47
 6 14:51:57 23 3373   176  345  131  160   403  720  302  381  0.56 0.52 0.57 0.58
 7 14:52:20 24 3389   364  698  281  334   558  924  426  558  0.35 0.24 0.34 0.40
 8 14:52:40 24 3383   358  705  289  340   520  924  422  520  0.31 0.24 0.32 0.35
 9 14:53:00 24 3385   338  695  275  324   495  924  385  496  0.32 0.25 0.29 0.35
10 14:53:20 24 3384   324  694  267  316   411  917  362  492  0.21 0.24 0.26 0.36
;            Ch1    Ch2    Ch3    Ch4      blue   green  brown
;  alpha:   0.411  0.318  0.408  0.471     0.416 -0.000  0.373
; ETRmax:   803.3  742.7 1080.2  843.6    1092.2    0.0 1010.5
;     Ik:  1955.8 2338.9 2647.2 1789.7    2625.3    0.0 2712.5
;References: BL_US PMDA0174.REF2 GR_US PMDA0174.REF2 BR_US PMDA0174.REF2

;LTK_09272018_50m

Gain: 20  Zoff: 196 204 121 116

27SEP2018  15:14:35  Gain: 20  Zoff: 196 204 121 116
No   Time    G  PAR    F1   F2   F3   F4   Fm1  Fm2  Fm3  Fm4    Y1   Y2   Y3   Y4
 1 15:14:36 20 3381    62  117   59   68   144  204  125  150  0.57 0.43 0.53 0.55

27SEP2018  15:14:54  Gain: 20  Zoff: 196 204 121 116
No   Time    G  PAR    F1   F2   F3   F4   Fm1  Fm2  Fm3  Fm4    Y1   Y2   Y3   Y4
 1 15:14:57 20 3381    59  115   57   66   149  212  130  157  0.60 0.46 0.56 0.58
 2 15:15:18 20 3383    60  115   57   67   139  199  116  146  0.57 0.42 0.51 0.54
 3 15:15:38 20 3386    65  119   60   71   136  200  117  144  0.52 0.41 0.49 0.51
 4 15:15:58 20 3384    65  124   63   73   128  207  119  142  0.49 0.40 0.47 0.49
 5 15:16:19 20 3379    73  128   70   81   136  210  124  148  0.46 0.39 0.44 0.45
 6 15:16:39 20 3379    80  132   73   85   134  202  121  144  0.40 0.35 0.40 0.41
 7 15:16:59 20 3384    75  131   70   81   128  199  117  135  0.41 0.34 0.40 0.40
 8 15:17:19 20 3383    76  133   71   82   124  197  114  135  0.39 0.32 0.38 0.39
 9 15:17:40 20 3378    77  131   71   83   122  186  111  137  0.37 0.30 0.36 0.39
;            Ch1    Ch2    Ch3    Ch4      blue   green  brown
;  alpha:   0.475 102930.5  0.442  0.467     0.410 -0.000  0.436
; ETRmax:   853.5 4615.5  829.0  842.9     801.4    0.0  820.9
;     Ik:  1797.0    0.0 1876.6 1806.6    1955.2    0.0 1882.2
;References: BL_US PMDA0174.REF2 GR_US PMDA0174.REF2 BR_US PMDA0174.REF2

;LTK_09272018_60m

27SEP2018  15:19:49  Gain: 20  Zoff: 196 204 121 116
No   Time    G  PAR    F1   F2   F3   F4   Fm1  Fm2  Fm3  Fm4    Y1   Y2   Y3   Y4
 1 15:19:49 20 3381    34   55   35   39    74  102   79   93  0.54 0.46 0.56 0.58
 2 15:20:11 20 3388    28   51   37   39    74   99   82   96  0.62 0.48 0.55 0.59
 3 15:20:31 20 3382    30   52   41   43    82  107   87  100  0.63 0.51 0.53 0.57
 4 15:20:51 20 3383    38   60   50   51    80  103   89   99  0.53 0.42 0.44 0.48
 5 15:21:11 20 3381    37   56   43   46    76   95   80   95  0.51 0.41 0.46 0.52
 6 15:21:32 20 3381    38   57   45   49    75   98   84   92  0.49 0.42 0.46 0.47
 7 15:21:52 20 3381    36   53   45   48    68   89   81   94  0.47 0.40 0.44 0.49
 8 15:22:12 20 3386    38   53   48   51    75   88   81   92  0.49 0.40 0.41 0.45
 9 15:22:32 20 3376    38   53   50   53    72   89   82   95  0.47 0.40 0.39 0.44
10 15:22:53 20 3385    40   56   53   56    74   90   87   98  0.46 0.38 0.39 0.43
;            Ch1    Ch2    Ch3    Ch4      blue   green  brown
;  alpha:   0.551  0.423  0.467  0.520     0.445 -0.000  0.519
; ETRmax:   905.3  806.7  844.1  888.6     830.5    0.0  884.6
;     Ik:  1642.9 1908.1 1805.9 1708.7    1864.2    0.0 1704.7
;References: BL_US PMDA0174.REF2 GR_US PMDA0174.REF2 BR_US PMDA0174.REF2

;LTK_09272018_70m

27SEP2018  15:26:25  Gain: 20  Zoff: 196 204 121 116
No   Time    G  PAR    F1   F2   F3   F4   Fm1  Fm2  Fm3  Fm4    Y1   Y2   Y3   Y4
 1 15:26:25 20 3387    22   26   21   26    56   59   57   70  0.61 0.56 0.63 0.63
 2 15:26:47 20 3386    19   21   19   24    62   58   56   70  ---- 0.64 ---- 0.66
 3 15:27:07 20 3392    22   23   20   26    58   55   55   70  0.62 0.58 ---- 0.63
 4 15:27:27 20 3379    26   27   23   28    62   58   55   72  0.58 0.53 0.58 0.61
 5 15:27:48 20 3389    26   24   24   30    54   48   53   70  0.52 0.50 0.55 0.57
 6 15:28:08 20 3384    25   23   25   31    56   53   57   69  0.55 0.57 0.56 0.55
 7 15:28:28 20 3387    26   26   28   33    55   52   57   68  0.53 0.50 0.51 0.51
 8 15:28:48 20 3386    28   25   28   34    55   50   56   72  0.49 0.50 0.50 0.53
 9 15:29:09 20 3385    25   23   29   34    55   52   55   71  0.55 0.56 0.47 0.52
10 15:29:29 20 3382    26   22   30   35    50   44   57   72  0.48 0.50 0.47 0.51
;            Ch1    Ch2    Ch3    Ch4      blue   green  brown
;  alpha:  198447.4  0.583 413771.3 102607.9    168071.4  0.489  0.632
; ETRmax:  3932.2  930.8 5347.6 3814.9    3834.9  862.9  957.3
;     Ik:     0.0 1597.4    0.0    0.0       0.0 1765.3 1513.8
;References: BL_US PMDA0174.REF2 GR_US PMDA0174.REF2 BR_US PMDA0174.REF2

;LTK_09272018_80m


27SEP2018  15:31:02  Gain: 20  Zoff: 196 204 121 116
No   Time    G  PAR    F1   F2   F3   F4   Fm1  Fm2  Fm3  Fm4    Y1   Y2   Y3   Y4
 1 15:31:02 20 3384   -18   -6    8   10    18   28   43   52  ---- ---- ---- ----
 2 15:31:24 20 3383   -18   -7    9   11    22   30   43   59  ---- ---- ---- ----
 3 15:31:44 20 3382   -17   -6   10   12    16   29   44   56  ---- ---- ---- ----
 4 15:32:04 20 3383   -18   -7   11   13    18   24   42   53  ---- ---- ---- ----
 5 15:32:25 20 3381   -15   -5   13   14    20   26   43   54  ---- ---- ---- ----
 6 15:32:45 20 3383   -13   -4   15   17    15   30   47   58  ---- ---- ---- ----
 7 15:33:05 20 3380    -8   -1   18   21    23   30   48   62  ---- ---- ---- 0.66
 8 15:33:26 20 3383    -9    0   19   22    19   30   47   61  ---- ---- ---- 0.64
 9 15:33:46 20 3380   -13   -6   17   19    14   23   45   56  ---- ---- ---- ----
10 15:34:06 20 3378    -9   -4   19   22    18   26   47   60  ---- ---- ---- 0.63
;            Ch1    Ch2    Ch3    Ch4      blue   green  brown
;  alpha:  -0.000 -0.000 -0.000  0.751    277479.7 -0.000 -0.000
; ETRmax:     0.0    0.0    0.0 1038.7    4183.2    0.0    0.0
;     Ik:     0.0    0.0    0.0 1383.4       0.0    0.0    0.0
;References: BL_US PMDA0174.REF2 GR_US PMDA0174.REF2 BR_US PMDA0174.REF2

;LTK_09272018_90m

27SEP2018  15:36:11  Gain: 20  Zoff: 196 204 121 116
No   Time    G  PAR    F1   F2   F3   F4   Fm1  Fm2  Fm3  Fm4    Y1   Y2   Y3   Y4
 1 15:36:12 20 3385   -17   -2    9   12    20   30   45   58  ---- ---- ---- ----
 2 15:36:33 20 3383   -16   -1   12   14    22   35   52   62  ---- ---- ---- ----
 3 15:36:54 20 3381   -15   -1   13   15    20   29   47   58  ---- ---- ---- ----
 4 15:37:14 20 3386   -17   -3   13   15    16   27   44   60  ---- ---- ---- ----
 5 15:37:34 20 3378   -16   -4   14   17    16   26   48   58  ---- ---- ---- ----
 6 15:37:54 20 3382   -13   -3   15   19    21   24   44   60  ---- ---- ---- ----
 7 15:38:15 20 3380   -11   -4   15   19    18   22   45   58  ---- ---- ---- ----
 8 15:38:35 20 3378   -12   -5   16   19    19   22   45   55  ---- ---- ---- ----
 9 15:38:55 20 3378   -11   -4   18   21    20   21   47   61  ---- ---- ---- 0.66
10 15:39:16 20 3382    -9   -2   21   24    18   20   51   62  ---- ---- 0.59 0.61
;            Ch1    Ch2    Ch3    Ch4      blue   green  brown
;  alpha:  -0.000 -0.000  0.655  0.732     0.965 -0.000 -0.000
; ETRmax:     0.0    0.0  968.6 1025.2    1156.8    0.0    0.0
;     Ik:     0.0    0.0 1478.1 1401.1    1199.3    0.0    0.0
;References: BL_US PMDA0174.REF2 GR_US PMDA0174.REF2 BR_US PMDA0174.REF2

;LTK_09272018_100m

27SEP2018  15:40:49  Gain: 20  Zoff: 196 204 121 116
No   Time    G  PAR    F1   F2   F3   F4   Fm1  Fm2  Fm3  Fm4    Y1   Y2   Y3   Y4
 1 15:40:49 20 3388   -21   -9    6    7     8   16   38   47  ---- ---- ---- ----
 2 15:41:11 20 3387   -20   -9    6    8     8   18   35   51  ---- ---- ---- ----
 3 15:41:31 20 3386   -21   -9    8    9     7   18   37   47  ---- ---- ---- ----
 4 15:41:51 20 3387   -21   -9    7    9    11   16   39   47  ---- ---- ---- ----
 5 15:42:11 20 3389   -18  -10    9   11    12   12   40   53  ---- ---- ---- ----
 6 15:42:32 20 3384   -19  -11    9   11     8   11   35   48  ---- ---- ---- ----
 7 15:42:52 20 3383   -18  -10   11   12     9   11   39   45  ---- ---- ---- ----
 8 15:43:12 20 3383   -17  -10   13   14    12   16   39   50  ---- ---- ---- ----
 9 15:43:32 20 3383   -15  -11   14   16    11   12   43   48  ---- ---- ---- ----
10 15:43:53 20 3379   -14  -10   16   18     9   15   42   51  ---- ---- ---- ----
;            Ch1    Ch2    Ch3    Ch4      blue   green  brown
;  alpha:  -0.000 -0.000 -0.000 -0.000     0.911 -0.000 -0.000
; ETRmax:     0.0    0.0    0.0    0.0    1131.0    0.0    0.0
;     Ik:     0.0    0.0    0.0    0.0    1242.1    0.0    0.0
;References: BL_US PMDA0174.REF2 GR_US PMDA0174.REF2 BR_US PMDA0174.REF2

;LTK_09272018_110m

27SEP2018  15:45:55  Gain: 22  Zoff: 440 458 272 261
No   Time    G  PAR    F1   F2   F3   F4   Fm1  Fm2  Fm3  Fm4    Y1   Y2   Y3   Y4
 1 15:49:53 22 3385     2   79  -73   85  1182 1387  327 1083  ---- 0.94 ---- 0.92
 2 15:50:14 22 3390  -182 -199  -73  -35   -52  -60   28   51  ---- ---- ---- ----
 3 15:50:34 22 3386   -97  -84  -18  -14   -64  -47   18   37  ---- ---- ---- ----
 4 15:50:55 22 3388   -94  -80  -16  -11   -59  -53   23   41  ---- ---- ---- ----
 5 15:51:15 22 3385   -93  -82  -13   -9   -60  -45   27   48  ---- ---- ---- ----
 6 15:51:35 22 3385   -92  -85  -12   -7   -62  -55   23   41  ---- ---- ---- ----
 7 15:51:55 22 3381   -92  -86  -10   -5   -60  -55   25   39  ---- ---- ---- ----
 8 15:52:16 22 3387   -90  -87   -8   -2   -66  -55   27   52  ---- ---- ---- ----
 9 15:52:36 22 3387   -89  -87   -6    0   -57  -59   21   48  ---- ---- ---- ----
10 15:52:56 22 3383   -88  -88   -4    3   -71  -60   19   53  ---- ---- ---- ----
;            Ch1    Ch2    Ch3    Ch4      blue   green  brown
;  alpha:  -0.000  1.477 -0.000  1.407    -0.000 -0.000 -0.000
; ETRmax:     0.0 1374.4    0.0 1349.1       0.0    0.0    0.0
;     Ik:     0.0  930.5    0.0  958.5       0.0    0.0    0.0
;References: BL_US PMDA0174.REF2 GR_US PMDA0174.REF2 BR_US PMDA0174.REF2

;LTK_09272018_120m


27SEP2018  15:55:17  Gain: 22  Zoff: 440 458 272 261
No   Time    G  PAR    F1   F2   F3   F4   Fm1  Fm2  Fm3  Fm4    Y1   Y2   Y3   Y4
 1 15:55:17 22 3386   662  673  202  214   684  690  229  255  0.03 0.02 0.12 0.16
 2 15:55:38 22 3383   657  665  188  203   679  686  224  255  0.03 0.03 0.16 0.20
 3 15:55:59 22 3383   653  662  203  214   682  687  236  267  0.04 0.04 0.14 0.20
 4 15:56:19 22 3383   647  655  200  211   670  676  222  258  0.03 0.03 0.10 0.18
 5 15:56:39 22 3383   641  647  194  208   668  668  224  257  0.04 0.03 0.13 0.19
 6 15:57:00 22 3380   637  639  200  213   660  651  226  259  0.03 0.02 0.12 0.18
 7 15:57:20 22 3386   631  634  193  207   660  661  220  257  0.04 0.04 0.12 0.19
 8 15:57:40 22 3381   628  633  195  209   659  660  225  263  0.05 0.04 0.13 0.21
 9 15:58:00 22 3382   620  621  197  210   646  634  226  255  0.04 0.02 0.13 0.18
10 15:58:21 22 3387   613  610  198  211   606  621  207  257  ---- 0.02 0.04 0.18
;            Ch1    Ch2    Ch3    Ch4      blue   green  brown
;  alpha:   0.281  0.278  0.276  0.277    -0.000 -0.000  0.283
; ETRmax:   106.2   92.4  194.0  267.5       0.0    0.0  123.7
;     Ik:   378.1  332.1  703.8  967.1       0.0    0.0  436.9
;References: BL_US PMDA0174.REF2 GR_US PMDA0174.REF2 BR_US PMDA0174.REF2

;LTK_09272018_130m


27SEP2018  16:00:50  Gain: 22  Zoff: 440 458 272 261
No   Time    G  PAR    F1   F2   F3   F4   Fm1  Fm2  Fm3  Fm4    Y1   Y2   Y3   Y4
 1 16:00:51 22 3384   506  546  303  272   536  582  341  333  0.06 0.06 0.11 0.18
 2 16:01:12 22 3386   506  548  323  284   545  587  363  343  0.07 0.07 0.11 0.17
 3 16:01:32 22 3384   504  539  293  265   540  572  308  314  0.07 0.06 0.05 0.16
 4 16:01:53 22 3381   497  535  305  274   524  570  363  344  0.05 0.06 0.16 0.20
 5 16:02:13 22 3387   492  530  300  268   525  558  325  311  0.06 0.05 0.08 0.14
 6 16:02:33 22 3389   486  518  268  248   517  549  315  307  0.06 0.06 0.15 0.19
 7 16:02:54 22 3379   484  513  282  259   515  541  328  322  0.06 0.05 0.14 0.20
 8 16:03:14 22 3375   482  504  279  256   514  522  304  299  0.06 0.03 0.08 0.14
 9 16:03:34 22 3379   474  492  237  226   512  518  274  290  0.07 0.05 0.14 0.22
10 16:03:54 22 3381   471  497  276  255   473  528  326  327  ---- 0.06 0.15 0.22
;            Ch1    Ch2    Ch3    Ch4      blue   green  brown
;  alpha:   0.281  0.283  0.278  0.276     0.277 -0.000  0.284
; ETRmax:   135.6  127.0  191.5  261.9     341.9    0.0  129.9
;     Ik:   482.9  449.1  688.6  949.8    1235.5    0.0  457.2
;References: BL_US PMDA0174.REF2 GR_US PMDA0174.REF2 BR_US PMDA0174.REF2

;LTK_09272018_140m

27SEP2018  16:06:11  Gain: 22  Zoff: 440 458 272 261
No   Time    G  PAR    F1   F2   F3   F4   Fm1  Fm2  Fm3  Fm4    Y1   Y2   Y3   Y4
 1 16:06:12 22 3385  1042 1025  288  298  1058 1040  320  349  0.02 0.01 0.10 0.15
 2 16:06:33 22 3387  1027 1012  285  295  1051 1027  313  348  0.02 0.01 0.09 0.15
 3 16:06:53 22 3388  1010  994  277  288  1024 1007  309  345  0.01 0.01 0.10 0.17
 4 16:07:14 22 3388   991  972  272  284  1008  988  303  327  0.02 0.02 0.10 0.13
 5 16:07:34 22 3381   976  957  273  284   987  967  308  336  0.01 0.01 0.11 0.15
 6 16:07:54 22 3385   961  939  267  280   978  958  295  325  0.02 0.02 0.09 0.14
 7 16:08:15 22 3384   944  921  263  276   960  944  289  319  0.02 0.02 0.09 0.13
 8 16:08:35 22 3383   927  904  261  274   941  919  288  317  0.01 0.02 0.09 0.14
 9 16:08:55 22 3388   912  887  260  272   934  905  293  311  0.02 0.02 0.11 0.13
10 16:09:15 22 3383   893  868  259  271   878  868  274  317  ---- ---- 0.05 0.15
;            Ch1    Ch2    Ch3    Ch4      blue   green  brown
;  alpha:   0.282  0.282  0.279  0.275    -0.000 -0.000  0.279
; ETRmax:    71.1   70.4  170.1  217.8       0.0    0.0   96.4
;     Ik:   252.2  250.0  610.7  790.9       0.0    0.0  345.6
;References: BL_US PMDA0174.REF2 GR_US PMDA0174.REF2 BR_US PMDA0174.REF2
