Gain: 20  Zoff: -322 -294 284 -334
;LTM 0m_07132017
14JUL2017  13:08:01  Gain: 20  Zoff: -322 -294 284 -334
No   Time    G  PAR    F1   F2   F3   F4   Fm1  Fm2  Fm3  Fm4    Y1   Y2   Y3   Y4
 1 13:11:53 20   64    82  154   64   72   152  276  128  153  0.46 0.44 0.50 0.53

14JUL2017  13:12:02  Gain: 20  Zoff: -322 -294 284 -334
No   Time    G  PAR    F1   F2   F3   F4   Fm1  Fm2  Fm3  Fm4    Y1   Y2   Y3   Y4
 1 13:12:03 20   64    82  153   65   73   152  277  124  154  0.46 0.45 0.48 0.53
 2 13:12:24 20   16    78  141   62   69   159  237  127  151  0.51 0.41 0.51 0.54
 3 13:12:45 20    1    81  154   64   73   156  283  122  158  0.48 0.46 0.48 0.54
 4 13:13:05 20  128    79  155   64   72   139  277  125  146  0.43 0.44 0.49 0.51
 5 13:13:25 20  192    78  156   64   73   143  279  117  135  0.45 0.44 0.45 0.46
 6 13:13:46 20  256    77  158   65   74   130  272  114  141  0.41 0.42 0.43 0.48
 7 13:14:06 20  320   140  139   51   90   128  268  114  136  ---- 0.48 0.55 0.34
 8 13:14:26 20  384    81  162   69   77   127  267  110  135  0.36 0.39 0.37 0.43
 9 13:14:46 20  448    81  164   71   80   122  261  116  139  0.34 0.37 0.39 0.42
10 13:15:07 20  512    83  166   73   82   125  268  114  137  0.34 0.38 0.36 0.40
11 13:15:27 20  576    82  168   74   83   127  267  114  130  0.35 0.37 0.35 0.36
12 13:15:47 20  640    82  169   75   84   117  253  111  136  0.30 0.33 0.32 0.38
13 13:16:08 20  704    81  170   75   84   110  251  113  135  0.26 0.32 0.34 0.38
14 13:16:28 20  832    82  173   77   86   116  244  106  130  0.29 0.29 0.27 0.34
;            Ch1    Ch2    Ch3    Ch4      blue   green  brown
;  alpha:   1.078  0.994  1.096  1.167     1.031 -0.000  1.336
; ETRmax:   678.5  482.1  498.8  988.4     345.3    0.0  771.0
;     Ik:   629.3  484.8  455.0  847.3     334.8    0.0  577.2
;References: BL_US PMDA0174.REF2 GR_US PMDA0174.REF2 BR_US PMDA0174.REF2

;LTM 10m_07132017



14JUL2017  13:19:36  Gain: 20  Zoff: -322 -294 284 -334
No   Time    G  PAR    F1   F2   F3   F4   Fm1  Fm2  Fm3  Fm4    Y1   Y2   Y3   Y4
 1 13:19:49 20    1    67  126   59   67   132  227  117  136  0.49 0.44 0.50 0.51

14JUL2017  13:19:52  Gain: 20  Zoff: -322 -294 284 -334
No   Time    G  PAR    F1   F2   F3   F4   Fm1  Fm2  Fm3  Fm4    Y1   Y2   Y3   Y4
 1 13:19:53 20   64    67  127   61   68   127  226  110  139  0.47 0.44 0.45 0.51
 2 13:20:14 20   16    64  117   57   64   150  208  128  147  0.57 0.44 0.55 0.56
 3 13:20:35 20   64    65  126   59   66   126  234  107  139  0.48 0.46 0.45 0.53
 4 13:20:55 20  128    65  129   60   68   131  228  114  130  0.50 0.43 0.47 0.48
 5 13:21:15 20  192    66  132   63   70   116  227  106  131  0.43 0.42 0.41 0.47
 6 13:21:35 20  256    71  137   67   75   123  224  112  139  0.42 0.39 0.40 0.46
 7 13:21:56 20  320    70  139   66   73   110  223  107  131  0.36 0.38 0.38 0.44
 8 13:22:16 20    1    69  139   65   72   108  219  104  129  0.36 0.37 0.38 0.44
 9 13:22:36 20  448    68  141   67   73   108  214  102  134  0.37 0.34 0.34 0.46
10 13:22:57 20  512    72  145   70   77   112  225  108  128  0.36 0.36 0.35 0.40
11 13:23:17 20  576    73  147   73   80   108  219  111  126  0.32 0.33 0.34 0.37
12 13:23:37 20  640    73  149   74   81   109  218  113  125  0.33 0.32 0.35 0.35
13 13:23:57 20  704    72  149   75   82   103  218  106  128  0.30 0.32 0.29 0.36
14 13:24:18 20  832    73  151   77   84   105  220  106  131  0.30 0.31 0.27 0.36
;            Ch1    Ch2    Ch3    Ch4      blue   green  brown
;  alpha:   0.952  1.157  0.862  1.106     0.869 -0.000  1.013
; ETRmax:   503.4  663.6  375.3  706.1     412.4    0.0  630.4
;     Ik:   529.0  573.4  435.3  638.6     474.6    0.0  622.5
;References: BL_US PMDA0174.REF2 GR_US PMDA0174.REF2 BR_US PMDA0174.REF2

;LTM 20m_07132017

14JUL2017  13:27:02  Gain: 20  Zoff: -322 -294 284 -334
No   Time    G  PAR    F1   F2   F3   F4   Fm1  Fm2  Fm3  Fm4    Y1   Y2   Y3   Y4
 1 13:27:16 20   64    50  113   47   53   120  232  106  125  0.58 0.51 0.56 0.58

14JUL2017  13:27:23  Gain: 20  Zoff: -322 -294 284 -334
No   Time    G  PAR    F1   F2   F3   F4   Fm1  Fm2  Fm3  Fm4    Y1   Y2   Y3   Y4
 1 13:27:24 20    1    53  113   49   55    55   63  304  162  ---- ---- 0.84 0.66
 2 13:27:45 20   16    48  101   44   51   127  182   97  123  0.62 0.45 0.55 0.59
 3 13:28:05 20   64    50  111   47   53   115  228  102  123  0.57 0.51 0.54 0.57
 4 13:28:26 20  128    51  114   49   56   108  230   98  123  0.53 0.50 0.50 0.54
 5 13:28:46 20    1    51  116   49   55    99  221   97  116  0.48 0.48 0.49 0.53
 6 13:29:06 20  256   180  260   15   54   100  222   95  114  ---- ---- ---- 0.53
 7 13:29:27 20  320    50  119   51   57    90  220   97  119  0.44 0.46 0.47 0.52
 8 13:29:47 20    1    50  119   52   58    97  217   95  112  0.48 0.45 0.45 0.48
 9 13:30:07 20  448    51  121   55   61    92  215   98  113  0.45 0.44 0.44 0.46
10 13:30:27 20  512    53  124   56   62    94  211   96  115  0.44 0.41 0.42 0.46
11 13:30:48 20    1    53  126   57   64    95  211   98  113  0.44 0.40 0.42 0.43
12 13:31:08 20    1    56  128   60   66    93  207   97  108  0.40 0.38 0.38 0.39
13 13:31:28 20  704    57  129   62   68    92  208   98  110  0.38 0.38 0.37 0.38
14 13:31:49 20  832    58  131   64   71    91  204   99  116  0.36 0.36 0.35 0.39
;            Ch1    Ch2    Ch3    Ch4      blue   green  brown
;  alpha:   1.111  0.936  1.120  1.127     0.907 -0.000  1.006
; ETRmax:  3879.3  424.9  456.2  486.0     487.2    0.0  471.9
;     Ik:  3491.8  454.0  407.2  431.4     537.1    0.0  469.2
;References: BL_US PMDA0174.REF2 GR_US PMDA0174.REF2 BR_US PMDA0174.REF2

;LTM 30m_07132017

14JUL2017  13:34:24  Gain: 20  Zoff: -322 -294 284 -334
No   Time    G  PAR    F1   F2   F3   F4   Fm1  Fm2  Fm3  Fm4    Y1   Y2   Y3   Y4
 1 13:34:36 20   64    48  109   46   51   116  220  100  129  0.59 0.50 0.54 0.60

14JUL2017  13:34:42  Gain: 20  Zoff: -322 -294 284 -334
No   Time    G  PAR    F1   F2   F3   F4   Fm1  Fm2  Fm3  Fm4    Y1   Y2   Y3   Y4
 1 13:34:42 20   64    46  107   46   50   116  219  106  124  0.60 0.51 0.57 0.60
 2 13:35:04 20   16    41   97   41   45   113  206   98  125  0.64 0.53 0.58 0.64
 3 13:35:24 20   64    47  106   45   49   141  227  115  134  0.67 0.53 0.61 0.63
 4 13:35:45 20  128    44  107   44   48   106  212   99  123  0.58 0.50 0.56 0.61
 5 13:36:05 20  192    46  110   46   50   109  219   95  115  0.58 0.50 0.52 0.57
 6 13:36:25 20  256    48  113   48   53   108  226   98  118  0.56 0.50 0.51 0.55
 7 13:36:45 20  320    87  141   58   67   145  238  113  126  0.40 0.41 0.49 0.47
 8 13:37:06 20  384    53  118   51   56    99  209  100  115  0.46 0.44 0.49 0.51
 9 13:37:26 20  448    51  118   53   58   102  215   95  115  0.50 0.45 0.44 0.50
10 13:37:46 20  512    70  131   61   68   120  223  108  124  0.42 0.41 0.44 0.45
11 13:38:07 20  576    75  136   65   72   122  223  106  126  0.39 0.39 0.39 0.43
12 13:38:27 20  640    72  134   63   71   115  218  101  118  0.37 0.39 0.38 0.40
13 13:38:47 20  704    72  135   64   71   113  213  102  121  0.36 0.37 0.37 0.41
14 13:39:07 20    1   145  100   50   99   108  208  104  120  ---- 0.52 0.52 0.17
;            Ch1    Ch2    Ch3    Ch4      blue   green  brown
;  alpha:   1.169  0.993  1.080  1.126     0.964 -0.000  1.039
; ETRmax:  1701.9 1123.5 1962.7  344.4     324.5    0.0  386.8
;     Ik:  1455.6 1131.7 1817.1  305.9     336.4    0.0  372.4
;References: BL_US PMDA0174.REF2 GR_US PMDA0174.REF2 BR_US PMDA0174.REF2

;LTM 40m_07132017

14JUL2017  13:43:02  Gain: 20  Zoff: -322 -294 284 -334
No   Time    G  PAR    F1   F2   F3   F4   Fm1  Fm2  Fm3  Fm4    Y1   Y2   Y3   Y4
 1 13:43:30 20   64    41  105   37   42   112  221   93  123  0.63 0.52 0.60 0.66

14JUL2017  13:43:36  Gain: 20  Zoff: -322 -294 284 -334
No   Time    G  PAR    F1   F2   F3   F4   Fm1  Fm2  Fm3  Fm4    Y1   Y2   Y3   Y4
 1 13:43:37 20   64    43  105   39   44   113  221   94  119  0.62 0.52 0.59 0.63
 2 13:43:58 20   16    41   98   37   42   130  210  102  126  0.68 0.53 0.64 0.67
 3 13:44:19 20   64    48  108   42   48   133  231  109  126  0.64 0.53 0.61 0.62
 4 13:44:39 20  128    52  112   46   52   121  226  106  128  0.57 0.50 0.57 0.59
 5 13:44:59 20    1    48  111   44   50   110  222   95  120  0.56 0.50 0.54 0.58
 6 13:45:20 20    1    49  112   45   51   110  220   96  114  0.55 0.49 0.53 0.55
 7 13:45:40 20  320    51  114   48   54   104  219   97  115  0.51 0.48 0.51 0.53
 8 13:46:00 20  384    51  116   50   56    98  211   98  117  0.48 0.45 0.49 0.52
 9 13:46:20 20  448    52  117   51   57   100  206   90  114  0.48 0.43 0.43 0.50
10 13:46:41 20  512    54  119   53   60    99  215   96  112  0.45 0.45 0.45 0.46
11 13:47:01 20  576    52  119   53   59    95  201   87  111  0.45 0.41 0.39 0.47
12 13:47:21 20  640    53  121   54   61    95  204   92  112  0.44 0.41 0.41 0.46
13 13:47:41 20    1    53  122   55   62    93  203   93  107  0.43 0.40 0.41 0.42
14 13:48:02 20  832    53  123   57   64    85  195   88  107  0.38 0.37 0.35 0.40
;            Ch1    Ch2    Ch3    Ch4      blue   green  brown
;  alpha:   1.275  1.130  1.240  1.282     1.122 -0.000  1.245
; ETRmax:   740.0  769.9  655.9  672.8     454.6    0.0  835.0
;     Ik:   580.5  681.2  528.7  524.7     405.2    0.0  670.6
;References: BL_US PMDA0174.REF2 GR_US PMDA0174.REF2 BR_US PMDA0174.REF2

;LTM 50m_07132017

14JUL2017  13:50:15  Gain: 20  Zoff: -322 -294 284 -334
No   Time    G  PAR    F1   F2   F3   F4   Fm1  Fm2  Fm3  Fm4    Y1   Y2   Y3   Y4
 1 13:50:28 20   64    45  105   41   47   118  202  105  116  0.62 0.48 0.61 0.59

14JUL2017  13:50:31  Gain: 20  Zoff: -322 -294 284 -334
No   Time    G  PAR    F1   F2   F3   F4   Fm1  Fm2  Fm3  Fm4    Y1   Y2   Y3   Y4
 1 13:50:32 20    1    47  106   44   50    55   57  281  157  ---- ---- 0.84 0.68
 2 13:50:53 20   16    41   97   40   45   116  195   98  126  0.65 0.50 0.59 0.64
 3 13:51:14 20   64    42  104   40   46   117  210   94  124  0.64 0.50 0.57 0.63
 4 13:51:34 20  128    46  108   44   50   105  202   91  116  0.56 0.47 0.52 0.57
 5 13:51:54 20  192    45  109   44   50   100  195   89  107  0.55 0.44 0.51 0.53
 6 13:52:15 20  256    47  112   47   54   100  203   94  116  0.53 0.45 0.50 0.53
 7 13:52:35 20  320    50  115   50   57    99  201   91  115  0.49 0.43 0.45 0.50
 8 13:52:55 20  384    54  117   53   60   100  197   96  119  0.46 0.41 0.45 0.50
 9 13:53:15 20  448    51  116   52   59    95  197   94  108  0.46 0.41 0.45 0.45
10 13:53:36 20  512    53  119   54   61    95  192   91  113  0.44 0.38 0.41 0.46
11 13:53:56 20  576    57  123   58   65    96  196   96  109  0.41 0.37 0.40 0.40
12 13:54:16 20  640    57  123   58   66    92  187   96  114  0.38 0.34 0.40 0.42
13 13:54:37 20  704    56  123   58   66    93  190   89  113  0.40 0.35 0.35 0.42
14 13:54:57 20  832    58  125   62   70    89  187   97  108  0.35 0.33 0.36 0.35
;            Ch1    Ch2    Ch3    Ch4      blue   green  brown
;  alpha:   1.574  1.106  1.514  1.504     1.278 -0.000  1.348
; ETRmax:  1142.6  794.5 1215.4 1326.4    1300.0    0.0 1565.1
;     Ik:   726.1  718.4  802.8  881.8    1017.1    0.0 1160.7
;References: BL_US PMDA0174.REF2 GR_US PMDA0174.REF2 BR_US PMDA0174.REF2

;LTM 60m_07132017

14JUL2017  13:57:02  Gain: 20  Zoff: -322 -294 284 -334
No   Time    G  PAR    F1   F2   F3   F4   Fm1  Fm2  Fm3  Fm4    Y1   Y2   Y3   Y4
 1 13:57:17 20    1    38  103   39   44   100  195   90  107  0.62 0.47 0.57 0.59

14JUL2017  13:57:24  Gain: 20  Zoff: -322 -294 284 -334
No   Time    G  PAR    F1   F2   F3   F4   Fm1  Fm2  Fm3  Fm4    Y1   Y2   Y3   Y4
 1 13:57:24 20    1    39  103   41   46   212   70  118   81  0.82 ---- 0.65 0.43
 2 13:57:46 20   16    34   95   37   42   116  186   93  120  0.71 0.49 0.60 0.65
 3 13:58:06 20   64    37  102   39   45    99  187   89  109  0.63 0.45 0.56 0.59
 4 13:58:26 20  128    37  104   41   46    92  194   85  108  0.60 0.46 0.52 0.57
 5 13:58:46 20  192    39  107   42   48    92  189   88  104  0.58 0.43 0.52 0.54
 6 13:59:07 20    1    41   53   45   51    94  188   84   98  0.56 0.72 0.46 0.48
 7 13:59:27 20  320    42  111   46   52    91  182   87  107  0.54 0.39 0.47 0.51
 8 13:59:47 20  384    46  114   49   55    89  187   87  104  0.48 0.39 0.44 0.47
 9 14:00:08 20  448    46  115   51   56    82  186   90  107  0.44 0.38 0.43 0.48
10 14:00:28 20  512    47  116   52   58    82  184   88  107  0.43 0.37 0.41 0.46
11 14:00:48 20  576    47  117   52   59    88  189   90  101  0.47 0.38 0.42 0.42
12 14:01:08 20  640    49  120   55   61    87  184   88  106  0.44 0.35 0.38 0.42
13 14:01:29 20  704    54  123   57   63    92  182   90  104  0.41 0.32 0.37 0.39
14 14:01:49 20  832    54  124   61   68    93  181   93  112  0.42 0.31 0.34 0.39
;            Ch1    Ch2    Ch3    Ch4      blue   green  brown
;  alpha:   1.674  1.129  1.404  1.378     1.278 -0.000  1.358
; ETRmax:  1356.3  506.8 1378.2 1516.8     708.9    0.0  728.2
;     Ik:   810.4  448.7  981.9 1100.9     554.5    0.0  536.4
;References: BL_US PMDA0174.REF2 GR_US PMDA0174.REF2 BR_US PMDA0174.REF2

;LTM 70m_07132017

14JUL2017  14:03:35  Gain: 20  Zoff: -322 -294 284 -334
No   Time    G  PAR    F1   F2   F3   F4   Fm1  Fm2  Fm3  Fm4    Y1   Y2   Y3   Y4
 1 14:03:55 20    1    43   98   38   45   112  216   95  115  0.62 0.55 0.60 0.61

14JUL2017  14:03:59  Gain: 20  Zoff: -322 -294 284 -334
No   Time    G  PAR    F1   F2   F3   F4   Fm1  Fm2  Fm3  Fm4    Y1   Y2   Y3   Y4
 1 14:03:59 20   64    46  102   40   48   116  214   90  120  0.60 0.52 0.56 0.60
 2 14:04:21 20   16    43   97   37   43   123  204   92  120  0.65 0.52 0.60 0.64
 3 14:04:41 20   64    44  104   38   44   113  214   91  115  0.61 0.51 0.58 0.62
 4 14:05:02 20  128    49  111   41   48   110  219   94  120  0.55 0.49 0.56 0.60
 5 14:05:22 20    1    49  110   43   50   106  205   94  113  0.54 0.46 0.54 0.56
 6 14:05:42 20  256    50  111   44   52   102  214   92  112  0.51 0.48 0.52 0.54
 7 14:06:02 20  320    52  113   47   55   108  212   94  115  0.52 0.47 0.50 0.52
 8 14:06:23 20  384    53  113   48   56    96  201   87  113  0.45 0.44 0.45 0.50
 9 14:06:43 20  448    52  114   48   57    99  204   89  110  0.47 0.44 0.46 0.48
10 14:07:03 20  512    54  116   51   59   101  199   88  110  0.47 0.42 0.42 0.46
11 14:07:24 20  576    55  118   52   61   100  195   86  114  0.45 0.39 0.40 0.46
12 14:07:44 20  640    55  118   53   62    94  192   86  109  0.41 0.39 0.38 0.43
13 14:08:04 20  704    57  121   55   64    93  190   94  110  0.39 0.36 0.41 0.42
14 14:08:24 20  832    61  123   60   69    98  195   90  115  0.38 0.37 0.33 0.40
;            Ch1    Ch2    Ch3    Ch4      blue   green  brown
;  alpha:   1.111  1.012  1.084  1.224     0.907 -0.000  1.107
; ETRmax:   444.1  444.9  410.7 1278.1     353.1    0.0  482.7
;     Ik:   399.8  439.7  378.8 1044.1     389.5    0.0  435.9
;References: BL_US PMDA0174.REF2 GR_US PMDA0174.REF2 BR_US PMDA0174.REF2

;LTM 80m_07132017

14JUL2017  14:10:14  Gain: 20  Zoff: -322 -294 284 -334
No   Time    G  PAR    F1   F2   F3   F4   Fm1  Fm2  Fm3  Fm4    Y1   Y2   Y3   Y4
 1 14:10:24 20   64    56   91   42   47   112  161   81  100  0.50 0.43 0.48 0.53

14JUL2017  14:10:31  Gain: 20  Zoff: -322 -294 284 -334
No   Time    G  PAR    F1   F2   F3   F4   Fm1  Fm2  Fm3  Fm4    Y1   Y2   Y3   Y4
 1 14:10:32 20   64    56   91   43   48   114  163   92  106  0.51 0.44 0.53 0.55
 2 14:10:53 20   16    52   85   41   45   128  161   91  116  0.59 0.47 0.55 0.61
 3 14:11:14 20   64    53   90   41   46   109  161   88  109  0.51 0.44 0.53 0.58
 4 14:11:34 20  128    54   91   44   48   111  164   86  105  0.51 0.45 0.49 0.54
 5 14:11:54 20  187    54   92   45   50   108  155   87  102  0.50 0.41 0.48 0.51
 6 14:12:14 20  256    57   93   48   53   104  157   90  102  0.45 0.41 0.47 0.48
 7 14:12:35 20  320    57   94   50   54    99  153   85  105  0.42 0.39 0.41 0.49
 8 14:12:55 20  384    60   96   52   58   102  156   89  102  0.41 0.38 0.42 0.43
 9 14:13:15 20  448    60   97   54   59   100  151   82  107  0.40 0.36 0.34 0.45
10 14:13:36 20  512    58   95   52   57    92  145   82   99  0.37 0.34 0.37 0.42
11 14:13:56 20  576    58   95   53   58    94  147   84  104  0.38 0.35 0.37 0.44
12 14:14:16 20  640    63   99   58   63   101  152   86  106  0.38 0.35 0.33 0.41
13 14:14:36 20  704    65   99   60   66   101  146   86  104  0.36 0.32 0.30 0.37
14 14:14:57 20  832    64   99   62   67    92  143   90  101  0.30 0.31 0.31 0.34
;            Ch1    Ch2    Ch3    Ch4      blue   green  brown
;  alpha:   1.564  1.054  1.291  1.337     1.162 -0.000  1.205
; ETRmax:   724.7 1687.8 1093.6  973.1     542.1    0.0 1688.9
;     Ik:   463.3 1600.9  847.2  727.7     466.6    0.0 1401.2
;References: BL_US PMDA0174.REF2 GR_US PMDA0174.REF2 BR_US PMDA0174.REF2

;LTM 90m_07132017

14JUL2017  14:17:22  Gain: 20  Zoff: -322 -294 284 -334
No   Time    G  PAR    F1   F2   F3   F4   Fm1  Fm2  Fm3  Fm4    Y1   Y2   Y3   Y4
 1 14:17:34 20   64    40   65   26   30    98  132   76   94  0.59 0.51 0.66 0.68
 2 14:17:49 20   64    36   61   25   30    92  125   68   91  0.61 0.51 0.63 0.67

14JUL2017  14:17:54  Gain: 20  Zoff: -322 -294 284 -334
No   Time    G  PAR    F1   F2   F3   F4   Fm1  Fm2  Fm3  Fm4    Y1   Y2   Y3   Y4
 1 14:17:55 20   64    35   60   26   30    96  128   71   91  0.64 0.53 0.63 0.67
 2 14:18:16 20   16    31   55   23   26   104  130   79  103  0.70 0.58 0.71 0.75
 3 14:18:37 20   64    34   59   24   28    98  125   73   93  0.65 0.53 0.67 0.70
 4 14:18:57 20  128    35   60   25   30    98  123   69   87  0.64 0.51 0.64 0.66
 5 14:19:17 20  192    36   61   27   31    86  122   69   85  0.58 0.50 0.61 0.64
 6 14:19:37 20  256    38   62   29   34    87  123   69   89  0.56 0.50 0.58 0.62
 7 14:19:58 20  320    41   63   31   36    91  121   68   85  0.55 0.48 0.54 0.58
 8 14:20:18 20  384    40   63   32   37    77  119   67   84  0.48 0.47 0.52 0.56
 9 14:20:38 20  448    39   62   32   37    79  119   64   82  0.51 0.48 0.50 0.55
10 14:20:59 20    1    39   62   33   38    76  107   69   75  0.49 0.42 0.52 0.49
11 14:21:19 20  576    38   61   33   38    72  107   61   81  0.47 0.43 0.46 0.53
12 14:21:39 20 3293    39   62   35   40    70  105   65   75  0.44 0.41 0.46 0.47
13 14:21:59 20  704    41   62   37   42    76  108   68   84  0.46 0.43 0.46 0.50
14 14:22:20 20  832    43   62   39   45    69  103   64   83  0.38 0.40 0.39 0.46
;            Ch1    Ch2    Ch3    Ch4      blue   green  brown
;  alpha:   1.373  1.136  1.389  1.462     1.428 -0.000  1.287
; ETRmax:   677.3  754.8  668.5  801.6     658.2    0.0  757.9
;     Ik:   493.2  664.2  481.3  548.1     460.9    0.0  589.1
;References: BL_US PMDA0174.REF2 GR_US PMDA0174.REF2 BR_US PMDA0174.REF2

;LTM 100m_07132017

14JUL2017  14:24:13  Gain: 20  Zoff: -322 -294 284 -334
No   Time    G  PAR    F1   F2   F3   F4   Fm1  Fm2  Fm3  Fm4    Y1   Y2   Y3   Y4
 1 14:24:24 20   64    17   33   15   19    61   81   50   66  ---- 0.59 ---- ----

14JUL2017  14:24:27  Gain: 20  Zoff: -322 -294 284 -334
No   Time    G  PAR    F1   F2   F3   F4   Fm1  Fm2  Fm3  Fm4    Y1   Y2   Y3   Y4
 1 14:24:28 20    1    18   33   16   20    61   81   55   68  ---- 0.59 ---- ----
 2 14:24:49 20   16    14   28   13   17    70   83   57   82  ---- 0.66 ---- ----
 3 14:25:09 20    1    19   33   17   21    64   89   58   64  ---- 0.63 ---- 0.67
 4 14:25:30 20    1    19   33   18   22    59   88   54   68  ---- 0.63 ---- 0.68
 5 14:25:50 20  192    21   34   20   24    57   81   51   65  0.63 0.58 ---- 0.63
 6 14:26:10 20  256    21   34   21   25    52   75   50   64  0.60 0.55 0.58 0.61
 7 14:26:31 20  320    22   35   22   27    54   83   54   70  0.59 0.58 0.59 0.61
 8 14:26:51 20  384    23   35   24   29    53   75   52   69  0.57 0.53 0.54 0.58
 9 14:27:11 20  448    22   34   24   29    52   78   53   66  0.58 0.56 0.55 0.56
10 14:27:31 20    1    23   34   25   30    54   73   50   66  0.57 0.53 0.50 0.55
11 14:27:52 20  576    24   35   27   32    49   75   56   65  0.51 0.53 0.52 0.51
12 14:28:12 20  640    26   36   29   34    53   70   55   69  0.51 0.49 0.47 0.51
13 14:28:32 20  704    28   36   31   36    54   71   56   68  0.48 0.49 0.45 0.47
14 14:28:52 20  832    29   36   33   39    56   74   59   71  0.48 0.51 0.44 0.45
;            Ch1    Ch2    Ch3    Ch4      blue   green  brown
;  alpha:   1.323  1.320  1.193  1.289     1.287 -0.000  1.401
; ETRmax:  1312.1 1255.8  589.9  648.0     552.4    0.0 1110.5
;     Ik:   991.9  951.4  494.3  502.9     429.1    0.0  792.7
;References: BL_US PMDA0174.REF2 GR_US PMDA0174.REF2 BR_US PMDA0174.REF2

;LTM 110m_07132017

14JUL2017  14:30:24  Gain: 20  Zoff: -322 -294 284 -334
No   Time    G  PAR    F1   F2   F3   F4   Fm1  Fm2  Fm3  Fm4    Y1   Y2   Y3   Y4
 1 14:30:34 20   64    -7   -6   -2   -2    20   19   26   35  ---- ---- ---- ----

14JUL2017  14:30:39  Gain: 20  Zoff: -322 -294 284 -334
No   Time    G  PAR    F1   F2   F3   F4   Fm1  Fm2  Fm3  Fm4    Y1   Y2   Y3   Y4
 1 14:31:10 20    1    41   54  -39  129   -19  -33   89   56  ---- ---- ---- ----
 2 14:31:32 20    1    -9   -6   -4   -2    27   22   30   31  ---- ---- ---- ----
 3 14:31:52 20   64    -8   -6   -2   -2    20   17   26   29  ---- ---- ---- ----
 4 14:32:12 20  128    -6   -6   -1    0    24   26   18   36  ---- ---- ---- ----
 5 14:32:32 20  192    -4   -6    1    2    22   24   23   41  ---- ---- ---- ----
 6 14:32:53 20  256    -3   -6    3    3    20   19   23   37  ---- ---- ---- ----
 7 14:33:13 20  320    -3   -8    3    4    16   19   23   28  ---- ---- ---- ----
 8 14:33:33 20    1    -4   -8    4    5    20   19   23   36  ---- ---- ---- ----
 9 14:33:54 20    1    -1   -8    6    7    20   18   29   33  ---- ---- ---- ----
10 14:34:14 20  512     0   -8    8    9    21   11   30   47  ---- ---- ---- ----
11 14:34:34 20  576     0   -9    9   10    20   12   30   44  ---- ---- ---- ----
12 14:34:54 20  640     0  -10   10   11    23    9   29   41  ---- ---- ---- ----
13 14:35:15 20  704     1  -10   11   13    25    5   33   42  ---- ---- ---- ----
14 14:35:35 20  832     3  -11   13   15    17    8   34   44  ---- ---- ---- ----
;            Ch1    Ch2    Ch3    Ch4      blue   green  brown
;  alpha:  -0.000 -0.000 -0.000 -0.000     2.437 -0.000 -0.000
; ETRmax:     0.0    0.0    0.0    0.0     848.9    0.0    0.0
;     Ik:     0.0    0.0    0.0    0.0     348.3    0.0    0.0
;References: BL_US PMDA0174.REF2 GR_US PMDA0174.REF2 BR_US PMDA0174.REF2

;LTM 120m_07132017

14JUL2017  14:37:13  Gain: 20  Zoff: -322 -294 284 -334
No   Time    G  PAR    F1   F2   F3   F4   Fm1  Fm2  Fm3  Fm4    Y1   Y2   Y3   Y4
 1 14:37:24 20   64   -15  -12   -6   -5    12   16   18   32  ---- ---- ---- ----

14JUL2017  14:37:27  Gain: 20  Zoff: -322 -294 284 -334
No   Time    G  PAR    F1   F2   F3   F4   Fm1  Fm2  Fm3  Fm4    Y1   Y2   Y3   Y4
 1 14:37:27 20    1    15   24  -26   68   -24  -33   88   48  ---- ---- ---- ----
 2 14:37:49 20   16   -16  -13   -6   -5    17   21   23   29  ---- ---- ---- ----
 3 14:38:09 20   64   -15  -12   -5   -4     7   16   16   28  ---- ---- ---- ----
 4 14:38:30 20  128   -13  -11   -4   -3     9   13   17   31  ---- ---- ---- ----
 5 14:38:50 20  192   -11  -11   -2   -1    12   12   21   33  ---- ---- ---- ----
 6 14:39:10 20    1    93  118  -68  241   -20  -29   90   51  ---- ---- ---- ----
 7 14:39:30 20  320    -4  -11    6   10    15    9   21   34  ---- ---- ---- ----
 8 14:39:51 20  384    -7  -12    4    5    13   11   26   32  ---- ---- ---- ----
 9 14:40:11 20  448    -7  -12    4    6    15    9   25   37  ---- ---- ---- ----
10 14:40:31 20    1    -6  -11    5    7    19   11   25   37  ---- ---- ---- ----
11 14:40:51 20  576    -5  -12    7    9    10    4   30   41  ---- ---- ---- ----
12 14:41:12 20  640    -3  -12    9   11    16   13   32   39  ---- ---- ---- ----
13 14:41:32 20  704    -2  -12   11   13    18    4   27   45  ---- ---- ---- ----
14 14:41:52 20  832    -1  -12   13   15    18    9   30   43  ---- ---- ---- ----
;            Ch1    Ch2    Ch3    Ch4      blue   green  brown
;  alpha:  -0.000 -0.000 -0.000 -0.000     2.290 -0.000 -0.000
; ETRmax:     0.0    0.0    0.0    0.0    1161.4    0.0    0.0
;     Ik:     0.0    0.0    0.0    0.0     507.1    0.0    0.0
;References: BL_US PMDA0174.REF2 GR_US PMDA0174.REF2 BR_US PMDA0174.REF2

;LTM 130m_07132017

14JUL2017  15:30:48  Gain: 20  Zoff: -322 -294 284 -334
No   Time    G  PAR    F1   F2   F3   F4   Fm1  Fm2  Fm3  Fm4    Y1   Y2   Y3   Y4
 1 15:31:02 20    1    -9   -1   -9   -9    15   25   11   20  ---- ---- ---- ----

14JUL2017  15:31:06  Gain: 20  Zoff: -322 -294 284 -334
No   Time    G  PAR    F1   F2   F3   F4   Fm1  Fm2  Fm3  Fm4    Y1   Y2   Y3   Y4
 1 15:31:57 20   64    26   44  -44  118   -27  -44   93   55  ---- ---- ---- ----
 2 15:32:18 20   16    -9   -1  -10   -7    18   27   15   24  ---- ---- ---- ----
 3 15:32:39 20   64    -9   -1   -8   -8    17   21   17   23  ---- ---- ---- ----
 4 15:32:59 20  128    -8   -1   -7   -7    19   30   16   26  ---- ---- ---- ----
 5 15:33:19 20  192    -7   -2   -6   -6    17   22   14   25  ---- ---- ---- ----
 6 15:33:40 20    1    -6   -2   -4   -4    14   24   20   32  ---- ---- ---- ----
 7 15:34:00 20  320    -6   -3   -3   -3    18   23   18   27  ---- ---- ---- ----
 8 15:34:20 20  384    -6   -4   -2   -2    12   24   21   27  ---- ---- ---- ----
 9 15:34:40 20  448    -5   -4   -1   -1    17   18   19   30  ---- ---- ---- ----
10 15:35:01 20  512    -4   -4    0    1    20   26   22   31  ---- ---- ---- ----
11 15:35:21 20  576    -3   -5    1    2    17   17   18   39  ---- ---- ---- ----
12 15:35:41 20  640    -3   -5    3    4    18   13   27   33  ---- ---- ---- ----
13 15:36:02 20  704    -1   -6    4    5    18   14   19   34  ---- ---- ---- ----
14 15:36:22 20  832     0   -7    6    8    17    9   27   32  ---- ---- ---- ----
;            Ch1    Ch2    Ch3    Ch4      blue   green  brown
;  alpha:  -0.000 -0.000 -0.000 -0.000    11.309 -0.000 -0.000
; ETRmax:     0.0    0.0    0.0    0.0    2024.9    0.0    0.0
;     Ik:     0.0    0.0    0.0    0.0     179.1    0.0    0.0
;References: BL_US PMDA0174.REF2 GR_US PMDA0174.REF2 BR_US PMDA0174.REF2

;LTM 140m_07132017

14JUL2017  15:38:17  Gain: 20  Zoff: -322 -294 284 -334
No   Time    G  PAR    F1   F2   F3   F4   Fm1  Fm2  Fm3  Fm4    Y1   Y2   Y3   Y4
 1 15:38:28 20   64   -16  -14   -8   -6    12   10   22   27  ---- ---- ---- ----

14JUL2017  15:38:32  Gain: 20  Zoff: -322 -294 284 -334
No   Time    G  PAR    F1   F2   F3   F4   Fm1  Fm2  Fm3  Fm4    Y1   Y2   Y3   Y4
 1 15:39:01 20   64    26   42  -43  110   -28  -38   84   48  ---- ---- ---- ----
 2 15:39:23 20   16     2   13  -25   51    20   23   20   30  ---- ---- ---- ----
 3 15:39:43 20    1   -16  -13   -8   -5    12   14   15   29  ---- ---- ---- ----
 4 15:40:03 20  128   -14  -13   -5   -4    10   18   16   27  ---- ---- ---- ----
 5 15:40:23 20  192   -13  -13   -4   -2    12   19   21   34  ---- ---- ---- ----
 6 15:40:44 20  256   -12  -13   -2   -1     8    8   20   31  ---- ---- ---- ----
 7 15:41:04 20  320   -11  -13   -1    1    11    8   18   34  ---- ---- ---- ----
 8 15:41:24 20  384   -11  -14    0    2     7    5   17   35  ---- ---- ---- ----
 9 15:41:45 20  448   -10  -14    1    4    13    9   27   34  ---- ---- ---- ----
10 15:42:05 20    1   -10  -15    2    5    15    4   28   34  ---- ---- ---- ----
11 15:42:25 20    1    -9  -16    3    5    12    3   25   35  ---- ---- ---- ----
12 15:42:45 20  640    -8  -17    5    8    16    6   26   35  ---- ---- ---- ----
13 15:43:06 20  704    -8  -17    6    8    13    5   26   39  ---- ---- ---- ----
14 15:43:26 20    1    -6  -18    8   11    12    0   32   36  ---- ---- ---- ----
;            Ch1    Ch2    Ch3    Ch4      blue   green  brown
;  alpha:  -0.000 -0.000 -0.000 -0.000    -0.000 -0.000 -0.000
; ETRmax:     0.0    0.0    0.0    0.0       0.0    0.0    0.0
;     Ik:     0.0    0.0    0.0    0.0       0.0    0.0    0.0
;References: BL_US PMDA0174.REF2 GR_US PMDA0174.REF2 BR_US PMDA0174.REF2