

Gain: 23  Zoff: 274 342 391 256

;LTM 0m_03312016

31MAR2016  21:45:30  Gain: 23  Zoff: 274 342 391 256
No   Time    G  PAR    F1   F2   F3   F4   Fm1  Fm2  Fm3  Fm4    Y1   Y2   Y3   Y4
 1 21:45:43 23   64   172  308  215  211   253  441  316  354  0.32 0.30 0.32 0.40

31MAR2016  21:45:52  Gain: 23  Zoff: 274 342 391 256
No   Time    G  PAR    F1   F2   F3   F4   Fm1  Fm2  Fm3  Fm4    Y1   Y2   Y3   Y4
 1 21:45:52 23   64   169  303  208  206   249  440  309  329  0.32 0.31 0.33 0.37
 2 21:46:14 23   16   161  293  197  195   238  404  293  331  0.32 0.27 0.33 0.41
 3 21:46:34 23   64   167  308  199  199   249  441  301  325  0.33 0.30 0.34 0.39
 4 21:46:54 23  128   167  322  212  208   243  470  334  357  0.31 0.31 0.37 0.42
 5 21:47:14 23  192   176  334  223  219   255  470  324  366  0.31 0.29 0.31 0.40
 6 21:47:35 23  256   173  338  233  228   248  501  335  350  0.30 0.33 0.30 0.35
 7 21:47:55 23  320   174  340  229  226   255  492  321  373  0.32 0.31 0.29 0.39
 8 21:48:15 23  384   192  352  241  240   296  496  373  396  0.35 0.29 0.35 0.39
 9 21:48:36 23  448   264  411  324  336   372  554  432  480  0.29 0.26 0.25 0.30
10 21:48:56 23  512   205  371  273  269   230  467  336  365  0.11 0.21 0.19 0.26
11 21:49:16 23  576   179  365  265  257   236  481  345  371  0.24 0.24 0.23 0.31
12 21:49:36 23  640   186  375  276  268   248  500  349  365  0.25 0.25 0.21 0.27
13 21:49:57 23  704   190  378  273  267   237  487  335  356  0.20 0.22 0.19 0.25
14 21:50:17 23  832   117  335  208  231   197  485  323  369  0.41 0.31 0.36 0.37
;            Ch1    Ch2    Ch3    Ch4      blue   green  brown
;  alpha:   0.709  0.729  0.759  0.992     0.862 -0.000  0.884
; ETRmax:  2538.4 1726.2 1361.8 1361.0    1054.5    0.0  891.6
;     Ik:  3578.4 2368.5 1794.7 1371.5    1222.7    0.0 1008.1
;References: BL_US PMDA0174.REF2 GR_US PMDA0174.REF2 BR_US PMDA0174.REF2


;LTM 20m_03312016

31MAR2016  21:28:52  Gain: 23  Zoff: 274 342 391 256
No   Time    G  PAR    F1   F2   F3   F4   Fm1  Fm2  Fm3  Fm4    Y1   Y2   Y3   Y4
 1 21:38:15 23   64   190  428  249  242   305  761  514  528  0.38 0.44 0.52 0.54

31MAR2016  21:38:23  Gain: 23  Zoff: 274 342 391 256
No   Time    G  PAR    F1   F2   F3   F4   Fm1  Fm2  Fm3  Fm4    Y1   Y2   Y3   Y4
 1 21:38:23 23   64   179  431  271  254   306  760  551  555  0.42 0.43 0.51 0.54
 2 21:38:45 23   16   166  417  246  231   310  727  482  500  0.46 0.43 0.49 0.54
 3 21:39:05 23    1   166  424  246  231   301  770  501  509  0.45 0.45 0.51 0.55
 4 21:39:26 23  128   171  429  257  247   298  749  458  475  0.43 0.43 0.44 0.48
 5 21:39:46 23  192   184  458  272  260   303  788  509  517  0.39 0.42 0.47 0.50
 6 21:40:06 23  256   192  484  286  275   287  776  459  492  0.33 0.38 0.38 0.44
 7 21:40:26 23  320   185  480  285  272   282  786  477  491  0.34 0.39 0.40 0.45
 8 21:40:47 23  384   189  497  288  277   265  750  442  457  0.29 0.34 0.35 0.39
 9 21:41:07 23  448   184  482  283  273   278  738  437  449  0.34 0.35 0.35 0.39
10 21:41:27 23  512   191  514  318  303   271  755  476  502  0.30 0.32 0.33 0.40
11 21:41:48 23  576   182  493  309  295   242  701  429  440  0.25 0.30 0.28 0.33
12 21:42:08 23  640   179  497  306  293   241  713  449  450  0.26 0.30 0.32 0.35
13 21:42:28 23  704   192  520  343  326   269  722  479  488  0.29 0.28 0.28 0.33
14 21:42:48 23  832   102  450  252  269   212  681  419  442  0.52 0.34 0.40 0.39
;            Ch1    Ch2    Ch3    Ch4      blue   green  brown
;  alpha:   0.904  0.986  1.015  1.114     1.158 -0.000  1.225
; ETRmax:  2241.8 1583.8 1743.7  795.0    1275.2    0.0  778.0
;     Ik:  2479.6 1606.0 1718.3  713.4    1101.7    0.0  635.0
;References: BL_US PMDA0174.REF2 GR_US PMDA0174.REF2 BR_US PMDA0174.REF2


;LTM 40m_03312016

31MAR2016  21:52:35  Gain: 23  Zoff: 274 342 391 256
No   Time    G  PAR    F1   F2   F3   F4   Fm1  Fm2  Fm3  Fm4    Y1   Y2   Y3   Y4
 1 21:52:48 23   64   207  530  171  189   372  851  308  376  0.44 0.38 0.44 0.50

31MAR2016  21:52:54  Gain: 23  Zoff: 274 342 391 256
No   Time    G  PAR    F1   F2   F3   F4   Fm1  Fm2  Fm3  Fm4    Y1   Y2   Y3   Y4
 1 21:52:55 23   64   205  526  171  190   351  828  304  375  0.42 0.36 0.44 0.49
 2 21:53:16 23   16   180  493  152  169   367  820  301  382  0.51 0.40 0.50 0.56
 3 21:53:37 23   64   198  518  162  181   351  838  296  364  0.44 0.38 0.45 0.50
 4 21:53:57 23  128   201  524  169  188   335  844  313  367  0.40 0.38 0.46 0.49
 5 21:54:17 23  192   218  545  185  206   359  840  304  369  0.39 0.35 0.39 0.44
 6 21:54:37 23  256   216  546  185  207   330  824  299  350  0.35 0.34 0.38 0.41
 7 21:54:58 23  320   216  548  184  208   332  812  292  355  0.35 0.33 0.37 0.41
 8 21:55:18 23  384   219  555  189  213   327  811  287  347  0.33 0.32 0.34 0.39
 9 21:55:38 23  448   224  562  193  220   316  810  285  369  0.29 0.31 0.32 0.40
10 21:55:59 23  512   226  580  206  230   311  824  305  362  0.27 0.30 0.32 0.36
11 21:56:19 23  576   224  576  203  227   304  795  279  339  0.26 0.28 0.27 0.33
12 21:56:39 23  640   231  581  203  229   313  798  284  344  0.26 0.27 0.29 0.33
13 21:56:59 23  704   234  589  206  234   313  794  286  347  0.25 0.26 0.28 0.33
14 21:57:20 23  832   170  558  159  212   250  789  265  328  0.32 0.29 0.40 0.35
;            Ch1    Ch2    Ch3    Ch4      blue   green  brown
;  alpha:   1.013  0.894  1.024  1.167     0.999 -0.000  1.321
; ETRmax:   616.5 1363.3 1422.4 1174.2    1553.2    0.0  545.7
;     Ik:   608.6 1524.5 1389.4 1006.5    1555.4    0.0  413.2
;References: BL_US PMDA0174.REF2 GR_US PMDA0174.REF2 BR_US PMDA0174.REF2

;LTM 60m_03312016

31MAR2016  21:59:42  Gain: 23  Zoff: 274 342 391 256
No   Time    G  PAR    F1   F2   F3   F4   Fm1  Fm2  Fm3  Fm4    Y1   Y2   Y3   Y4
 1 21:59:59 23   64   329  232  191  235   543  376  323  416  0.39 0.38 0.41 0.44

31MAR2016  22:00:07  Gain: 23  Zoff: 274 342 391 256
No   Time    G  PAR    F1   F2   F3   F4   Fm1  Fm2  Fm3  Fm4    Y1   Y2   Y3   Y4
 1 22:00:07 23   64   338  237  196  240   550  377  323  401  0.39 0.37 0.39 0.40
 2 22:00:29 23   16   239  171  147  178   532  353  324  401  0.55 0.52 0.55 0.56
 3 22:00:49 23   64   293  203  181  219   486  338  309  395  0.40 0.40 0.41 0.45
 4 22:01:09 23  128   301  201  188  228   449  324  275  374  0.33 0.38 0.32 0.39
 5 22:01:30 23  192   337  224  204  248   432  306  274  348  0.22 0.27 0.26 0.29
 6 22:01:50 23  256   318  211  199  242   437  316  279  359  0.27 0.33 0.29 0.33
 7 22:02:10 23  320   316  208  203  246   389  268  251  321  0.19 0.22 0.19 0.23
 8 22:02:31 23  384   311  203  201  244   379  280  259  324  0.18 0.28 0.22 0.25
 9 22:02:51 23  448   305  198  198  240   372  244  246  327  0.18 0.19 0.20 0.27
10 22:03:11 23  512   318  212  204  247   394  281  250  314  0.19 0.25 0.18 0.21
11 22:03:31 23  576   338  228  212  260   399  281  250  329  0.15 0.19 0.15 0.21
12 22:03:52 23  640   299  196  198  240   356  238  225  304  0.16 0.18 0.12 0.21
13 22:04:12 23  704   300  198  199  243   367  256  238  320  0.18 0.23 0.16 0.24
14 22:04:32 23  832   267  175  162  233   321  255  230  318  0.17 0.31 0.30 0.27
;            Ch1    Ch2    Ch3    Ch4      blue   green  brown
;  alpha:   0.990  0.918  0.972  1.020     0.680  1.544  0.669
; ETRmax:   334.0  504.3  395.7  574.2    4337.4  166.4 754981.5
;     Ik:   337.4  549.3  407.1  562.9    6377.8  107.8 1127815.
;References: BL_US PMDA0174.REF2 GR_US PMDA0174.REF2 BR_US PMDA0174.REF2

;LTM 80m_03312016

31MAR2016  22:07:20  Gain: 23  Zoff: 274 342 391 256
No   Time    G  PAR    F1   F2   F3   F4   Fm1  Fm2  Fm3  Fm4    Y1   Y2   Y3   Y4
 1 22:07:35 23   64   133   96   84  101   213  176  152  202  0.38 0.45 0.45 0.50

31MAR2016  22:07:43  Gain: 23  Zoff: 274 342 391 256
No   Time    G  PAR    F1   F2   F3   F4   Fm1  Fm2  Fm3  Fm4    Y1   Y2   Y3   Y4
 1 22:07:44 23   64   132   94   86  103   208  177  140  194  0.37 0.47 0.39 0.47
 2 22:08:06 23   16   104   80   67   80   255  202  163  232  0.59 0.60 0.59 0.66
 3 22:08:26 23   64   135   98   87  104   217  171  150  208  0.38 0.43 0.42 0.50
 4 22:08:46 23  128   143  103   94  112   206  180  156  199  0.31 0.43 0.40 0.44
 5 22:09:06 23  192   151  105   99  119   213  155  141  193  0.29 0.32 0.30 0.38
 6 22:09:27 23  256   153  104  104  123   201  151  142  204  0.24 0.31 0.27 0.40
 7 22:09:47 23  320   156  104  108  127   196  157  142  194  0.20 0.34 0.24 0.35
 8 22:10:07 23  384   156  105  110  129   205  165  150  205  0.24 0.36 0.27 0.37
 9 22:10:28 23  448   155  108  112  132   193  149  142  194  0.20 0.28 0.21 0.32
10 22:10:48 23  512   155  103  110  131   182  145  146  195  0.15 0.29 0.25 0.33
11 22:11:08 23  576   153   99  109  130   189  137  132  190  0.19 0.28 0.17 0.32
12 22:11:28 23  640   158  101  113  134   179  156  133  192  0.12 0.35 0.15 0.30
13 22:11:49 23  704   154   98  110  132   174  135  137  185  0.11 0.27 0.20 0.29
14 22:12:09 23  832   113   77   82  124   157  128  138  184  0.28 0.40 0.41 0.33
;            Ch1    Ch2    Ch3    Ch4      blue   green  brown
;  alpha:   0.920  0.802  0.941  1.277     0.965  1.561  0.960
; ETRmax:   397.4 3851.0  644.1  732.5    18467.6  139.1 920578.3
;     Ik:   431.9 4799.8  684.1  573.4    19139.4   89.1 958967.7
;References: BL_US PMDA0174.REF2 GR_US PMDA0174.REF2 BR_US PMDA0174.REF2

;LTM 100m_03312016

31MAR2016  22:14:57  Gain: 23  Zoff: 274 342 391 256
No   Time    G  PAR    F1   F2   F3   F4   Fm1  Fm2  Fm3  Fm4    Y1   Y2   Y3   Y4
 1 22:15:14 23   64    25   31   19   26    66   77   72   96  0.62 0.60 ---- 0.73

31MAR2016  22:15:20  Gain: 23  Zoff: 274 342 391 256
No   Time    G  PAR    F1   F2   F3   F4   Fm1  Fm2  Fm3  Fm4    Y1   Y2   Y3   Y4
 1 22:15:20 23   64    24   29   21   28    60   59   47   71  0.60 0.51 0.55 0.61
 2 22:15:42 23   16    20   23   14   21    71   57   52   90  ---- 0.60 ---- 0.77
 3 22:16:02 23   64    24   26   17   24    60   79   58   96  0.60 0.67 ---- 0.75
 4 22:16:22 23  128    26   25   21   28    65   65   54   67  0.60 0.62 0.61 0.58
 5 22:16:43 23  192    27   24   23   31    50   61   56   87  0.46 0.61 0.59 0.64
 6 22:17:03 23  256    28   22   25   33    60   56   54   89  0.53 0.61 0.54 0.63
 7 22:17:23 23  320    31   23   29   37    50   69   65   94  0.38 0.67 0.55 0.61
 8 22:17:44 23  384    33   23   31   40    60   65   58   98  0.45 0.65 0.47 0.59
 9 22:18:04 23  448    33   23   32   41    65   57   53   92  0.49 0.60 0.40 0.55
10 22:18:24 23  512    35   22   34   43    63   55   64   95  0.44 0.60 0.47 0.55
11 22:18:44 23  576    36   22   37   46    62   71   71  104  0.42 0.69 0.48 0.56
12 22:19:05 23  640    37   21   38   48    69   56   63  105  0.46 0.63 0.40 0.54
13 22:19:25 23  704    38   21   40   50    70   47   62   97  0.46 0.55 0.35 0.48
14 22:19:45 23  832    15   12   27   52    45   55   46   98  ---- ---- 0.41 0.47
;            Ch1    Ch2    Ch3    Ch4      blue   green  brown
;  alpha:   1.346  1.411  1.558  1.613     1.623  0.851  1.162
; ETRmax:  2063.9 3513.0 1464.1 2527.1    1222.1 5655.8  533.4
;     Ik:  1533.4 2490.2  939.5 1566.4     753.0 6646.2  459.2
;References: BL_US PMDA0174.REF2 GR_US PMDA0174.REF2 BR_US PMDA0174.REF2

;LTM 110m_03312016

31MAR2016  22:24:29  Gain: 23  Zoff: 274 342 391 256
No   Time    G  PAR    F1   F2   F3   F4   Fm1  Fm2  Fm3  Fm4    Y1   Y2   Y3   Y4
 1 22:24:42 23   64     3    8   10   15    47   47   50   83  ---- ---- ---- ----

31MAR2016  22:24:50  Gain: 23  Zoff: 274 342 391 256
No   Time    G  PAR    F1   F2   F3   F4   Fm1  Fm2  Fm3  Fm4    Y1   Y2   Y3   Y4
 1 22:24:50 23   64     4    8   13   18    53   73   34   89  ---- ---- ---- ----
 2 22:25:12 23   16     1    7   10   16    42   54   54   78  ---- ---- ---- ----
 3 22:25:32 23   64     2    7   10   15    46   56   39   90  ---- ---- ---- ----
 4 22:25:53 23  128     6   10   15   21    44   50   54  101  ---- ---- ---- 0.79
 5 22:26:13 23  192     8    7   16   23    36   64   53   87  ---- ---- ---- 0.74
 6 22:26:33 23  256    10    8   20   27    40   43   49   94  ---- ---- ---- 0.71
 7 22:26:53 23  320    13    7   22   30    46   50   49  106  ---- ---- 0.55 0.72
 8 22:27:14 23  384    14    7   24   32    38   46   54   97  ---- ---- 0.56 0.67
 9 22:27:34 23  448    13    6   25   33    43   44   49   82  ---- ---- 0.49 0.60
10 22:27:54 23  512    16    8   29   38    39   49   46   86  ---- ---- 0.37 0.56
11 22:28:15 23  576    16    8   30   39    39   42   51   99  ---- ---- 0.41 0.61
12 22:28:35 23  640    16    7   32   41    31   46   48   96  ---- ---- 0.33 0.57
13 22:28:55 23  704    19    6   33   42    52   30   64   92  ---- ---- 0.48 0.54
14 22:29:15 23  832    -1   -2   21   48    28   52   64  103  ---- ---- 0.67 0.53
;            Ch1    Ch2    Ch3    Ch4      blue   green  brown
;  alpha:  -0.000 -0.000  0.965  1.808     1.855  1.961  2.179
; ETRmax:     0.0    0.0 2836289. 1066.5    2119.6 1426.4 1408.3
;     Ik:     0.0    0.0 2939634.  590.0    1142.6  727.2  646.3
;References: BL_US PMDA0174.REF2 GR_US PMDA0174.REF2 BR_US PMDA0174.REF2

;LTM 120m_03312016

31MAR2016  22:32:02  Gain: 23  Zoff: 274 342 391 256
No   Time    G  PAR    F1   F2   F3   F4   Fm1  Fm2  Fm3  Fm4    Y1   Y2   Y3   Y4
 1 22:32:14 23   64    20   21    5   10    45   64   35   65  ---- 0.67 ---- ----

31MAR2016  22:32:21  Gain: 23  Zoff: 274 342 391 256
No   Time    G  PAR    F1   F2   F3   F4   Fm1  Fm2  Fm3  Fm4    Y1   Y2   Y3   Y4
 1 22:32:21 23   64    22   21    8   13    59   65   48   66  0.63 0.68 ---- ----
 2 22:32:43 23   16    18   20    6    9    59   68   29   70  ---- ---- ---- ----
 3 22:33:03 23   64    21   22    7   11    45   67   38   71  0.53 0.67 ---- ----
 4 22:33:23 23  128    22   22   10   15    51   60   34   71  0.57 0.63 ---- ----
 5 22:33:44 23  192    25   20   12   18    59   59   53   76  0.58 ---- ---- ----
 6 22:34:04 23  256    26   20   15   21    57   64   46   81  0.54 ---- ---- 0.74
 7 22:34:24 23  320    28   20   19   24    65   77   45   73  0.57 ---- ---- 0.67
 8 22:34:45 23  384    30   19   20   27    56   50   50   89  0.46 ---- ---- 0.70
 9 22:35:05 23  448    28   18   21   28    52   61   53   75  0.46 ---- 0.60 0.63
10 22:35:25 23  512    28   17   22   30    50   52   52   81  0.44 ---- 0.58 0.63
11 22:35:45 23  576    32   17   26   33    54   49   59   87  0.41 ---- 0.56 0.62
12 22:36:06 23  640    32   16   27   35    56   55   59   87  0.43 ---- 0.54 0.60
13 22:36:26 23  704    33   15   29   38    66   53   61   99  0.50 ---- 0.52 0.62
14 22:36:46 23  832    13    9   19   44    47   53   50  101  ---- ---- ---- 0.56
;            Ch1    Ch2    Ch3    Ch4      blue   green  brown
;  alpha:   1.451  1.620  1.802  1.834     1.988  0.581  1.303
; ETRmax:  1930.2  939.6 1594.0 3396.2    1109.0  773.8  696.4
;     Ik:  1330.2  579.9  884.5 1852.2     558.0 1332.2  534.6
;References: BL_US PMDA0174.REF2 GR_US PMDA0174.REF2 BR_US PMDA0174.REF2

;LTM 130m_03312016

31MAR2016  22:39:44  Gain: 23  Zoff: 274 342 391 256
No   Time    G  PAR    F1   F2   F3   F4   Fm1  Fm2  Fm3  Fm4    Y1   Y2   Y3   Y4
 1 22:40:04 23   64   373  383  111  116   413  437  138  187  0.10 0.12 0.20 0.38

31MAR2016  22:40:10  Gain: 23  Zoff: 274 342 391 256
No   Time    G  PAR    F1   F2   F3   F4   Fm1  Fm2  Fm3  Fm4    Y1   Y2   Y3   Y4
 1 22:40:10 23   64   373  381  113  117   398  422  145  177  0.06 0.10 0.22 0.34
 2 22:40:32 23   16   372  383  108  112   410  424  119  156  0.09 0.10 0.09 0.28
 3 22:40:52 23   64   371  382  111  116   403  419  140  175  0.08 0.09 0.21 0.34
 4 22:41:12 23  128   369  379  116  122   404  417  150  178  0.09 0.09 0.23 0.31
 5 22:41:33 23  192   371  377  115  121   403  399  144  194  0.08 0.06 0.20 0.38
 6 22:41:53 23  256   367  373  122  128   403  407  145  196  0.09 0.08 0.16 0.35
 7 22:42:13 23  320   367  370  118  127   389  402  143  176  0.06 0.08 0.17 0.28
 8 22:42:33 23  384   370  371  126  135   400  406  155  190  0.08 0.09 0.19 0.29
 9 22:42:54 23  448   366  364  117  129   387  397  143  179  0.05 0.08 0.18 0.28
10 22:43:14 23  512   359  357  117  127   370  398  154  179  0.03 0.10 0.24 0.29
11 22:43:34 23  576   356  355  129  137   378  393  167  194  0.06 0.10 0.23 0.29
12 22:43:55 23  640   356  351  120  132   372  386  146  193  0.04 0.09 0.18 0.32
13 22:44:15 23  704   354  350  121  133   372  388  154  189  0.05 0.10 0.21 0.30
14 22:44:35 23  832   305  319   94  128   327  381  141  193  0.07 0.16 0.33 0.34
;            Ch1    Ch2    Ch3    Ch4      blue   green  brown
;  alpha:   0.239  0.160  0.316  0.754    -0.000 -0.000  0.296
; ETRmax:   139.3 120903.5 131110.8 3912.8       0.0    0.0  854.5
;     Ik:   583.9 757216.6 415099.7 5189.4       0.0    0.0 2885.9
;References: BL_US PMDA0174.REF2 GR_US PMDA0174.REF2 BR_US PMDA0174.REF2

;LTM 140m_03312016

31MAR2016  22:47:44  Gain: 23  Zoff: 274 342 391 256
No   Time    G  PAR    F1   F2   F3   F4   Fm1  Fm2  Fm3  Fm4    Y1   Y2   Y3   Y4
 1 22:47:59 23   64   624  638  173  182   658  673  200  230  0.05 0.05 0.14 0.21

31MAR2016  22:48:10  Gain: 23  Zoff: 274 342 391 256
No   Time    G  PAR    F1   F2   F3   F4   Fm1  Fm2  Fm3  Fm4    Y1   Y2   Y3   Y4
 1 22:48:11 23   64   621  635  175  182   647  682  201  252  0.04 0.07 0.13 0.28
 2 22:48:32 23   16   618  636  173  181   656  660  204  238  0.06 0.04 0.15 0.24
 3 22:48:53 23   64   613  627  170  178   632  653  194  236  0.03 0.04 0.12 0.25
 4 22:49:13 23  128   606  621  171  179   638  656  197  247  0.05 0.05 0.13 0.28
 5 22:49:33 23  192   606  618  176  184   633  657  205  252  0.04 0.06 0.14 0.27
 6 22:49:54 23  256   599  610  175  184   635  629  204  238  0.06 0.03 0.14 0.23
 7 22:50:14 23  320   594  602  176  185   619  648  210  241  0.04 0.07 0.16 0.23
 8 22:50:34 23  384   588  594  176  186   611  619  207  232  0.04 0.04 0.15 0.20
 9 22:50:54 23  448   581  587  175  184   607  613  200  228  0.04 0.04 0.13 0.19
10 22:51:15 23  512   577  580  176  186   588  609  200  245  0.02 0.05 0.12 0.24
11 22:51:35 23  576   572  574  176  187   594  608  201  224  0.04 0.06 0.12 0.17
12 22:51:55 23  640   562  563  174  185   577  599  204  226  0.03 0.06 0.15 0.18
13 22:52:15 23  704   554  552  173  184   588  569  194  237  0.06 0.03 0.11 0.22
14 22:52:36 23  832   490  509  125  162   537  573  184  234  0.09 0.11 0.32 0.31
;            Ch1    Ch2    Ch3    Ch4      blue   green  brown
;  alpha:   0.065  0.093  0.199  0.585    -0.000 -0.000  0.182
; ETRmax:   285.2 35108.6  518.4 2005.3       0.0    0.0  780.6
;     Ik:  4413.9 376647.5 2606.2 3425.5       0.0    0.0 4279.2
;References: BL_US PMDA0174.REF2 GR_US PMDA0174.REF2 BR_US PMDA0174.REF2


;LTM 150m_03312016

31MAR2016  22:55:24  Gain: 23  Zoff: 274 342 391 256
No   Time    G  PAR    F1   F2   F3   F4   Fm1  Fm2  Fm3  Fm4    Y1   Y2   Y3   Y4
 1 22:55:35 23   64   591  620  177  183   620  670  200  264  0.05 0.07 0.12 0.31

31MAR2016  22:55:42  Gain: 23  Zoff: 274 342 391 256
No   Time    G  PAR    F1   F2   F3   F4   Fm1  Fm2  Fm3  Fm4    Y1   Y2   Y3   Y4
 1 22:55:42 23   64   587  612  174  182   621  680  206  252  0.05 0.10 0.16 0.28
 2 22:56:04 23   16   584  612  172  179   622  670  204  251  0.06 0.09 0.16 0.29
 3 22:56:24 23   64   570  602  175  180   595  672  217  246  0.04 0.10 0.19 0.27
 4 22:56:44 23  128   567  599  177  182   606  659  221  248  0.06 0.09 0.20 0.27
 5 22:57:05 23  192   556  584  177  183   588  635  224  237  0.05 0.08 0.21 0.23
 6 22:57:25 23  256   543  569  176  181   567  615  219  250  0.04 0.07 0.20 0.28
 7 22:57:45 23  320   530  551  169  177   566  591  193  228  0.06 0.07 0.12 0.22
 8 22:58:05 23  384   515  530  162  171   530  564  187  216  0.03 0.06 0.13 0.21
 9 22:58:26 23  448   502  511  158  167   526  556  176  225  0.05 0.08 0.10 0.26
10 22:58:46 23  512   490  495  155  167   511  538  187  223  0.04 0.08 0.17 0.25
11 22:59:06 23  576   481  481  154  165   499  517  182  216  0.04 0.07 0.15 0.24
12 22:59:27 23  640   468  469  151  163   489  503  185  215  0.04 0.07 0.18 0.24
13 22:59:47 23  704   458  455  147  159   480  481  164  207  0.05 0.05 0.10 0.23
14 23:00:07 23  832   395  408  104  141   438  464  164  207  0.10 0.12 0.37 0.32
;            Ch1    Ch2    Ch3    Ch4      blue   green  brown
;  alpha:   0.063  0.190  0.208  0.541    -0.000 -0.000  0.144
; ETRmax:  110687.8  834.4 438125.1 1135049.       0.0    0.0  404.0
;     Ik:  1747453. 4403.1 2106972. 2096331.       0.0    0.0 2814.6
;References: BL_US PMDA0174.REF2 GR_US PMDA0174.REF2 BR_US PMDA0174.REF2

;LTM 160m_03312016

31MAR2016  23:02:43  Gain: 23  Zoff: 274 342 391 256
No   Time    G  PAR    F1   F2   F3   F4   Fm1  Fm2  Fm3  Fm4    Y1   Y2   Y3   Y4
 1 23:02:57 23   64   463  473  123  129   482  506  151  182  0.04 0.07 0.19 0.29

31MAR2016  23:03:04  Gain: 23  Zoff: 274 342 391 256
No   Time    G  PAR    F1   F2   F3   F4   Fm1  Fm2  Fm3  Fm4    Y1   Y2   Y3   Y4
 1 23:03:04 23   64   461  468  124  131   500  494  148  189  0.08 0.05 0.16 0.31
 2 23:03:26 23   16   452  461  120  127   479  507  151  182  0.06 0.09 0.21 0.30
 3 23:03:46 23   64   447  459  120  127   465  489  151  193  0.04 0.06 0.21 0.34
 4 23:04:07 23  128   440  447  118  125   467  484  142  180  0.06 0.08 0.17 0.31
 5 23:04:27 23  192   434  438  119  127   456  472  143  178  0.05 0.07 0.17 0.29
 6 23:04:47 23  256   427  430  120  127   447  457  159  189  0.04 0.06 0.25 0.33
 7 23:05:07 23  320   418  419  120  127   449  452  153  168  0.07 0.07 0.22 0.24
 8 23:05:28 23  384   410  409  119  126   429  460  145  176  0.04 0.11 0.18 0.28
 9 23:05:48 23  448   401  399  117  125   415  431  147  187  0.03 0.07 0.20 0.33
10 23:06:08 23  512   397  392  118  125   432  440  129  179  0.08 0.11 0.09 0.30
11 23:06:29 23  576   392  386  117  126   408  412  147  189  0.04 0.06 0.20 0.33
12 23:06:49 23  640   382  374  116  125   406  407  133  179  0.06 0.08 0.13 0.30
13 23:07:09 23  704   375  365  114  124   410  396  141  170  0.09 0.08 0.19 0.27
14 23:07:29 23  832   327  339   85  115   365  384  130  191  0.10 0.12 0.35 0.40
;            Ch1    Ch2    Ch3    Ch4      blue   green  brown
;  alpha:   0.099  0.148  0.362  0.612    -0.000 -0.000  0.168
; ETRmax:  59226.1  229.1 4347526. 1963510.       0.0    0.0  188.7
;     Ik:  598302.2 1546.2 12013758 3206542.       0.0    0.0 1121.7
;References: BL_US PMDA0174.REF2 GR_US PMDA0174.REF2 BR_US PMDA0174.REF2

;LTM 170m_03312016

31MAR2016  23:10:25  Gain: 23  Zoff: 274 342 391 256
No   Time    G  PAR    F1   F2   F3   F4   Fm1  Fm2  Fm3  Fm4    Y1   Y2   Y3   Y4
 1 23:10:38 23   64   306  313   76   84   348  356  106  163  0.12 0.12 0.28 0.48

31MAR2016  23:10:46  Gain: 23  Zoff: 274 342 391 256
No   Time    G  PAR    F1   F2   F3   F4   Fm1  Fm2  Fm3  Fm4    Y1   Y2   Y3   Y4
 1 23:10:46 23   64   305  310   79   87   330  327  108  140  0.08 0.05 0.27 0.38
 2 23:11:08 23   16   292  303   75   80   339  353  101  146  0.14 0.14 0.26 0.45
 3 23:11:28 23   64   290  299   72   79   334  336  109  143  0.13 0.11 0.34 0.45
 4 23:11:48 23  128   294  298   81   89   308  337  116  145  0.05 0.12 0.30 0.39
 5 23:12:08 23  192   277  280   74   80   297  308  118  148  0.07 0.09 0.37 0.46
 6 23:12:29 23  256   269  270   73   79   299  304   93  112  0.10 0.11 0.22 0.29
 7 23:12:49 23  320   267  266   74   82   293  298   86  118  0.09 0.11 0.14 0.31
 8 23:13:09 23  384   262  258   74   82   290  300   92  136  0.10 0.14 0.20 0.40
 9 23:13:30 23  448   254  249   73   80   274  276   90  132  0.07 0.10 0.19 0.39
10 23:13:50 23  512   248  242   72   80   277  277   90  126  0.10 0.13 0.20 0.37
11 23:14:10 23  576   243  235   72   80   271  265   99  127  0.10 0.11 0.27 0.37
12 23:14:30 23  640   237  227   72   80   262  261  103  133  0.10 0.13 0.30 0.40
13 23:14:51 23  704   231  219   70   79   247  254   94  136  0.06 0.14 0.26 0.42
14 23:15:11 23  832   198  201   51   79   228  238   88  138  0.13 0.16 0.42 0.43
;            Ch1    Ch2    Ch3    Ch4      blue   green  brown
;  alpha:   0.181  0.215  0.438  0.859    -0.000 -0.000  0.286
; ETRmax:   528.8  788.3 1776716. 1107329.       0.0    0.0 143919.3
;     Ik:  2915.2 3658.5 4060871. 1288882.       0.0    0.0 502776.0
;References: BL_US PMDA0174.REF2 GR_US PMDA0174.REF2 BR_US PMDA0174.REF2

;LTM 180m_03312016

31MAR2016  23:18:38  Gain: 23  Zoff: 274 342 391 256
No   Time    G  PAR    F1   F2   F3   F4   Fm1  Fm2  Fm3  Fm4    Y1   Y2   Y3   Y4
 1 23:18:55 23   64   295  303   71   75   326  336  100  140  0.10 0.10 0.29 0.46

31MAR2016  23:19:02  Gain: 23  Zoff: 274 342 391 256
No   Time    G  PAR    F1   F2   F3   F4   Fm1  Fm2  Fm3  Fm4    Y1   Y2   Y3   Y4
 1 23:19:03 23   64   292  299   73   78   323  352  107  147  0.10 0.15 0.32 0.47
 2 23:19:25 23   16   284  293   71   75   302  345   96  143  0.06 0.15 0.26 0.48
 3 23:19:45 23   64   281  291   69   73   307  342   95  141  0.08 0.15 0.27 0.48
 4 23:20:05 23  128   272  282   71   75   304  319   97  131  0.11 0.12 0.27 0.43
 5 23:20:26 23  192   270  275   73   76   283  316  108  140  0.05 0.13 0.32 0.46
 6 23:20:46 23  256   263  266   71   76   285  300  105  145  0.08 0.11 0.32 0.48
 7 23:21:06 23  320   255  254   69   74   276  287  104  124  0.08 0.11 0.34 0.40
 8 23:21:26 23  384   247  247   70   75   282  280   90  129  0.12 0.12 0.22 0.42
 9 23:21:47 23  448   246  248   74   79   268  283  104  129  0.08 0.12 0.29 0.39
10 23:22:07 23  512   244  244   76   81   269  284  106  132  0.09 0.14 0.28 0.39
11 23:22:27 23  576   237  233   73   79   245  255   95  140  ---- 0.09 0.23 0.44
12 23:22:48 23  640   228  221   71   77   248  271  112  129  0.08 0.18 0.37 0.40
13 23:23:08 23  704   224  213   69   77   237  241   96  129  0.05 0.12 0.28 0.40
14 23:23:28 23  832   192  197   50   76   227  242   87  124  0.15 0.19 0.43 0.39
;            Ch1    Ch2    Ch3    Ch4      blue   green  brown
;  alpha:   0.130  0.250  0.880  1.030    -0.000 -0.000  0.334
; ETRmax:   225.1  563.7  861.4 4619.2       0.0    0.0 2640.9
;     Ik:  1728.8 2254.7  979.1 4486.5       0.0    0.0 7913.1
;References: BL_US PMDA0174.REF2 GR_US PMDA0174.REF2 BR_US PMDA0174.REF2

;LTM 190m_03312016

31MAR2016  23:26:18  Gain: 23  Zoff: 274 342 391 256
No   Time    G  PAR    F1   F2   F3   F4   Fm1  Fm2  Fm3  Fm4    Y1   Y2   Y3   Y4
 1 23:26:29 23   64   161  166   39   47   198  214   71  139  0.19 0.22 0.45 0.66

31MAR2016  23:26:35  Gain: 23  Zoff: 274 342 391 256
No   Time    G  PAR    F1   F2   F3   F4   Fm1  Fm2  Fm3  Fm4    Y1   Y2   Y3   Y4
 1 23:26:36 23   64   160  165   41   49   197  223   69  106  0.19 0.26 0.41 0.54
 2 23:26:57 23   16   153  160   39   44   186  191   82  110  0.18 0.16 0.52 0.60
 3 23:27:18 23   64   153  161   39   46   202  215   82  116  0.24 0.25 0.52 0.60
 4 23:27:38 23  128   157  161   42   50   191  209   73  114  0.18 0.23 0.42 0.56
 5 23:27:58 23  192   158  158   46   55   204  201   77  119  0.23 0.21 0.40 0.54
 6 23:28:19 23  256   155  154   45   54   175  206   76  117  0.11 0.25 0.41 0.54
 7 23:28:39 23  320   149  148   44   52   174  183   72  106  0.14 0.19 0.39 0.51
 8 23:28:59 23  384   149  147   45   52   184  187   75  108  0.19 0.21 0.40 0.52
 9 23:29:19 23  448   150  146   49   57   171  187   72  111  0.12 0.22 0.32 0.49
10 23:29:40 23  512   146  142   48   57   174  188   83  122  0.16 0.24 0.42 0.53
11 23:30:00 23  576   145  139   50   60   176  178   70  115  0.18 0.22 0.29 0.48
12 23:30:20 23  640   136  131   48   58   154  174   77  108  0.12 0.25 0.38 0.46
13 23:30:41 23  704   137  130   50   60   163  152   76  116  0.16 0.14 0.34 0.48
14 23:31:01 23  832   121  126   38   68   157  179   83  131  0.23 0.30 0.54 0.48
;            Ch1    Ch2    Ch3    Ch4      blue   green  brown
;  alpha:   0.319  0.538  0.930  1.139    23.865 -0.000  0.573
; ETRmax:  74263.5 4248.9 12882.9  927.1    2253.7    0.0 17296.0
;     Ik:  232733.7 7902.5 13847.3  814.0      94.4    0.0 30159.5
;References: BL_US PMDA0174.REF2 GR_US PMDA0174.REF2 BR_US PMDA0174.REF2


;LTM 200m_03312016

31MAR2016  23:34:20  Gain: 23  Zoff: 274 342 391 256
No   Time    G  PAR    F1   F2   F3   F4   Fm1  Fm2  Fm3  Fm4    Y1   Y2   Y3   Y4
 1 23:34:32 23   64   113  128   49   45   136  182   88   95  0.17 0.30 0.44 0.53

31MAR2016  23:34:38  Gain: 23  Zoff: 274 342 391 256
No   Time    G  PAR    F1   F2   F3   F4   Fm1  Fm2  Fm3  Fm4    Y1   Y2   Y3   Y4
 1 23:34:38 23   64   112  125   50   47   143  178   83  103  0.22 0.30 0.40 0.54
 2 23:35:00 23   16   107  122   48   42   151  161   76   95  0.29 0.24 0.37 0.56
 3 23:35:20 23   64   108  121   46   42   142  164   68  111  0.24 0.26 0.32 0.62
 4 23:35:41 23  128   110  121   49   46   135  162   78  109  0.19 0.25 0.37 0.58
 5 23:36:01 23  192   109  121   57   52   146  161   86   92  0.25 0.25 0.34 0.43
 6 23:36:21 23  256   110  118   58   55   138  149  105  115  0.20 0.21 0.45 0.52
 7 23:36:42 23  320   108  112   53   52   129  140   73  116  0.16 0.20 0.27 0.55
 8 23:37:02 23  384   106  112   62   58   124  153   92  117  0.15 0.27 0.33 0.50
 9 23:37:22 23  448   106  110   61   58   138  155   74  112  0.23 0.29 0.18 0.48
10 23:37:42 23  512   106  108   59   59   126  136   89  131  0.16 0.21 0.34 0.55
11 23:38:03 23  576   108  106   62   61   127  148   80  107  0.15 0.28 0.23 0.43
12 23:38:23 23  640   108  104   68   65   138  139   97  112  0.22 0.25 0.30 0.42
13 23:38:43 23  704   106  102   69   67   131  145   78  111  0.19 0.30 0.12 0.40
14 23:39:04 23  832    81   90   51   67   120  137   81  121  0.33 0.34 0.37 0.45
;            Ch1    Ch2    Ch3    Ch4      blue   green  brown
;  alpha:   0.409  0.527  0.952  1.213     1.723 -0.000  0.441
; ETRmax:  1011122. 298936.1  953.5  924.2    1609.3    0.0 610059.2
;     Ik:  2472185. 566727.6 1001.1  762.0     934.0    0.0 1383644.
;References: BL_US PMDA0174.REF2 GR_US PMDA0174.REF2 BR_US PMDA0174.REF2
