;LTK_0M06242019

Gain: 20  Zoff: 172 190 117 112

24JUN2019  16:11:18  Gain: 20  Zoff: 172 190 117 112
No   Time    G  PAR    F1   F2   F3   F4   Fm1  Fm2  Fm3  Fm4    Y1   Y2   Y3   Y4
 1 16:16:36 20    1   125  175   73   84   227  304  147  187  0.45 0.42 0.50 0.55

24JUN2019  16:16:47  Gain: 20  Zoff: 172 190 117 112
No   Time    G  PAR    F1   F2   F3   F4   Fm1  Fm2  Fm3  Fm4    Y1   Y2   Y3   Y4
 1 16:16:48 20    1   125  176   75   87   224  297  142  176  0.44 0.41 0.47 0.51
 2 16:17:09 20    1   111  161   66   77   222  257  140  175  0.50 0.37 0.53 0.56
 3 16:17:29 20    1   117  173   70   80   212  296  144  171  0.45 0.42 0.51 0.53
 4 16:17:50 20    1   119  176   73   84   218  297  146  180  0.45 0.41 0.50 0.53
 5 16:18:10 20    1   123  180   78   90   208  294  140  172  0.41 0.39 0.44 0.48
 6 16:18:30 20    1   120  179   76   88   195  279  138  171  0.38 0.36 0.45 0.49
 7 16:18:51 20    1   119  179   77   87   187  283  133  166  0.36 0.37 0.42 0.48
 8 16:19:11 20    1   115  179   76   87   176  275  129  152  0.35 0.35 0.41 0.43
 9 16:19:31 20    1   116  180   78   89   176  273  125  152  0.34 0.34 0.38 0.41
10 16:19:51 20    1   118  182   80   91   176  274  129  154  0.33 0.34 0.38 0.41
11 16:20:12 20    1   121  186   84   96   181  272  128  160  0.33 0.32 0.34 0.40
12 16:20:32 20    1   126  190   88  101   176  271  126  157  0.28 0.30 0.30 0.36
13 16:20:52 20    1   126  190   87  100   168  270  125  156  0.25 0.30 0.30 0.36
14 16:21:13 20    1   125  190   88  100   168  264  128  145  0.26 0.28 0.31 0.31
No   Time    G  PAR    F1   F2   F3   F4   Fm1  Fm2  Fm3  Fm4    Y1   Y2   Y3   Y4
15 16:21:33 20    1   128  193   91  104   164  262  126  150  0.22 0.26 0.28 0.31
16 16:21:53 20    1   129  195   95  107   166  258  125  141  0.22 0.24 0.24 0.24
17 16:22:13 20    1   129  195   96  108   163  256  130  148  0.21 0.24 0.26 0.27
18 16:22:34 20    1   127  196   99  110     0  138    0   68  ---- ---- ---- ----
;            Ch1    Ch2    Ch3    Ch4      blue   green  brown
;  alpha:   0.134  0.133  0.157  0.162     0.160 -0.000  0.141
; ETRmax:    20.2   20.1   20.8   21.0      20.4    0.0   20.5
;     Ik:   150.7  150.5  132.4  129.5     127.6    0.0  145.7
;References: BL_US PMDA0174.REF2 GR_US PMDA0174.REF2 BR_US PMDA0174.REF2

;LTK_10M06242019

24JUN2019  16:26:05  Gain: 20  Zoff: 172 190 117 112
No   Time    G  PAR    F1   F2   F3   F4   Fm1  Fm2  Fm3  Fm4    Y1   Y2   Y3   Y4
 1 16:26:06 20    1   148  200   88  101   237  315  161  190  0.38 0.37 0.45 0.47
 2 16:26:28 20    1   137  177   82   92   259  267  159  195  0.47 0.34 0.48 0.53
 3 16:26:48 20    1   142  197   87  100   240  322  159  189  0.41 0.39 0.45 0.47
 4 16:27:08 20    1   134  193   81   93   232  319  155  189  0.42 0.39 0.48 0.51
 5 16:27:28 20    1   147  201   92  106   238  323  167  198  0.38 0.38 0.45 0.46
 6 16:27:49 20    1   141  199   89  102   216  310  148  174  0.35 0.36 0.40 0.41
 7 16:28:09 20    1   137  197   87  100   207  300  143  172  0.34 0.34 0.39 0.42
 8 16:28:29 20    1   134  196   87  100   199  300  136  165  0.33 0.35 0.36 0.39
 9 16:28:50 20    1   135  198   88  101   203  295  138  166  0.33 0.33 0.36 0.39
10 16:29:10 20    1   138  200   91  104   196  298  145  166  0.30 0.33 0.37 0.37
11 16:29:30 20    1   142  203   96  109   202  294  149  170  0.30 0.31 0.36 0.36
12 16:29:50 20    1   144  205   97  111   190  297  143  166  0.24 0.31 0.32 0.33
13 16:30:11 20    1   142  205   97  111   195  292  144  165  0.27 0.30 0.33 0.33
14 16:30:31 20    1   142  206   99  113   188  286  138  165  0.24 0.28 0.28 0.32
No   Time    G  PAR    F1   F2   F3   F4   Fm1  Fm2  Fm3  Fm4    Y1   Y2   Y3   Y4
15 16:30:51 20    1   139  205  100  114   179  277  140  161  0.22 0.26 0.29 0.29
16 16:31:11 20    1   139  205  102  115   171  271  136  155  0.19 0.24 0.25 0.26
17 16:31:32 20    1   141  206  104  118   176  270  135  161  0.20 0.24 0.23 0.27
18 16:31:52 20    1   124  199   97  117   -30  111  -24   41  ---- ---- ---- ----
;            Ch1    Ch2    Ch3    Ch4      blue   green  brown
;  alpha:   0.124  0.128  0.149  0.152     0.147 -0.000  0.137
; ETRmax:    20.2   20.5   20.5   21.1      20.5    0.0   20.0
;     Ik:   162.5  160.5  138.2  138.7     139.0    0.0  146.7
;References: BL_US PMDA0174.REF2 GR_US PMDA0174.REF2 BR_US PMDA0174.REF2

;LTK_20M06242019

24JUN2019  16:34:28  Gain: 20  Zoff: 172 190 117 112
No   Time    G  PAR    F1   F2   F3   F4   Fm1  Fm2  Fm3  Fm4    Y1   Y2   Y3   Y4
 1 16:34:29 20    1   141  213   75   86   269  416  167  199  0.48 0.49 0.55 0.57
 2 16:34:50 20    1   126  190   67   77   282  347  159  198  0.55 0.45 0.58 0.61
 3 16:35:11 20    1   134  208   74   84   270  414  166  196  0.50 0.50 0.55 0.57
 4 16:35:31 20    1   139  213   76   87   269  410  165  198  0.48 0.48 0.54 0.56
 5 16:35:51 20    1   140  215   77   88   259  410  157  190  0.46 0.48 0.51 0.54
 6 16:36:11 20    1   144  219   80   93   252  393  158  198  0.43 0.44 0.49 0.53
 7 16:36:32 20    1   149  223   84   97   243  394  158  191  0.39 0.43 0.47 0.49
 8 16:36:52 20    1   150  225   86  100   243  389  159  193  0.38 0.42 0.46 0.48
 9 16:37:12 20    1   149  226   88  102   238  388  158  191  0.37 0.42 0.44 0.47
10 16:37:33 20    1   150  228   89  102   233  374  150  188  0.36 0.39 0.41 0.46
11 16:37:53 20    1   149  229   89  102   227  375  148  175  0.34 0.39 0.40 0.42
12 16:38:13 20    1   154  234   93  106   231  375  149  185  0.33 0.38 0.38 0.43
13 16:38:33 20    1   158  238   95  109   228  368  150  178  0.31 0.35 0.37 0.39
14 16:38:54 20    1   159  239   99  113   222  361  148  177  0.28 0.34 0.33 0.36
No   Time    G  PAR    F1   F2   F3   F4   Fm1  Fm2  Fm3  Fm4    Y1   Y2   Y3   Y4
15 16:39:14 20    1   159  241  103  118   218  353  153  179  0.27 0.32 0.33 0.34
16 16:39:34 20    1   162  246  107  121   211  351  150  177  0.23 0.30 0.29 0.32
17 16:39:55 20    1   164  250  109  125   211  345  149  179  0.22 0.28 0.27 0.30
18 16:40:15 20    1   165  253  114  129    61  237   32  113  ---- ---- ---- ----
;            Ch1    Ch2    Ch3    Ch4      blue   green  brown
;  alpha:   0.150  0.162  0.174  0.187     0.167 -0.000  0.164
; ETRmax:    20.5   21.1   21.6   21.8      21.0    0.0   21.1
;     Ik:   136.6  129.7  123.7  116.6     125.8    0.0  128.4
;References: BL_US PMDA0174.REF2 GR_US PMDA0174.REF2 BR_US PMDA0174.REF2

;LTK_30M06242019

24JUN2019  16:41:51  Gain: 20  Zoff: 172 190 117 112
No   Time    G  PAR    F1   F2   F3   F4   Fm1  Fm2  Fm3  Fm4    Y1   Y2   Y3   Y4
 1 16:41:52 20    1   132  204   75   88   296  436  189  226  0.55 0.53 0.60 0.61
 2 16:42:13 20    1   118  186   66   78   282  360  169  209  0.58 0.48 0.61 0.63
 3 16:42:34 20    1   135  206   78   90   300  437  185  233  0.55 0.53 0.58 0.61
 4 16:42:54 20    1   135  207   78   90   275  424  169  209  0.51 0.51 0.54 0.57
 5 16:43:14 20    1   129  206   75   87   251  410  154  200  0.49 0.50 0.51 0.56
 6 16:43:35 20    1   133  210   78   91   250  408  166  200  0.47 0.49 0.53 0.55
 7 16:43:55 20    1   139  215   84   98   259  407  168  199  0.46 0.47 0.50 0.51
 8 16:44:15 20    1   146  221   88  103   254  402  162  205  0.43 0.45 0.46 0.50
 9 16:44:35 20    1   146  223   88  102   243  395  153  196  0.40 0.44 0.42 0.48
10 16:44:56 20    1   147  225   89  105   240  384  152  193  0.39 0.41 0.41 0.46
11 16:45:16 20    1   146  226   90  105   227  381  152  190  0.36 0.41 0.41 0.45
12 16:45:36 20    1   147  229   93  108   227  373  150  184  0.35 0.39 0.38 0.41
13 16:45:56 20    1   145  229   92  106   220  374  149  177  0.34 0.39 0.38 0.40
14 16:46:17 20    1   146  235   94  108   212  366  142  174  0.31 0.36 0.34 0.38
No   Time    G  PAR    F1   F2   F3   F4   Fm1  Fm2  Fm3  Fm4    Y1   Y2   Y3   Y4
15 16:46:37 20    1   147  239   97  112   208  359  147  171  0.29 0.33 0.34 0.35
16 16:46:57 20    1   146  242   99  114   195  351  146  169  0.25 0.31 0.32 0.33
17 16:47:18 20    1   146  244  101  115   196  339  140  165  0.26 0.28 0.28 0.30
18 16:47:38 20    1   147  248  104  118    40  237   22   98  ---- ---- ---- ----
;            Ch1    Ch2    Ch3    Ch4      blue   green  brown
;  alpha:   0.164  0.179  0.181  0.192     0.162 -0.000  0.184
; ETRmax:    21.1   21.4   21.4   21.9      21.0    0.0   21.8
;     Ik:   128.6  119.1  118.0  114.1     129.8    0.0  118.1
;References: BL_US PMDA0174.REF2 GR_US PMDA0174.REF2 BR_US PMDA0174.REF2

;LTK_50M06242019

24JUN2019  16:49:39  Gain: 20  Zoff: 172 190 117 112
No   Time    G  PAR    F1   F2   F3   F4   Fm1  Fm2  Fm3  Fm4    Y1   Y2   Y3   Y4
 1 16:49:40 20    1   122  203   71   84   221  365  151  182  0.45 0.44 0.53 0.54
 2 16:50:01 20    1    99  179   59   70   222  335  144  178  0.55 0.47 0.59 0.61
 3 16:50:21 20    1   110  193   66   78   211  359  139  176  0.48 0.46 0.53 0.56
 4 16:50:42 20    1   113  197   69   81   204  358  144  171  0.45 0.45 0.52 0.53
 5 16:51:02 20    1   115  198   72   83   204  353  141  169  0.44 0.44 0.49 0.51
 6 16:51:22 20    1   120  202   75   86   202  348  136  171  0.41 0.42 0.45 0.50
 7 16:51:42 20    1   118  202   75   86   190  339  136  160  0.38 0.40 0.45 0.46
 8 16:52:03 20    1   117  203   76   88   186  340  137  165  0.37 0.40 0.45 0.47
 9 16:52:23 20    1   124  208   82   95   188  337  140  171  0.34 0.38 0.41 0.44
10 16:52:43 20    1   129  213   84   98   189  338  136  166  0.32 0.37 0.38 0.41
11 16:53:04 20    1   128  214   85   98   185  330  139  162  0.31 0.35 0.39 0.40
12 16:53:24 20    1   126  216   85   98   185  334  136  156  0.32 0.35 0.38 0.37
13 16:53:44 20    1   126  216   86  100   175  328  132  159  0.28 0.34 0.35 0.37
14 16:54:04 20    1   129  221   91  104   175  318  134  162  0.26 0.31 0.32 0.36
No   Time    G  PAR    F1   F2   F3   F4   Fm1  Fm2  Fm3  Fm4    Y1   Y2   Y3   Y4
15 16:54:25 20    1   134  227   96  110   174  313  133  158  0.23 0.27 0.28 0.30
16 16:54:45 20    1   135  230   97  111   175  315  135  159  0.23 0.27 0.28 0.30
17 16:55:05 20    1   134  231   99  112   174  305  136  151  0.23 0.24 0.27 0.26
18 16:55:26 20    1   138  234  103  116    40  215   26   97  ---- ---- ---- ----
;            Ch1    Ch2    Ch3    Ch4      blue   green  brown
;  alpha:   0.142  0.154  0.167  0.173     0.162 -0.000  0.157
; ETRmax:    21.1   20.9   21.0   21.1      21.0    0.0   20.8
;     Ik:   147.8  136.2  125.9  122.1     130.0    0.0  132.2
;References: BL_US PMDA0174.REF2 GR_US PMDA0174.REF2 BR_US PMDA0174.REF2

;LTK_60M06242019
24JUN2019  16:57:46  Gain: 20  Zoff: 172 190 117 112
No   Time    G  PAR    F1   F2   F3   F4   Fm1  Fm2  Fm3  Fm4    Y1   Y2   Y3   Y4
 1 16:57:46 20    1   111  200   65   77   227  377  148  182  0.51 0.47 0.56 0.58
 2 16:58:08 20    1    95  176   58   66   249  350  151  192  0.62 0.50 0.62 0.66
 3 16:58:28 20    1   107  193   63   74   220  369  144  179  0.51 0.48 0.56 0.59
 4 16:58:48 20    1   107  194   64   75   214  366  144  179  0.50 0.47 0.56 0.58
 5 16:59:09 20    1   113  198   68   80   212  366  143  178  0.47 0.46 0.52 0.55
 6 16:59:29 20    1   116  202   70   82   211  359  136  172  0.45 0.44 0.49 0.52
 7 16:59:49 20    1   119  206   72   84   209  356  136  170  0.43 0.42 0.47 0.51
 8 17:00:10 20    1   121  208   75   88   203  352  142  168  0.40 0.41 0.47 0.48
 9 17:00:30 20    1   124  211   79   92   204  353  139  171  0.39 0.40 0.43 0.46
10 17:00:50 20    1   129  216   82   96   203  357  142  171  0.36 0.39 0.42 0.44
11 17:01:10 20    1   133  221   85   99   197  351  135  163  0.32 0.37 0.37 0.39
12 17:01:31 20    1   130  222   84   98   192  339  135  162  0.32 0.35 0.38 0.40
13 17:01:51 20    1   128  221   84   98   187  332  135  166  0.32 0.33 0.38 0.41
14 17:02:11 20    1   133  226   91  105   189  337  134  166  0.30 0.33 0.32 0.37
No   Time    G  PAR    F1   F2   F3   F4   Fm1  Fm2  Fm3  Fm4    Y1   Y2   Y3   Y4
15 17:02:32 20    1   136  230   94  109   183  330  134  161  0.26 0.30 0.30 0.32
16 17:02:52 20    1   135  232   95  109   175  325  132  153  0.23 0.29 0.28 0.29
17 17:03:12 20    1   132  233   95  109   170  315  129  150  0.22 0.26 0.26 0.27
18 17:03:32 20    1   131  233   96  110    51  231   37  106  ---- ---- ---- ----
;            Ch1    Ch2    Ch3    Ch4      blue   green  brown
;  alpha:   0.154  0.160  0.174  0.187     0.163 -0.000  0.166
; ETRmax:    20.7   20.5   21.7   21.8      21.0    0.0   21.1
;     Ik:   134.6  128.3  125.1  116.6     129.4    0.0  126.7
;References: BL_US PMDA0174.REF2 GR_US PMDA0174.REF2 BR_US PMDA0174.REF2

;LTK_70M06242019

24JUN2019  17:06:07  Gain: 20  Zoff: 172 190 117 112
No   Time    G  PAR    F1   F2   F3   F4   Fm1  Fm2  Fm3  Fm4    Y1   Y2   Y3   Y4
 1 17:06:07 20    1    87  165   56   65   157  283  119  141  0.45 0.42 0.53 0.54
 2 17:06:29 20    1    76  150   50   58   170  269  120  150  0.55 0.44 0.58 0.61
 3 17:06:49 20    1    86  166   57   66   156  292  117  142  0.45 0.43 0.51 0.54
 4 17:07:10 20    1    88  169   58   67   153  283  114  140  0.42 0.40 0.49 0.52
 5 17:07:30 20    1    89  172   59   69   153  284  110  134  0.42 0.39 0.46 0.49
 6 17:07:50 20    1    93  178   63   73   147  287  119  136  0.37 0.38 0.47 0.46
 7 17:08:10 20    1    90  178   64   73   139  281  109  141  0.35 0.37 0.41 0.48
 8 17:08:31 20    1    97  182   69   79   149  277  118  141  0.35 0.34 0.42 0.44
 9 17:08:51 20    1    97  183   70   80   139  274  114  132  0.30 0.33 0.39 0.39
10 17:09:11 20    1    98  186   72   82   143  281  112  143  0.31 0.34 0.36 0.43
11 17:09:31 20    1   102  191   76   86   146  269  118  139  0.30 0.29 0.36 0.38
12 17:09:52 20    1   105  194   78   89   147  273  121  142  0.29 0.29 0.36 0.37
13 17:10:12 20    1   106  195   79   90   142  270  120  134  0.25 0.28 0.34 0.33
14 17:10:32 20    1   104  196   80   91   135  265  115  137  0.23 0.26 0.30 0.34
No   Time    G  PAR    F1   F2   F3   F4   Fm1  Fm2  Fm3  Fm4    Y1   Y2   Y3   Y4
15 17:10:53 20    1   103  197   82   92   135  260  111  134  0.24 0.24 0.26 0.31
16 17:11:13 20    1   104  198   84   95   131  252  119  128  0.21 0.21 0.29 0.26
17 17:11:33 20    1   107  199   87   98   136  253  115  134  0.21 0.21 0.24 0.27
18 17:11:53 20    1   107  200   90  100    35  189   42  101  ---- ---- ---- ----
;            Ch1    Ch2    Ch3    Ch4      blue   green  brown
;  alpha:   0.135  0.133  0.155  0.169     0.167 -0.000  0.140
; ETRmax:    20.2   20.1   20.5   21.1      21.0    0.0   20.8
;     Ik:   149.9  150.5  132.6  125.1     125.8    0.0  149.1
;References: BL_US PMDA0174.REF2 GR_US PMDA0174.REF2 BR_US PMDA0174.REF2

;LTK_80M06242019

24JUN2019  17:14:14  Gain: 20  Zoff: 172 190 117 112
No   Time    G  PAR    F1   F2   F3   F4   Fm1  Fm2  Fm3  Fm4    Y1   Y2   Y3   Y4
 1 17:14:14 20    1    95  161   55   65   176  277  120  142  0.46 0.42 0.54 0.54
 2 17:14:36 20    1    79  145   46   54   174  247  116  143  0.55 0.41 0.60 0.62
 3 17:14:56 20    1    85  156   50   59   155  271  111  135  0.45 0.42 0.55 0.56
 4 17:15:16 20    1    84  158   51   59   152  273  108  135  0.45 0.42 0.53 0.56
 5 17:15:37 20    1    90  163   56   65   156  269  110  134  0.42 0.39 0.49 0.51
 6 17:15:57 20    1    90  164   57   66   149  264  104  124  0.40 0.38 0.45 0.47
 7 17:16:17 20    1    90  165   58   68   145  257  104  133  0.38 0.36 0.44 0.49
 8 17:16:38 20    1    93  168   60   69   153  256  112  126  0.39 0.34 0.46 0.45
 9 17:16:58 20    1    98  172   64   74   153  262  112  135  0.36 0.34 0.43 0.45
10 17:17:18 20    1   105  178   68   79   156  266  112  136  0.33 0.33 0.39 0.42
11 17:17:38 20    1   112  183   75   86   171  272  120  145  0.35 0.33 0.38 0.41
12 17:17:59 20    1   115  185   78   90   165  271  119  147  0.30 0.32 0.34 0.39
13 17:18:19 20    1   110  185   77   88   154  257  118  139  0.29 0.28 0.35 0.37
14 17:18:39 20    1   109  184   77   89   147  256  114  134  0.26 0.28 0.32 0.34
No   Time    G  PAR    F1   F2   F3   F4   Fm1  Fm2  Fm3  Fm4    Y1   Y2   Y3   Y4
15 17:18:59 20    1   108  184   79   90   145  249  112  134  0.26 0.26 0.29 0.33
16 17:19:20 20    1   110  186   82   93   144  249  114  134  0.24 0.25 0.28 0.31
17 17:19:40 20    1   114  189   86   98   148  249  119  140  0.23 0.24 0.28 0.30
18 17:20:00 20    1   114  189   88  100    59  192   48  109  ---- ---- ---- 0.08
;            Ch1    Ch2    Ch3    Ch4      blue   green  brown
;  alpha:   0.142  0.137  0.166  0.167     0.182 -0.000  0.148
; ETRmax:    20.9   20.3   21.0   21.0      21.5    0.0   20.6
;     Ik:   147.7  148.0  126.4  125.9     117.9    0.0  139.3
;References: BL_US PMDA0174.REF2 GR_US PMDA0174.REF2 BR_US PMDA0174.REF2

;LTK_90M06242019


24JUN2019  17:22:51  Gain: 20  Zoff: 172 190 117 112
No   Time    G  PAR    F1   F2   F3   F4   Fm1  Fm2  Fm3  Fm4    Y1   Y2   Y3   Y4
 1 17:22:51 20    1    62   44   32   40   109   82   64   90  0.43 0.46 0.50 0.56
 2 17:23:13 20    1    44   33   21   27   130   90   80  101  0.66 0.63 0.74 0.73
 3 17:23:33 20    1    68   46   35   43   109   85   75   88  0.38 0.46 0.53 0.51
 4 17:23:53 20    1    66   45   35   43   102   85   71   90  0.35 0.47 0.51 0.52
 5 17:24:14 20    1    72   48   40   48   114   83   70   89  0.37 0.42 0.43 0.46
 6 17:24:34 20    1    72   45   40   49    99   74   67   79  0.27 0.39 0.40 0.38
 7 17:24:54 20    1    68   42   40   48    99   73   64   86  0.31 0.42 0.38 0.44
 8 17:25:15 20    1    72   43   42   51   102   73   71   86  0.29 0.41 0.41 0.41
 9 17:25:35 20    1    71   41   42   50    99   67   62   84  0.28 0.39 0.32 0.40
10 17:25:55 20    1    69   39   42   50   102   72   67   83  0.32 0.46 0.37 0.40
11 17:26:15 20    1    71   40   43   52    99   65   67   81  0.28 0.38 0.36 0.36
12 17:26:36 20    1    72   41   45   53    98   63   64   91  0.27 0.35 0.30 0.42
13 17:26:56 20    1    74   41   46   55   104   70   64   85  0.29 0.41 0.28 0.35
14 17:27:16 20    1    76   40   48   58   103   64   73   86  0.26 0.38 0.34 0.33
No   Time    G  PAR    F1   F2   F3   F4   Fm1  Fm2  Fm3  Fm4    Y1   Y2   Y3   Y4
15 17:27:37 20    1    77   38   51   60    98   61   75   91  0.21 0.38 0.32 0.34
16 17:27:57 20    1    77   36   53   61    99   57   72   86  0.22 0.37 0.26 0.29
17 17:28:17 20    1    76   34   54   63    92   54   74   89  0.17 0.37 0.27 0.29
18 17:28:37 20    1    77   32   56   66    57   36   41   88  ---- ---- ---- 0.25
;            Ch1    Ch2    Ch3    Ch4      blue   green  brown
;  alpha:   0.117  0.172  0.160  0.157     0.230  0.111 -0.000
; ETRmax:    21.5   21.1   20.5   20.8      23.4   21.5    0.0
;     Ik:   183.5  122.5  128.1  132.4     102.0  193.6    0.0
;References: BL_US PMDA0174.REF2 GR_US PMDA0174.REF2 BR_US PMDA0174.REF2

;LTK_100M06242019

24JUN2019  17:30:54  Gain: 20  Zoff: 172 190 117 112
No   Time    G  PAR    F1   F2   F3   F4   Fm1  Fm2  Fm3  Fm4    Y1   Y2   Y3   Y4
 1 17:30:54 20    1    29   18   14   18    67   51   40   55  0.57 ---- ---- ----
 2 17:31:16 20    1    17   12    8   11    67   51   51   59  ---- ---- ---- ----
 3 17:31:36 20    1    28   17   14   18    62   48   48   55  0.55 ---- ---- ----
 4 17:31:56 20    1    26   16   14   17    58   41   40   54  0.55 ---- ---- ----
 5 17:32:17 20    1    29   17   17   21    57   42   43   59  0.49 ---- ---- 0.64
 6 17:32:37 20    1    33   18   20   24    62   47   43   60  0.47 ---- ---- 0.60
 7 17:32:57 20    1    32   17   20   25    63   47   43   54  0.49 ---- ---- 0.54
 8 17:33:17 20    1    30   14   20   23    52   42   44   55  0.42 ---- ---- 0.58
 9 17:33:38 20    1    32   15   21   25    58   40   44   58  0.45 ---- 0.52 0.57
10 17:33:58 20    1    34   15   23   27    55   43   48   54  0.38 ---- 0.52 0.50
11 17:34:18 20    1    33   14   23   28    58   32   49   58  0.43 ---- 0.53 0.52
12 17:34:38 20    1    33   12   24   28    57   31   45   62  0.42 ---- 0.47 0.55
13 17:34:59 20    1    32   11   25   29    55   34   52   55  0.42 ---- 0.52 0.47
14 17:35:19 20    1    35   11   27   32    56   33   48   63  0.38 ---- 0.44 0.49
No   Time    G  PAR    F1   F2   F3   F4   Fm1  Fm2  Fm3  Fm4    Y1   Y2   Y3   Y4
15 17:35:39 20    1    37   10   30   35    62   30   50   61  0.40 ---- 0.40 0.43
16 17:36:00 20    1    38   10   32   37    62   32   56   68  0.39 ---- 0.43 0.46
17 17:36:20 20    1    40    8   35   40    59   24   50   64  0.32 ---- 0.30 0.38
18 17:36:40 20    1    42    7   37   43    29   13   39   70  ---- ---- ---- 0.39
;            Ch1    Ch2    Ch3    Ch4      blue   green  brown
;  alpha:   0.187 -0.000  0.177  0.225     0.267  0.181 -0.000
; ETRmax:    21.7    0.0   21.5   22.7      24.1   21.4    0.0
;     Ik:   116.1    0.0  121.6  101.0      90.2  118.2    0.0
;References: BL_US PMDA0174.REF2 GR_US PMDA0174.REF2 BR_US PMDA0174.REF2

;LTK_110M06242019

24JUN2019  17:39:16  Gain: 20  Zoff: 172 190 117 112
No   Time    G  PAR    F1   F2   F3   F4   Fm1  Fm2  Fm3  Fm4    Y1   Y2   Y3   Y4
 1 17:39:16 20    1     8    6    3    5    39   34   26   41  ---- ---- ---- ----
 2 17:39:38 20    1     6    4    2    3    41   32   30   44  ---- ---- ---- ----
 3 17:39:58 20    1     8    6    3    5    35   39   30   46  ---- ---- ---- ----
 4 17:40:19 20    1     9    6    4    7    35   35   32   45  ---- ---- ---- ----
 5 17:40:39 20    1    11    6    6    8    43   33   32   43  ---- ---- ---- ----
 6 17:40:59 20    1    12    6    7   10    40   36   34   44  ---- ---- ---- ----
 7 17:41:19 20    1    12    6    9   11    39   33   30   46  ---- ---- ---- ----
 8 17:41:40 20    1    12    4    9   12    38   29   33   42  ---- ---- ---- ----
 9 17:42:00 20    1    12    4   10   12    33   33   31   43  ---- ---- ---- ----
10 17:42:20 20    1    13    3   11   14    36   29   32   41  ---- ---- ---- ----
11 17:42:41 20    1    14    3   13   15    38   28   40   46  ---- ---- ---- ----
12 17:43:01 20    1    15    2   14   16    35   25   32   43  ---- ---- ---- ----
13 17:43:21 20    1    16    2   16   18    43   24   38   47  ---- ---- ---- ----
14 17:43:41 20    1    19    1   18   21    43   25   39   49  ---- ---- ---- 0.57
No   Time    G  PAR    F1   F2   F3   F4   Fm1  Fm2  Fm3  Fm4    Y1   Y2   Y3   Y4
15 17:44:02 20    1    19    1   20   24    41   20   42   54  ---- ---- ---- 0.56
16 17:44:22 20    1    20    0   23   26    43   21   47   54  ---- ---- 0.51 0.52
17 17:44:42 20    1    22   -1   25   29    43   24   46   54  0.49 ---- 0.46 0.46
18 17:45:02 20    1    24   -2   28   32    25   14   38   61  ---- ---- 0.26 0.48
;            Ch1    Ch2    Ch3    Ch4      blue   green  brown
;  alpha:   0.205 -0.000  0.172  0.223     0.270  0.281 -0.000
; ETRmax:    22.6    0.0   21.1   22.9      24.2   25.2    0.0
;     Ik:   110.1    0.0  122.3  103.0      89.8   89.7    0.0
;References: BL_US PMDA0174.REF2 GR_US PMDA0174.REF2 BR_US PMDA0174.REF2

;LTK_120M06242019

24JUN2019  17:47:51  Gain: 20  Zoff: 172 190 117 112
No   Time    G  PAR    F1   F2   F3   F4   Fm1  Fm2  Fm3  Fm4    Y1   Y2   Y3   Y4
 1 17:47:52 20    1   225  227   56   60   247  251   80   96  0.09 0.10 0.30 0.38
 2 17:48:13 20    1   220  222   54   58   247  253   84   94  0.11 0.12 0.36 0.38
 3 17:48:34 20    1   219  220   54   58   249  247   80   96  0.12 0.11 0.33 0.40
 4 17:48:54 20    1   216  216   55   58   240  243   80   94  0.10 0.11 0.31 0.38
 5 17:49:14 20    1   212  211   55   58   235  241   77   94  0.10 0.12 0.29 0.38
 6 17:49:34 20    1   208  206   54   57   233  229   80   91  0.11 0.10 0.33 0.37
 7 17:49:55 20    1   204  202   55   58   225  231   74   88  0.09 0.13 0.26 0.34
 8 17:50:15 20    1   201  197   55   59   223  227   75   94  0.10 0.13 0.27 0.37
 9 17:50:35 20    1   199  194   56   59   219  220   81   94  0.09 0.12 0.31 0.37
10 17:50:56 20    1   197  190   56   60   219  214   80   95  0.10 0.11 0.30 0.37
11 17:51:16 20    1   194  186   56   60   210  207   79   89  0.08 0.10 0.29 0.33
12 17:51:36 20    1   189  180   55   59   203  203   79   90  0.07 0.11 0.30 0.34
13 17:51:56 20    1   186  176   56   59   208  197   72   85  0.11 0.11 0.22 0.31
14 17:52:17 20    1   184  172   57   61   203  193   80   87  0.09 0.11 0.29 0.30
No   Time    G  PAR    F1   F2   F3   F4   Fm1  Fm2  Fm3  Fm4    Y1   Y2   Y3   Y4
15 17:52:37 20    1   182  167   59   63   207  193   80   89  0.12 0.13 0.26 0.29
16 17:52:57 20    1   180  163   60   65   197  181   80   94  0.09 0.10 0.25 0.31
17 17:53:18 20    1   178  158   61   66   195  177   82   85  0.09 0.11 0.26 0.22
18 17:53:38 20    1   176  153   62   67   144  151   43   86  ---- ---- ---- 0.22
;            Ch1    Ch2    Ch3    Ch4      blue   green  brown
;  alpha:   0.070  0.043  0.122  0.137    -0.000 -0.000  0.054
; ETRmax:    40.9   58.1   20.7   20.4       0.0    0.0   32.7
;     Ik:   584.3 1336.9  170.4  148.8       0.0    0.0  603.1
;References: BL_US PMDA0174.REF2 GR_US PMDA0174.REF2 BR_US PMDA0174.REF2

;LTK_140M06242019

24JUN2019  17:56:04  Gain: 20  Zoff: 172 190 117 112
No   Time    G  PAR    F1   F2   F3   F4   Fm1  Fm2  Fm3  Fm4    Y1   Y2   Y3   Y4
 1 17:56:05 20    1    46   48    8    9    76   73   37   45  0.39 0.34 ---- ----
 2 17:56:26 20    1    48   49   10   11    88   76   42   54  0.45 0.36 ---- ----
 3 17:56:47 20    1    51   51   11   12    80   78   33   48  0.36 0.35 ---- ----
 4 17:57:07 20    1    50   50   11   13    74   76   38   45  0.32 0.34 ---- ----
 5 17:57:27 20    1    50   50   12   13    76   73   34   45  0.34 0.32 ---- ----
 6 17:57:47 20    1    50   49   12   14    75   71   35   51  0.33 0.31 ---- ----
 7 17:58:08 20    1    51   48   14   16    76   67   40   41  0.33 0.28 ---- ----
 8 17:58:28 20    1    51   47   15   17    70   64   40   50  0.27 0.27 ---- ----
 9 17:58:48 20    1    51   46   16   18    72   69   33   46  0.29 0.33 ---- ----
10 17:59:09 20    1    52   45   17   20    75   73   43   47  0.31 0.38 ---- ----
11 17:59:29 20    1    53   45   18   21    74   73   47   54  0.28 0.38 ---- 0.61
12 17:59:49 20    1    54   44   20   22    73   64   40   55  0.26 0.31 ---- 0.60
13 18:00:09 20    1    55   45   21   24    74   70   48   55  0.26 0.36 0.56 0.56
14 18:00:30 20    1    57   44   24   28    76   65   45   57  0.25 0.32 0.47 0.51
No   Time    G  PAR    F1   F2   F3   F4   Fm1  Fm2  Fm3  Fm4    Y1   Y2   Y3   Y4
15 18:00:50 20    1    60   43   27   31    76   58   51   57  0.21 0.26 0.47 0.46
16 18:01:10 20    1    62   43   30   35    78   62   52   62  0.21 0.31 0.42 0.44
17 18:01:30 20    1    64   42   34   38    83   64   55   69  0.23 0.34 0.38 0.45
18 18:01:51 20    1    66   41   36   42    59   53   46   67  ---- 0.23 0.22 0.37
;            Ch1    Ch2    Ch3    Ch4      blue   green  brown
;  alpha:   0.118  0.132  0.173  0.214     0.312  0.126  0.147
; ETRmax:    21.4   19.7   21.1   22.8      26.6   20.6   20.4
;     Ik:   181.5  149.5  122.2  106.8      85.3  163.6  138.8
;References: BL_US PMDA0174.REF2 GR_US PMDA0174.REF2 BR_US PMDA0174.REF2
