;LTM 0m_08252016
25AUG2016  21:07:29  Gain: 23  Zoff: 297 411 614 130
No   Time    G  PAR    F1   F2   F3   F4   Fm1  Fm2  Fm3  Fm4    Y1   Y2   Y3   Y4
 1 21:11:33 23   64   230  303  224  244   479  565  390  463  0.52 0.46 0.43 0.47

25AUG2016  21:11:39  Gain: 23  Zoff: 297 411 614 130
No   Time    G  PAR    F1   F2   F3   F4   Fm1  Fm2  Fm3  Fm4    Y1   Y2   Y3   Y4
 1 21:11:39 23   64   223  297  223  243   453  539  391  464  0.51 0.45 0.43 0.48
 2 21:12:01 23   16   196  270  206  224   456  539  397  487  0.57 0.50 0.48 0.54
 3 21:12:21 23   64   201  285  211  231   411  554  368  449  0.51 0.49 0.43 0.49
 4 21:12:41 23  128   202  289  216  236   384  533  359  436  0.47 0.46 0.40 0.46
 5 21:13:02 23  192   202  292  219  239   359  513  351  416  0.44 0.43 0.38 0.43
 6 21:13:22 23    1   211  301  223  245   355  527  328  405  0.41 0.43 0.32 0.40
 7 21:13:42 23    1   260  343  240  272   395  578  344  436  0.34 0.41 0.30 0.38
 8 21:14:02 23  384   297  376  252  290   425  572  330  419  0.30 0.34 0.24 0.31
 9 21:14:23 23    1   241  328  230  257   300  485  299  344  0.20 0.32 0.23 0.25
10 21:14:43 23  512   189  297  213  234   262  467  279  347  0.28 0.36 0.24 0.33
11 21:15:03 23    1   184  297  211  233   266  445  276  338  0.31 0.33 0.24 0.31
12 21:15:23 23  640   190  302  214  238   271  457  288  334  0.30 0.34 0.26 0.29
13 21:15:44 23  704   194  307  218  243   266  445  281  341  0.27 0.31 0.22 0.29
14 21:16:04 23    1    79  222  116  172   198  437  243  360  0.60 0.49 0.52 0.52
;            Ch1    Ch2    Ch3    Ch4      blue   green  brown
;  alpha:   0.815  0.985  0.716  0.864     0.613 -0.000  0.959
; ETRmax:  1601.7 2862.5 18255.8 7534.6    737479.7    0.0 14716.7
;     Ik:  1965.5 2906.8 25498.6 8719.1    1202814.    0.0 15349.5
;References: BL_US PMDA0174.REF2 GR_US PMDA0174.REF2 BR_US PMDA0174.REF2

;LTM 20m_08252016

25AUG2016  21:20:56  Gain: 23  Zoff: 297 411 614 130
No   Time    G  PAR    F1   F2   F3   F4   Fm1  Fm2  Fm3  Fm4    Y1   Y2   Y3   Y4
 1 21:21:07 23   64   162  218  183  208   448  455  375  465  0.64 0.52 0.51 0.55

25AUG2016  21:21:12  Gain: 23  Zoff: 297 411 614 130
No   Time    G  PAR    F1   F2   F3   F4   Fm1  Fm2  Fm3  Fm4    Y1   Y2   Y3   Y4
 1 21:21:13 23   64   162  217  184  210   429  457  367  453  0.62 0.53 0.50 0.54
 2 21:21:34 23   16   142  198  170  194   441  425  370  442  0.68 0.53 0.54 0.56
 3 21:21:55 23   64   150  213  177  202   419  450  366  455  0.64 0.53 0.52 0.56
 4 21:22:15 23    1   152  220  181  207   367  429  339  429  0.59 0.49 0.47 0.52
 5 21:22:35 23  192   139  216  175  201   331  420  304  373  0.58 0.49 0.42 0.46
 6 21:22:56 23    1   147  222  182  208   291  396  302  358  0.49 0.44 0.40 0.42
 7 21:23:16 23  320   154  226  188  215   270  397  279  348  0.43 0.43 0.33 0.38
 8 21:23:36 23  384   141  223  180  206   230  356  258  329  0.39 0.37 0.30 0.37
 9 21:23:56 23    1   137  225  179  205   242  365  250  311  0.43 0.38 0.28 0.34
10 21:24:17 23    1   134  225  179  206   222  362  259  341  0.40 0.38 0.31 0.40
11 21:24:37 23  576   144  233  188  216   236  375  259  330  0.39 0.38 0.27 0.35
12 21:24:57 23  640   139  231  184  212   217  339  232  296  0.36 0.32 0.21 0.28
13 21:25:17 23    1   119  222  175  201   192  346  239  295  0.38 0.36 0.27 0.32
14 21:25:38 23    1    52  176  116  172   136  340  223  307  0.62 0.48 0.48 0.44
;            Ch1    Ch2    Ch3    Ch4      blue   green  brown
;  alpha:   1.147  1.024  0.896  1.027     0.763 -0.000  1.148
; ETRmax:  4900.0 3881.5 2198.9 1349.1    1243.4    0.0 5343.4
;     Ik:  4270.8 3789.7 2452.9 1313.1    1630.2    0.0 4653.3
;References: BL_US PMDA0174.REF2 GR_US PMDA0174.REF2 BR_US PMDA0174.REF2


;LTM 40m_08252016

25AUG2016  21:28:38  Gain: 23  Zoff: 297 411 614 130
No   Time    G  PAR    F1   F2   F3   F4   Fm1  Fm2  Fm3  Fm4    Y1   Y2   Y3   Y4
 1 21:28:59 23   64   117  197  152  172   318  409  314  372  0.63 0.52 0.52 0.54

25AUG2016  21:29:07  Gain: 23  Zoff: 297 411 614 130
No   Time    G  PAR    F1   F2   F3   F4   Fm1  Fm2  Fm3  Fm4    Y1   Y2   Y3   Y4
 1 21:29:08 23   64   119  198  155  176   313  402  304  371  0.62 0.51 0.49 0.53
 2 21:29:29 23   16   107  181  146  164   343  363  288  392  0.69 0.50 0.49 0.58
 3 21:29:49 23    1   114  198  152  172   317  396  311  372  0.64 0.50 0.51 0.54
 4 21:30:10 23  128   121  202  158  179   313  407  292  378  0.61 0.50 0.46 0.53
 5 21:30:30 23    1   118  210  160  181   259  391  281  340  0.54 0.46 0.43 0.47
 6 21:30:50 23  256   111  210  159  179   231  384  262  319  0.52 0.45 0.39 0.44
 7 21:31:11 23 1390   111  208  159  180   221  369  242  321  0.50 0.44 0.34 0.44
 8 21:31:31 23    1   105  211  157  177   192  357  220  296  0.45 0.41 0.29 0.40
 9 21:31:51 23  448   100  209  153  175   190  343  222  293  0.47 0.39 0.31 0.40
10 21:32:11 23  512   107  207  159  181   192  335  228  288  0.44 0.38 0.30 0.37
11 21:32:32 23  576   111  211  163  185   171  341  235  286  0.35 0.38 0.31 0.35
12 21:32:52 23    1   104  214  161  183   172  336  209  269  0.40 0.36 0.23 0.32
13 21:33:12 23    1    92  211  156  177   161  328  215  268  0.43 0.36 0.27 0.34
14 21:33:33 23   94    27  170  101  151   120  328  195  270  0.78 0.48 0.48 0.44
;            Ch1    Ch2    Ch3    Ch4      blue   green  brown
;  alpha:   1.203  1.047  0.852  1.108     0.694 -0.000  1.213
; ETRmax:  9682.6 4355.0 3750.3 2276.4    1414045.    0.0  606.9
;     Ik:  8045.5 4160.1 4403.3 2054.1    2036370.    0.0  500.5
;References: BL_US PMDA0174.REF2 GR_US PMDA0174.REF2 BR_US PMDA0174.REF2

;LTM 60m_08252016


25AUG2016  21:36:27  Gain: 23  Zoff: 297 411 614 130
No   Time    G  PAR    F1   F2   F3   F4   Fm1  Fm2  Fm3  Fm4    Y1   Y2   Y3   Y4
 1 21:36:43 23   64   135  193  161  187   390  418  341  412  0.65 0.54 0.53 0.55

25AUG2016  21:36:48  Gain: 23  Zoff: 297 411 614 130
No   Time    G  PAR    F1   F2   F3   F4   Fm1  Fm2  Fm3  Fm4    Y1   Y2   Y3   Y4
 1 21:36:49 23   64   144  197  167  193   384  418  343  407  0.63 0.53 0.51 0.53
 2 21:37:10 23   16   134  182  160  182   414  388  344  432  0.68 0.53 0.53 0.58
 3 21:37:30 23    1   126  190  161  185   374  434  336  403  0.66 0.56 0.52 0.54
 4 21:37:51 23  128   133  200  161  186   339  409  320  382  0.61 0.51 0.50 0.51
 5 21:38:11 23  192   126  199  164  188   275  369  274  343  0.54 0.46 0.40 0.45
 6 21:38:31 23    1   126  201  166  191   268  387  281  335  0.53 0.48 0.41 0.43
 7 21:38:52 23  320   128  205  167  192   243  374  247  335  0.47 0.45 0.32 0.43
 8 21:39:12 23 1390   146  209  -14  276    65   28  657  407  ---- ---- ---- 0.32
 9 21:39:32 23 1389   112  209  159  209    33   -7  623  333  ---- ---- 0.74 0.37
10 21:39:52 23    1    98  191  148  173   189  326  230  282  0.48 0.41 0.36 0.39
11 21:40:13 23  576   116  210  165  191   198  335  247  291  0.41 0.37 0.33 0.34
12 21:40:33 23    1   118  211  167  195   197  348  240  290  0.40 0.39 0.30 0.33
13 21:40:53 23  704   126  220  170  198   169  332  217  281  0.25 0.34 0.22 0.30
14 21:41:14 23    1    48  172  112  165   116  312  197  277  0.59 0.45 0.43 0.40
;            Ch1    Ch2    Ch3    Ch4      blue   green  brown
;  alpha:   1.399  1.062  1.165  1.042     0.751 -0.000  1.225
; ETRmax:  1355.9 2350.7  691.7 1901.2    2277.9    0.0 3646.2
;     Ik:   968.9 2214.3  593.7 1823.8    3033.2    0.0 2975.4
;References: BL_US PMDA0174.REF2 GR_US PMDA0174.REF2 BR_US PMDA0174.REF2

;LTM 80m_08252016



25AUG2016  21:46:14  Gain: 23  Zoff: 297 411 614 130
No   Time    G  PAR    F1   F2   F3   F4   Fm1  Fm2  Fm3  Fm4    Y1   Y2   Y3   Y4
 1 21:46:26 23   64    61  171   72  103   198  294  148  227  0.69 0.42 0.51 0.55

25AUG2016  21:46:33  Gain: 23  Zoff: 297 411 614 130
No   Time    G  PAR    F1   F2   F3   F4   Fm1  Fm2  Fm3  Fm4    Y1   Y2   Y3   Y4
 1 21:46:33 23   64    62  169   74  104   196  299  157  235  0.68 0.43 0.53 0.56
 2 21:46:55 23    1    39  154   63   91   217  336  183  239  0.82 0.54 0.66 0.62
 3 21:47:15 23   64    55  167   69   99   212  331  170  245  0.74 0.50 0.59 0.60
 4 21:47:36 23  128    85  190   88  122   227  315  173  241  0.63 0.40 0.49 0.49
 5 21:47:56 23    1    69  177   81  113   183  300  161  221  0.62 0.41 0.50 0.49
 6 21:48:16 23    1    93  197   94  130   198  330  164  234  0.53 0.40 0.43 0.44
 7 21:48:36 23    1   106  204  102  139   176  297  159  236  0.40 0.31 0.36 0.41
 8 21:48:57 23  384   101  199  103  139   197  287  169  234  0.49 0.31 0.39 0.41
 9 21:49:17 23    1   112  212  109  148   186  303  151  227  0.40 0.30 0.28 0.35
10 21:49:37 23    1   115  215  108  148   171  293  169  236  0.33 0.27 0.36 0.37
11 21:49:58 23    1    86  191   95  130   142  263  140  212  0.39 0.27 0.32 0.39
12 21:50:18 23    1    95  199  101  138   161  278  153  202  0.41 0.28 0.34 0.32
13 21:50:38 23 1390   112  216  112  152   -18  -83  589  353  ---- ---- 0.81 0.57
14 21:50:58 23    1   -14  113   -3   68   120  265  132  230  ---- 0.57 ---- 0.70
;            Ch1    Ch2    Ch3    Ch4      blue   green  brown
;  alpha:   1.362  0.843  0.989  1.006     0.937 -0.000  1.075
; ETRmax:  1265.7 8373.9 36973.9 1285.1    1798.2    0.0 19340.8
;     Ik:   929.4 9933.7 37369.0 1277.7    1919.5    0.0 17983.8
;References: BL_US PMDA0174.REF2 GR_US PMDA0174.REF2 BR_US PMDA0174.REF2

;LTM 100m_08252016



25AUG2016  21:54:19  Gain: 23  Zoff: 297 411 614 130
No   Time    G  PAR    F1   F2   F3   F4   Fm1  Fm2  Fm3  Fm4    Y1   Y2   Y3   Y4
 1 21:54:31 23   64  -113  -96  -37  -26   -66  -38   -2   37  ---- ---- ---- ----

25AUG2016  21:54:37  Gain: 23  Zoff: 297 411 614 130
No   Time    G  PAR    F1   F2   F3   F4   Fm1  Fm2  Fm3  Fm4    Y1   Y2   Y3   Y4
 1 21:54:38 23   64    37 -198 -109   90   -73  -38  -10   35  ---- ---- ---- ----
 2 21:55:00 23    1  -118 -100  -40  -29   -71  -59    1   35  ---- ---- ---- ----
 3 21:55:20 23    1  -113  -95  -36  -25   -70  -47    1   48  ---- ---- ---- ----
 4 21:55:41 23   94  -111  -95  -35  -23   -79  -49  -16   42  ---- ---- ---- ----
 5 21:56:01 23  192  -111  -98  -31  -20   -90  -57    8   52  ---- ---- ---- ----
 6 21:56:21 23  256  -105  -94  -28  -15   -73  -53   -1   41  ---- ---- ---- ----
 7 21:56:42 23    1  -113 -102  -31  -19   -94  -58  -13   35  ---- ---- ---- ----
 8 21:57:02 23    1  -114 -104  -30  -17   -71  -64    0   44  ---- ---- ---- ----
 9 21:57:22 23    1  -108 -102  -26  -13   -77  -59   -3   36  ---- ---- ---- ----
10 21:57:42 23  512  -109 -104  -25  -12   -61  -71    2   45  ---- ---- ---- ----
11 21:58:03 23    1  -107 -103  -23   -9   -76  -71   -5   56  ---- ---- ---- ----
12 21:58:23 23    1  -105 -102  -22   -7   -83  -68    6   40  ---- ---- ---- ----
13 21:58:43 23  704  -109 -108  -22   -6   -89  -79    4   40  ---- ---- ---- ----
14 21:59:03 23    1  -139 -123  -41   -9  -110  -78   -7   49  ---- ---- ---- ----
;            Ch1    Ch2    Ch3    Ch4      blue   green  brown
;  alpha:  -0.000 -0.000 -0.000 -0.000    -0.000 -0.000 -0.000
; ETRmax:     0.0    0.0    0.0    0.0       0.0    0.0    0.0
;     Ik:     0.0    0.0    0.0    0.0       0.0    0.0    0.0
;References: BL_US PMDA0174.REF2 GR_US PMDA0174.REF2 BR_US PMDA0174.REF2


;LTM 110m_08252016
25AUG2016  22:02:59  Gain: 23  Zoff: 297 411 614 130
No   Time    G  PAR    F1   F2   F3   F4   Fm1  Fm2  Fm3  Fm4    Y1   Y2   Y3   Y4
 1 22:03:00 23   64   -93  -49  -15    1    -9   53   47   94  ---- ---- ---- ----

25AUG2016  22:03:05  Gain: 23  Zoff: 297 411 614 130
No   Time    G  PAR    F1   F2   F3   F4   Fm1  Fm2  Fm3  Fm4    Y1   Y2   Y3   Y4
 1 22:03:06 23    1   -92  -49  -14    3  -138 -203  337  168  ---- ---- ---- ----
 2 22:03:27 23   16  -107  -60  -21   -7     3   52   45   91  ---- ---- ---- ----
 3 22:03:48 23   64   -95  -50  -14    2     7   46   50   98  ---- ---- ---- ----
 4 22:04:08 23    1   -95  -49  -13    4   -29   36   25   83  ---- ---- ---- ----
 5 22:04:28 23  192   -98  -52  -12    5   -31   43   46   90  ---- ---- ---- ----
 6 22:04:48 23  256   -89  -47   -5   12   -38   40   45   94  ---- ---- ---- ----
 7 22:05:09 23  320   -90  -49   -4   14   -29   39   42   90  ---- ---- ---- ----
 8 22:05:29 23    1   -90  -47   -3   15   -49   39   37   81  ---- ---- ---- ----
 9 22:05:49 23    1   -87  -44    0   18   -39   19   47   91  ---- ---- ---- ----
10 22:06:10 23  512   -93  -48   -1   18   -49    8   33   85  ---- ---- ---- ----
11 22:06:30 23  576   -92  -50   -1   18   -54   15   38   80  ---- ---- ---- ----
12 22:06:50 23  640   -92  -49    0   19   -50   31   35   83  ---- ---- ---- ----
13 22:07:10 23    1   -91  -48    3   23   -63   18   39   86  ---- ---- ---- 0.73
14 22:07:31 23  832  -119  -60  -16   24   -75   23   23   87  ---- ---- ---- 0.72
;            Ch1    Ch2    Ch3    Ch4      blue   green  brown
;  alpha:  -0.000 -0.000 -0.000  1.629    -0.000 -0.000 -0.000
; ETRmax:     0.0    0.0    0.0 2219.6       0.0    0.0    0.0
;     Ik:     0.0    0.0    0.0 1362.5       0.0    0.0    0.0
;References: BL_US PMDA0174.REF2 GR_US PMDA0174.REF2 BR_US PMDA0174.REF2

;LTM 120m_08252016

25AUG2016  22:10:27  Gain: 23  Zoff: 297 411 614 130
No   Time    G  PAR    F1   F2   F3   F4   Fm1  Fm2  Fm3  Fm4    Y1   Y2   Y3   Y4
 1 22:10:46 23   64    63   89   44   48    94  125   85  113  0.33 0.29 0.48 0.58

25AUG2016  22:10:51  Gain: 23  Zoff: 297 411 614 130
No   Time    G  PAR    F1   F2   F3   F4   Fm1  Fm2  Fm3  Fm4    Y1   Y2   Y3   Y4
 1 22:10:52 23   64    62   87   43   48    88  125   79  111  0.30 0.30 0.46 0.57
 2 22:11:14 23   16    53   82   22   31    90  127   50   75  0.41 0.35 0.56 0.59
 3 22:11:34 23    1    52   79   17   29    79  130   56   97  0.34 0.39 ---- 0.70
 4 22:11:54 23    1    57   85   42   49    95  132   80  129  0.40 0.36 0.47 0.62
 5 22:12:14 23    1    63   88   57   64    97  133   85  117  0.35 0.34 0.33 0.45
 6 22:12:35 23    1    69   93   71   78    89  122  103  145  0.22 0.24 0.31 0.46
 7 22:12:55 23    1    59   80   48   58    80  115   51  106  0.26 0.30 ---- 0.45
 8 22:13:15 23  384    65   85   53   64    85  135  109  139  0.24 0.37 0.51 0.54
 9 22:13:36 23  448    67   92   86   94   103  133  127  158  0.35 0.31 0.32 0.41
10 22:13:56 23  512    62   85   81   88    90  116   80  124  0.31 0.27 ---- 0.29
11 22:14:16 23    1    56   72   32   51    78  107   56   97  0.28 0.33 0.43 0.47
12 22:14:36 23  640    60   77   70   82    86   99  103  146  0.30 0.22 0.32 0.44
13 22:14:57 23  704    59   76   78   90    75  113  107  131  0.21 0.33 0.27 0.31
14 22:15:17 23  832    27   60   56   88    48  107  103  160  0.44 0.44 0.46 0.45
;            Ch1    Ch2    Ch3    Ch4      blue   green  brown
;  alpha:   0.674  0.769  1.319  1.182     0.777 -0.000  0.752
; ETRmax:  1939947. 3913.5  662.3 1117.0     332.6    0.0 29801.9
;     Ik:  2876393. 5089.8  501.9  945.3     428.1    0.0 39655.5
;References: BL_US PMDA0174.REF2 GR_US PMDA0174.REF2 BR_US PMDA0174.REF2

;LTM 130m_08252016

25AUG2016  22:18:45  Gain: 23  Zoff: 297 411 614 130
No   Time    G  PAR    F1   F2   F3   F4   Fm1  Fm2  Fm3  Fm4    Y1   Y2   Y3   Y4
 1 22:18:58 23   64   255  282   55   72   285  320   89  132  0.11 0.12 0.38 0.45

25AUG2016  22:19:08  Gain: 23  Zoff: 297 411 614 130
No   Time    G  PAR    F1   F2   F3   F4   Fm1  Fm2  Fm3  Fm4    Y1   Y2   Y3   Y4
 1 22:19:08 23    1   255  280   58   74   301  335   88  133  0.15 0.16 0.34 0.44
 2 22:19:30 23    1   258  283   59   74   290  317  100  143  0.11 0.11 0.41 0.48
 3 22:19:50 23   64   256  284   58   75   291  321   83  146  0.12 0.12 0.30 0.49
 4 22:20:10 23  128   257  282   61   79   286  340   95  130  0.10 0.17 0.36 0.39
 5 22:20:31 23  192   256  279   64   81   298  312   94  160  0.14 0.11 0.32 0.49
 6 22:20:51 23  256   254  276   66   83   277  317   99  147  0.08 0.13 0.33 0.44
 7 22:21:11 23  320   251  271   66   84   278  319   95  130  0.10 0.15 0.31 0.35
 8 22:21:32 23    1   248  268   67   87   274  321   86  137  0.09 0.17 0.22 0.36
 9 22:21:52 23    1   245  263   68   89   256  309  101  135  0.04 0.15 0.33 0.34
10 22:22:12 23  512   241  259   69   90   268  278   96  139  0.10 0.07 0.28 0.35
11 22:22:32 23  576   241  257   70   92   271  294  103  152  0.11 0.13 0.32 0.39
12 22:22:53 23    1   240  253   71   95   264  287   90  145  0.09 0.12 0.21 0.34
13 22:23:13 23    1   234  247   71   94   244  272   96  125  0.04 0.09 0.26 0.25
14 22:23:33 23    1   193  224   42   88   220  269   82  141  0.12 0.17 0.49 0.38
;            Ch1    Ch2    Ch3    Ch4      blue   green  brown
;  alpha:   0.291  0.285  0.581  1.050    -0.000 -0.000  0.422
; ETRmax:   341.5 103843.1 1505976. 1791.3       0.0    0.0 1019.6
;     Ik:  1172.1 364841.0 2590849. 1705.3       0.0    0.0 2418.0
;References: BL_US PMDA0174.REF2 GR_US PMDA0174.REF2 BR_US PMDA0174.REF2

;LTM 140m_08252016

25AUG2016  22:26:57  Gain: 23  Zoff: 297 411 614 130
No   Time    G  PAR    F1   F2   F3   F4   Fm1  Fm2  Fm3  Fm4    Y1   Y2   Y3   Y4
 1 22:27:09 23   64   272  294   62   79   318  338   91  144  0.14 0.13 0.32 0.45

25AUG2016  22:27:13  Gain: 23  Zoff: 297 411 614 130
No   Time    G  PAR    F1   F2   F3   F4   Fm1  Fm2  Fm3  Fm4    Y1   Y2   Y3   Y4
 1 22:27:13 23   94   273  292   63   81   304  343   83  145  0.10 0.15 0.24 0.44
 2 22:27:35 23    1   264  289   61   77   303  343   95  134  0.13 0.16 0.36 0.43
 3 22:27:55 23   64   265  289   61   79   297  335   73  137  0.11 0.14 0.16 0.42
 4 22:28:16 23    1   266  288   64   82   307  336   90  130  0.13 0.14 0.29 0.37
 5 22:28:36 23    1   265  285   66   85   287  325   99  139  0.08 0.12 0.33 0.39
 6 22:28:56 23  256   266  283   70   88   297  320   84  161  0.10 0.12 0.17 0.45
 7 22:29:17 23  320   263  279   71   90   277  330   88  140  0.05 0.15 0.19 0.36
 8 22:29:37 23  384   257  273   70   91   285  320  100  146  0.10 0.15 0.30 0.38
 9 22:29:57 23  448   258  271   72   94   291  317   99  139  0.11 0.15 0.27 0.32
10 22:30:17 23    1   259  271   74   97   284  312   91  147  0.09 0.13 0.19 0.34
11 22:30:38 23    1   253  264   74   96   269  300   96  165  0.06 0.12 0.23 0.42
12 22:30:58 23    1   248  259   74   97   257  295  106  158  0.04 0.12 0.30 0.39
13 22:31:18 23  704   240  251   73   97   248  266  103  135  ---- 0.06 0.29 0.28
14 22:31:38 23    1   197  225   42   88   235  272   81  146  0.16 0.17 0.48 0.40
;            Ch1    Ch2    Ch3    Ch4      blue   green  brown
;  alpha:   0.201  0.285  0.483  0.948    -0.000 -0.000  0.327
; ETRmax:  1079.8  254.2 1640922. 2734.5       0.0    0.0 215099.2
;     Ik:  5383.3  892.1 3397967. 2884.0       0.0    0.0 658544.3
;References: BL_US PMDA0174.REF2 GR_US PMDA0174.REF2 BR_US PMDA0174.REF2

;LTM 150m_08252016

25AUG2016  22:34:11  Gain: 23  Zoff: 297 411 614 130
No   Time    G  PAR    F1   F2   F3   F4   Fm1  Fm2  Fm3  Fm4    Y1   Y2   Y3   Y4
 1 22:34:37 23   64   149  209   78  100   280  351  186  230  0.47 0.40 0.58 0.57

25AUG2016  22:34:51  Gain: 23  Zoff: 297 411 614 130
No   Time    G  PAR    F1   F2   F3   F4   Fm1  Fm2  Fm3  Fm4    Y1   Y2   Y3   Y4
 1 22:34:52 23   64   152  210   82  104   274  349  165  230  0.45 0.40 0.50 0.55
 2 22:35:13 23   16   145  203   77   98   287  343  184  241  0.49 0.41 0.58 0.59
 3 22:35:34 23   64   141  202   77   99   257  354  172  223  0.45 0.43 0.55 0.56
 4 22:35:54 23    1   144  207   81  103   238  349  165  218  0.39 0.41 0.51 0.53
 5 22:36:14 23  192   152  214   86  110   236  336  157  208  0.36 0.36 0.45 0.47
 6 22:36:34 23  256   154  215   88  113   218  337  152  206  0.29 0.36 0.42 0.45
 7 22:36:55 23    1   148  211   88  113   208  321  122  196  0.29 0.34 0.28 0.42
 8 22:37:15 23    1   144  210   87  113   202  319  148  192  0.29 0.34 0.41 0.41
 9 22:37:35 23  448   148  213   91  118   206  322  145  204  0.28 0.34 0.37 0.42
10 22:37:56 23  512   151  216   95  122   207  319  148  192  0.27 0.32 0.36 0.36
11 22:38:16 23  576   151  217   96  125   198  312  141  201  0.24 0.30 0.32 0.38
12 22:38:36 23  640   152  218   98  126   189  314  137  199  0.20 0.31 0.28 0.37
13 22:38:56 23    1   150  221   98  128   192  315  138  204  0.22 0.30 0.29 0.37
14 22:39:17 23 1390   145   14   17  132   143  307  124  197  ---- ---- ---- 0.33
;            Ch1    Ch2    Ch3    Ch4      blue   green  brown
;  alpha:   0.807  0.852  1.033  1.004     1.170  1.125  0.859
; ETRmax:   282.9 1189.2  436.9  446.5     394.6   45.9  373.5
;     Ik:   350.5 1395.4  423.0  444.7     337.3   40.8  434.7
;References: BL_US PMDA0174.REF2 GR_US PMDA0174.REF2 BR_US PMDA0174.REF2

;LTM 160m_08252016

25AUG2016  22:41:44  Gain: 23  Zoff: 297 411 614 130
No   Time    G  PAR    F1   F2   F3   F4   Fm1  Fm2  Fm3  Fm4    Y1   Y2   Y3   Y4
 1 22:41:56 23   64   292  318   63   77   317  336   88  135  0.08 0.05 0.28 0.43

25AUG2016  22:42:01  Gain: 23  Zoff: 297 411 614 130
No   Time    G  PAR    F1   F2   F3   F4   Fm1  Fm2  Fm3  Fm4    Y1   Y2   Y3   Y4
 1 22:42:01 23   64   289  313   64   78   327  353   96  133  0.12 0.11 0.33 0.41
 2 22:42:23 23   94   286  312   64   77   329  357   94  127  0.13 0.13 0.32 0.39
 3 22:42:43 23   64   281  307   62   75   299  340   86  125  0.06 0.10 0.28 0.40
 4 22:43:03 23  128   269  292   62   74   284  324   77  128  0.05 0.10 0.19 0.42
 5 22:43:24 23  192   263  282   61   75   290  315   95  115  0.09 0.10 0.36 0.35
 6 22:43:44 23    1   251  269   59   74   272  303   73  123  0.08 0.11 0.19 0.40
 7 22:44:04 23    1   241  256   58   72   275  286   91  118  0.12 0.10 0.36 0.39
 8 22:44:24 23    1   235  248   58   73   272  282   72  139  0.14 0.12 0.19 0.47
 9 22:44:45 23  448   226  236   56   72   241  257   88  118  0.06 0.08 0.36 0.39
10 22:45:05 23  512   215  223   56   71   231  251   79  123  0.07 0.11 0.29 0.42
11 22:45:25 23    1   210  214   55   71   232  260   85  114  0.09 0.18 0.35 0.38
12 22:45:46 23  640   203  207   54   71   231  228   86  117  0.12 0.09 0.37 0.39
13 22:46:06 23  704   196  197   52   71   214  234   79  126  0.08 0.16 0.34 0.44
14 22:46:26 23    1   150  169   25   62   177  211   53  123  0.15 0.20 0.53 0.50
;            Ch1    Ch2    Ch3    Ch4      blue   green  brown
;  alpha:   0.211  0.207  0.629  0.833    -0.000 -0.000  0.393
; ETRmax:  124217.6 1375.2  698.7  692.3       0.0    0.0  923.0
;     Ik:  589336.0 6644.2 1111.7  830.9       0.0    0.0 2346.5
;References: BL_US PMDA0174.REF2 GR_US PMDA0174.REF2 BR_US PMDA0174.REF2

;LTM 170m_08252016

25AUG2016  22:48:48  Gain: 23  Zoff: 297 411 614 130
No   Time    G  PAR    F1   F2   F3   F4   Fm1  Fm2  Fm3  Fm4    Y1   Y2   Y3   Y4
 1 22:48:59 23   64    64  110    9   24   129  189   57   99  0.50 0.42 ---- 0.76

25AUG2016  22:49:12  Gain: 23  Zoff: 297 411 614 130
No   Time    G  PAR    F1   F2   F3   F4   Fm1  Fm2  Fm3  Fm4    Y1   Y2   Y3   Y4
 1 22:49:12 23   64    61  105    9   24   117  190   57   95  0.48 0.45 ---- 0.75
 2 22:49:34 23   16    65  106   12   27   155  184   81  130  0.58 0.42 ---- 0.79
 3 22:49:54 23    1    71  111   17   32   129  188   71  113  0.45 0.41 ---- 0.72
 4 22:50:15 23  128    60  104   13   29   112  185   60  105  0.46 0.44 ---- 0.72
 5 22:50:35 23    1    59  101   14   31   115  181   57  118  0.49 0.44 ---- 0.74
 6 22:50:55 23  256    63  101   22   39   108  156   86  114  0.42 0.35 0.74 0.66
 7 22:51:16 23  320    64  101   24   42   111  167   71  108  0.42 0.40 0.66 0.61
 8 22:51:36 23    1    60   99   24   42   103  159   61  112  0.42 0.38 0.61 0.63
 9 22:51:56 23    1    56   97   23   42    94  169   50  105  0.40 0.43 0.54 0.60
10 22:52:16 23  512    49   89   20   38    86  139   58   97  0.43 0.36 ---- 0.61
11 22:52:37 23  576    48   84   20   40    81  146   65  108  0.41 0.42 ---- 0.63
12 22:52:57 23  640    43   76   22   41    72  141   49  100  0.40 0.46 0.55 0.59
13 22:53:17 23    1    38   75   22   43    72  129   46  113  0.47 0.42 0.52 0.62
14 22:53:37 23    1     8   62    0   40    45  122   53  104  ---- 0.49 ---- 0.62
;            Ch1    Ch2    Ch3    Ch4      blue   green  brown
;  alpha:   0.964  0.881  1.683  1.423    -0.000 -0.000  1.045
; ETRmax:  7152996. 1878.7 1727.8 4920367.       0.0    0.0 2195.2
;     Ik:  7416332. 2131.8 1026.3 3456793.       0.0    0.0 2101.1
;References: BL_US PMDA0174.REF2 GR_US PMDA0174.REF2 BR_US PMDA0174.REF2

;LTM 180m_08252016

25AUG2016  22:55:55  Gain: 23  Zoff: 297 411 614 130
No   Time    G  PAR    F1   F2   F3   F4   Fm1  Fm2  Fm3  Fm4    Y1   Y2   Y3   Y4
 1 22:56:16 23   64   -24  -20  -36  -22   -14   13   -6   44  ---- ---- ---- ----

25AUG2016  22:56:21  Gain: 23  Zoff: 297 411 614 130
No   Time    G  PAR    F1   F2   F3   F4   Fm1  Fm2  Fm3  Fm4    Y1   Y2   Y3   Y4
 1 22:56:52 23 1390   115 -120 -111   12  -187 -264  307  194  ---- ---- ---- ----
 2 22:57:13 23    1   -31  -22  -37  -21    -9   12   -9   23  ---- ---- ---- ----
 3 22:57:33 23   64   -36  -25  -37  -22    -2   19   -9   46  ---- ---- ---- ----
 4 22:57:54 23    1   -30  -20  -31  -16    -7   12    8   34  ---- ---- ---- ----
 5 22:58:14 23    1   -33  -30  -31  -17   -21   -6   -1   29  ---- ---- ---- ----
 6 22:58:34 23  256   -47  -42  -34  -20   -15   -4   -4   40  ---- ---- ---- ----
 7 22:58:54 23    1   -35  -34  -26  -11    -1   16    6   45  ---- ---- ---- ----
 8 22:59:15 23   94   -38  -36  -28  -11    -6    6   -7   41  ---- ---- ---- ----
 9 22:59:35 23    1   -43  -43  -28  -11   -11  -20  -13   37  ---- ---- ---- ----
10 22:59:55 23  512   -46  -47  -26  -10   -17  -19    5   34  ---- ---- ---- ----
11 23:00:15 23    1   -47  -50  -25   -9    -6   -9  -16   33  ---- ---- ---- ----
12 23:00:36 23    1   -49  -52  -25   -8   -18  -15   -1   52  ---- ---- ---- ----
13 23:00:56 23  704   -46  -51  -23   -4   -14  -25    8   49  ---- ---- ---- ----
14 23:01:16 23    1   -68  -59  -37    0   -46  -19   -2   53  ---- ---- ---- ----
;            Ch1    Ch2    Ch3    Ch4      blue   green  brown
;  alpha:  -0.000 -0.000 -0.000 -0.000    -0.000 -0.000 -0.000
; ETRmax:     0.0    0.0    0.0    0.0       0.0    0.0    0.0
;     Ik:     0.0    0.0    0.0    0.0       0.0    0.0    0.0
;References: BL_US PMDA0174.REF2 GR_US PMDA0174.REF2 BR_US PMDA0174.REF2

;LTM 190m_08252016

25AUG2016  23:03:59  Gain: 23  Zoff: 297 411 614 130
No   Time    G  PAR    F1   F2   F3   F4   Fm1  Fm2  Fm3  Fm4    Y1   Y2   Y3   Y4
 1 23:04:21 23   64   -31   -6  -31  -17    10   46   13   51  ---- ---- ---- ----

25AUG2016  23:04:28  Gain: 23  Zoff: 297 411 614 130
No   Time    G  PAR    F1   F2   F3   F4   Fm1  Fm2  Fm3  Fm4    Y1   Y2   Y3   Y4
 1 23:04:31 23    1  -126 -103 -106   10     5   53   10   49  ---- ---- ---- ----
 2 23:04:52 23   16   -35   -9  -32  -17    23   54    1   50  ---- ---- ---- ----
 3 23:05:13 23   64   -33   -8  -30  -16     4   45  -14   65  ---- ---- ---- ----
 4 23:05:33 23  128   -33   -9  -27  -13    14   38    4   59  ---- ---- ---- ----
 5 23:05:53 23  192   -30   -9  -24   -8   -11   41   11   56  ---- ---- ---- ----
 6 23:06:13 23  256   -32  -12  -22   -6    -1   45   -3   53  ---- ---- ---- ----
 7 23:06:34 23  320   -34  -17  -21   -5    13   45   15   68  ---- ---- ---- ----
 8 23:06:54 23    1   -33  -17  -19   -2     2   15    6   60  ---- ---- ---- ----
 9 23:07:14 23  448   -31  -16  -15    2    15   40   14   68  ---- ---- ---- ----
10 23:07:35 23    1   -32  -18  -15    4    -1   24   17   44  ---- ---- ---- ----
11 23:07:55 23    1   -37  -23  -15    4    -9   19   16   62  ---- ---- ---- ----
12 23:08:15 23  640   -38  -26  -14    5    -9   20   16   68  ---- ---- ---- ----
13 23:08:35 23    1   -37  -26  -13    7    -9   24   18   54  ---- ---- ---- ----
14 23:08:56 23  832   -66  -40  -32    7   -30   12    8   80  ---- ---- ---- ----
;            Ch1    Ch2    Ch3    Ch4      blue   green  brown
;  alpha:  -0.000 -0.000 -0.000 -0.000    -0.000 -0.000 -0.000
; ETRmax:     0.0    0.0    0.0    0.0       0.0    0.0    0.0
;     Ik:     0.0    0.0    0.0    0.0       0.0    0.0    0.0
;References: BL_US PMDA0174.REF2 GR_US PMDA0174.REF2 BR_US PMDA0174.REF2

;LTM 200m_08252016

25AUG2016  23:11:31  Gain: 23  Zoff: 297 411 614 130
No   Time    G  PAR    F1   F2   F3   F4   Fm1  Fm2  Fm3  Fm4    Y1   Y2   Y3   Y4
 1 23:11:42 23   64   -91  -80  -62  -47   -58  -36  -26   12  ---- ---- ---- ----

25AUG2016  23:11:48  Gain: 23  Zoff: 297 411 614 130
No   Time    G  PAR    F1   F2   F3   F4   Fm1  Fm2  Fm3  Fm4    Y1   Y2   Y3   Y4
 1 23:11:51 23    1   -88   24  -58  122  -212 -285  257  141  ---- ---- ---- 0.13
 2 23:12:13 23   16   -88  -77  -58  -43   -53  -39  -25   17  ---- ---- ---- ----
 3 23:12:33 23    1   -87  -76  -57  -43   -55  -37  -31   18  ---- ---- ---- ----
 4 23:12:54 23    1   -84  -74  -53  -37   -57  -34  -18   16  ---- ---- ---- ----
 5 23:13:14 23    1   -80  -73  -49  -32   -54  -31  -23   31  ---- ---- ---- ----
 6 23:13:34 23  256   -79  -73  -46  -29   -45  -30  -18   24  ---- ---- ---- ----
 7 23:13:54 23    1   -76  -72  -42  -24   -48  -29  -15   25  ---- ---- ---- ----
 8 23:14:15 23  384   -70  -70  -38  -19   -33  -22   -5   44  ---- ---- ---- ----
 9 23:14:35 23    1   -70  -70  -36  -16   -43  -27  -13   25  ---- ---- ---- ----
10 23:14:55 23    1   -71  -70  -35  -14   -42  -47   -4   41  ---- ---- ---- ----
11 23:15:15 23  576   -67  -69  -32   -9   -50  -39    0   37  ---- ---- ---- ----
12 23:15:36 23  640   -64  -66  -29   -6   -29  -18    4   39  ---- ---- ---- ----
13 23:15:56 23  704   -60  -64  -26   -2   -29  -42   -2   37  ---- ---- ---- ----
14 23:16:16 23    1   -82  -72  -38    2   -51  -31    2   53  ---- ---- ---- ----
;            Ch1    Ch2    Ch3    Ch4      blue   green  brown
;  alpha:  -0.000 -0.000 -0.000  0.355    -0.000 -0.000 -0.000
; ETRmax:     0.0    0.0    0.0   28.8       0.0    0.0    0.0
;     Ik:     0.0    0.0    0.0   81.2       0.0    0.0    0.0
;References: BL_US PMDA0174.REF2 GR_US PMDA0174.REF2 BR_US PMDA0174.REF2