Gain: 20  Zoff: 166 204 131 134
;LTM 0m_08252016
26AUG2016  12:27:31  Gain: 20  Zoff: 166 204 131 134
No   Time    G  PAR    F1   F2   F3   F4   Fm1  Fm2  Fm3  Fm4    Y1   Y2   Y3   Y4
 1 12:34:50 20   64    79  117   65   73   176  233  123  155  0.55 0.50 0.47 0.53

26AUG2016  12:34:57  Gain: 20  Zoff: 166 204 131 134
No   Time    G  PAR    F1   F2   F3   F4   Fm1  Fm2  Fm3  Fm4    Y1   Y2   Y3   Y4
 1 12:34:57 20   64   104  137   74   85   212  259  139  166  0.51 0.47 0.47 0.49
 2 12:35:19 20   16   120  140   75   86   258  269  149  187  0.53 0.48 0.50 0.54
 3 12:35:39 20   64   128  153   78   90   205  246  138  169  0.38 0.38 0.43 0.47
 4 12:35:59 20  128    87  126   68   76   171  232  129  148  0.49 0.46 0.47 0.49
 5 12:36:20 20  192   144  174   85  100   247  299  146  180  0.42 0.42 0.42 0.44
 6 12:36:40 20  256   160  183   92  109   176  232  130  149  0.09 0.21 0.29 0.27
 7 12:37:00 20  320    79  125   67   74   154  225  107  136  0.49 0.44 0.37 0.46
 8 12:37:20 20  384   152  182   92  108   228  285  144  176  0.33 0.36 0.36 0.39
 9 12:37:41 20  448   169  195  101  119   186  241  131  154  0.09 0.19 0.23 0.23
10 12:38:01 20  512    74  124   69   76   106  183  104  113  0.30 0.32 0.34 0.33
11 12:38:21 20  576    86  134   71   79   157  228  114  133  0.45 0.41 0.38 0.41
12 12:38:41 20  640   143  179   93  107   198  256  133  161  0.28 0.30 0.30 0.34
13 12:39:02 20  704   173  205  105  125   214  278  144  172  0.19 0.26 0.27 0.27
14 12:39:22 20  832   161  244   85  102   213  254  146  174  0.24 0.04 0.42 0.41
;            Ch1    Ch2    Ch3    Ch4      blue   green  brown
;  alpha:   1.076  0.905  0.944  1.008     0.631 -0.000  1.152
; ETRmax:   799.0  324.4 2057.9 1941.3    2067206.    0.0  444.6
;     Ik:   742.5  358.4 2178.9 1925.6    3277907.    0.0  386.0
;References: BL_US PMDA0174.REF2 GR_US PMDA0174.REF2 BR_US PMDA0174.REF2

;LTM 20m_08252016

26AUG2016  12:41:57  Gain: 20  Zoff: 166 204 131 134
No   Time    G  PAR    F1   F2   F3   F4   Fm1  Fm2  Fm3  Fm4    Y1   Y2   Y3   Y4
 1 12:42:09 20   64    77  132   67   75   143  202  120  135  0.46 0.35 0.44 0.44

26AUG2016  12:42:16  Gain: 20  Zoff: 166 204 131 134
No   Time    G  PAR    F1   F2   F3   F4   Fm1  Fm2  Fm3  Fm4    Y1   Y2   Y3   Y4
 1 12:42:17 20   64    79  133   70   78   140  203  116  142  0.44 0.34 0.40 0.45
 2 12:42:38 20   16    80  127   69   77   154  195  123  146  0.48 0.35 0.44 0.47
 3 12:42:59 20   64    80  135   70   78   146  212  123  144  0.45 0.36 0.43 0.46
 4 12:43:19 20  128    80  138   71   79   130  203  111  137  0.38 0.32 0.36 0.42
 5 12:43:39 20  192    78  139   71   79   123  202  112  129  0.37 0.31 0.37 0.39
 6 12:43:59 20  256    78  142   72   80   123  208  111  133  0.37 0.32 0.35 0.40
 7 12:44:20 20  320    83  146   77   85   125  203  112  137  0.34 0.28 0.31 0.38
 8 12:44:40 20  384    77  145   74   82   111  204  109  123  0.31 0.29 0.32 0.33
 9 12:45:00 20  448    79  148   76   84   115  201  109  128  0.31 0.26 0.30 0.34
10 12:45:21 20  512    77  148   75   83   106  195  107  131  0.27 0.24 0.30 0.37
11 12:45:41 20  576    77  150   77   84   110  200  108  126  0.30 0.25 0.29 0.33
12 12:46:01 20  640    78  152   79   87   114  197  110  123  0.32 0.23 0.28 0.29
13 12:46:21 20  704    78  153   80   88   114  199  107  126  0.32 0.23 0.25 0.30
14 12:46:42 20  832    81  154   83   91   108  200  115  131  0.25 0.23 0.28 0.31
;            Ch1    Ch2    Ch3    Ch4      blue   green  brown
;  alpha:   0.992  0.809  0.948  1.045     0.914 -0.000  0.958
; ETRmax:  1157.0 1029.1  753.0 1407.8     699.6    0.0 1014.5
;     Ik:  1166.2 1271.6  794.0 1347.8     765.1    0.0 1058.7
;References: BL_US PMDA0174.REF2 GR_US PMDA0174.REF2 BR_US PMDA0174.REF2

;LTM 40m_08252016

26AUG2016  12:49:26  Gain: 20  Zoff: 166 204 131 134
No   Time    G  PAR    F1   F2   F3   F4   Fm1  Fm2  Fm3  Fm4    Y1   Y2   Y3   Y4
 1 12:49:38 20   64    77  127   67   75   138  194  115  138  0.44 0.35 0.42 0.46

26AUG2016  12:49:45  Gain: 20  Zoff: 166 204 131 134
No   Time    G  PAR    F1   F2   F3   F4   Fm1  Fm2  Fm3  Fm4    Y1   Y2   Y3   Y4
 1 12:49:45 20 3294    79  128   69   77   131  195  113  131  0.40 0.34 0.39 0.41
 2 12:50:07 20   16    76  121   66   74   146  178  115  144  0.48 0.32 0.43 0.49
 3 12:50:27 20   64    79  129   68   77   138  195  113  136  0.43 0.34 0.40 0.43
 4 12:50:47 20  128    76  132   68   76   121  190  109  129  0.37 0.31 0.38 0.41
 5 12:51:08 20  192    77  134   69   78   115  188  107  126  0.33 0.29 0.36 0.38
 6 12:51:28 20  256    74  136   68   77   116  191  100  124  0.36 0.29 0.32 0.38
 7 12:51:48 20  320    76  139   71   80   110  189  104  123  0.31 0.26 0.32 0.35
 8 12:52:08 20  384    76  140   71   80   114  188   98  121  0.33 0.26 0.28 0.34
 9 12:52:29 20  448    74  141   71   80   109  188  102  120  0.32 0.25 0.30 0.33
10 12:52:49 20  512    79  146   76   85   114  199  107  127  0.31 0.27 0.29 0.33
11 12:53:09 20  576    81  147   77   86   109  187  108  128  0.26 0.21 0.29 0.33
12 12:53:30 20  640    77  148   77   86   108  195  107  126  0.29 0.24 0.28 0.32
13 12:53:50 20  704    78  149   78   87   106  188  107  125  0.26 0.21 0.27 0.30
14 12:54:10 20  832    80  150   81   89   114  192  111  124  0.30 0.22 0.27 0.28
;            Ch1    Ch2    Ch3    Ch4      blue   green  brown
;  alpha:   0.905  0.784  0.900  0.980     0.888 -0.000  0.891
; ETRmax:   547.9  925.7 1249.1  767.8    1259.2    0.0 1175.6
;     Ik:   605.5 1180.5 1388.2  783.1    1418.5    0.0 1319.5
;References: BL_US PMDA0174.REF2 GR_US PMDA0174.REF2 BR_US PMDA0174.REF2

;LTM 60m_08252016

26AUG2016  12:56:11  Gain: 20  Zoff: 166 204 131 134
No   Time    G  PAR    F1   F2   F3   F4   Fm1  Fm2  Fm3  Fm4    Y1   Y2   Y3   Y4
 1 12:56:11 20   64    85  127   74   83   142  196  122  143  0.40 0.35 0.39 0.42

26AUG2016  12:56:18  Gain: 20  Zoff: 166 204 131 134
No   Time    G  PAR    F1   F2   F3   F4   Fm1  Fm2  Fm3  Fm4    Y1   Y2   Y3   Y4
 1 12:56:18 20   64    87  129   77   87   146  202  128  150  0.40 0.36 0.40 0.42
 2 12:56:40 20   16    88  124   75   85   162  198  133  159  0.46 0.37 0.44 0.47
 3 12:57:00 20   64    85  130   74   84   144  195  128  141  0.41 0.33 0.42 0.40
 4 12:57:20 20  128    83  134   74   84   138  203  118  138  0.40 0.34 0.37 0.39
 5 12:57:41 20  192    90  140   80   90   134  202  122  141  0.33 0.31 0.34 0.36
 6 12:58:01 20  256    84  139   76   86   126  195  113  132  0.33 0.29 0.33 0.35
 7 12:58:21 20  320    84  141   77   86   125  198  115  135  0.33 0.29 0.33 0.36
 8 12:58:41 20  384    87  146   80   90   125  199  113  134  0.30 0.27 0.29 0.33
 9 12:59:02 20  448    87  147   81   91   129  198  115  136  0.33 0.26 0.30 0.33
10 12:59:22 20  512    86  148   80   90   121  193  110  128  0.29 0.23 0.27 0.30
11 12:59:42 20  576    86  149   81   91   122  195  115  128  0.30 0.24 0.30 0.29
12 13:00:03 20  640    85  149   81   90   120  198  118  135  0.29 0.25 0.31 0.33
13 13:00:23 20  704    89  153   85   95   124  204  115  136  0.28 0.25 0.26 0.30
14 13:00:43 20  832    94  155   89   99   122  195  119  134  0.23 0.21 0.25 0.26
;            Ch1    Ch2    Ch3    Ch4      blue   green  brown
;  alpha:   0.940  0.814  0.931  0.935     1.134 -0.000  0.913
; ETRmax:  1153.0  951.3 1149.4 1509.7     489.1    0.0 1143.4
;     Ik:  1226.7 1169.0 1234.9 1614.1     431.4    0.0 1253.0
;References: BL_US PMDA0174.REF2 GR_US PMDA0174.REF2 BR_US PMDA0174.REF2

;LTM 80m_08252016

26AUG2016  13:03:30  Gain: 20  Zoff: 166 204 131 134
No   Time    G  PAR    F1   F2   F3   F4   Fm1  Fm2  Fm3  Fm4    Y1   Y2   Y3   Y4
 1 13:03:42 20   64    69  103   43   53   122  150   83  104  0.43 0.31 0.48 0.49

26AUG2016  13:03:49  Gain: 20  Zoff: 166 204 131 134
No   Time    G  PAR    F1   F2   F3   F4   Fm1  Fm2  Fm3  Fm4    Y1   Y2   Y3   Y4
 1 13:03:49 20   64    69  102   45   54   120  154   78  104  0.42 0.34 0.42 0.48
 2 13:04:11 20   16    60   95   39   48   122  154   83  110  0.51 0.38 0.53 0.56
 3 13:04:31 20   64    67  102   43   53   128  152   84  111  0.48 0.33 0.49 0.52
 4 13:04:51 20  128    69  104   44   55   117  154   80  102  0.41 0.32 0.45 0.46
 5 13:05:12 20  192    75  109   47   59   129  161   83  109  0.42 0.32 0.43 0.46
 6 13:05:32 20  256    75  109   49   60   106  150   83   95  0.29 0.27 0.41 0.37
 7 13:05:52 20  320    73  107   49   60   117  151   83  104  0.38 0.29 0.41 0.42
 8 13:06:12 20  384    85  115   55   67   129  160   86  106  0.34 0.28 0.36 0.37
 9 13:06:33 20  448    91  123   59   72   131  162   92  111  0.31 0.24 0.36 0.35
10 13:06:53 20  512   101  125   62   76   122  155   86  110  0.17 0.19 0.28 0.31
11 13:07:13 20  576    79  109   56   68   105  147   81  103  0.25 0.26 0.31 0.34
12 13:07:34 20  640    87  114   60   72   122  155   83  111  0.29 0.26 0.28 0.35
13 13:07:54 20  704   102  127   66   81   132  158   92  116  0.23 0.20 0.28 0.30
14 13:08:14 20  832   100  126   67   82   125  153   89  112  0.20 0.18 0.25 0.27
;            Ch1    Ch2    Ch3    Ch4      blue   green  brown
;  alpha:   1.191  0.779  1.215  1.212     1.450 -0.000  1.020
; ETRmax:   583.3  383.5  901.2  736.7     758.6    0.0  486.4
;     Ik:   489.8  492.5  741.8  607.8     523.0    0.0  477.1
;References: BL_US PMDA0174.REF2 GR_US PMDA0174.REF2 BR_US PMDA0174.REF2

;LTM 100m_08252016

26AUG2016  13:10:52  Gain: 20  Zoff: 166 204 131 134
No   Time    G  PAR    F1   F2   F3   F4   Fm1  Fm2  Fm3  Fm4    Y1   Y2   Y3   Y4
 1 13:11:09 20   64    24   28   14   20    48   53   39   52  0.50 0.47 ---- ----

26AUG2016  13:11:15  Gain: 20  Zoff: 166 204 131 134
No   Time    G  PAR    F1   F2   F3   F4   Fm1  Fm2  Fm3  Fm4    Y1   Y2   Y3   Y4
 1 13:11:16 20   64    23   26   16   21    50   51   35   55  0.54 0.49 ---- 0.62
 2 13:11:37 20   16    21   26   15   19    52   55   35   51  0.60 0.53 ---- ----
 3 13:11:58 20   64    21   26   14   20    49   51   41   56  0.57 0.49 ---- ----
 4 13:12:18 20  128    21   25   14   20    45   53   36   49  0.53 0.53 ---- ----
 5 13:12:38 20  192    22   25   16   21    48   51   39   55  0.54 0.51 ---- 0.62
 6 13:12:58 20  256    23   25   17   23    51   49   42   56  0.55 0.49 ---- 0.59
 7 13:13:19 20  320    25   25   19   25    45   51   43   53  0.44 0.51 ---- 0.53
 8 13:13:39 20  384    25   24   20   26    47   45   44   57  0.47 0.47 ---- 0.54
 9 13:13:59 20  448    26   23   21   28    52   48   46   56  0.50 0.52 0.54 0.50
10 13:14:20 20  512    26   22   22   29    45   43   48   64  0.42 0.49 0.54 0.55
11 13:14:40 20  576    27   22   23   30    51   37   45   56  0.47 0.41 0.49 0.46
12 13:15:00 20  640    28   22   25   32    50   45   50   59  0.44 0.51 0.50 0.46
13 13:15:20 20  704    29   22   26   34    49   41   43   61  0.41 0.46 0.40 0.44
14 13:15:41 20  832    31   21   29   36    50   40   50   65  0.38 0.47 0.42 0.45
;            Ch1    Ch2    Ch3    Ch4      blue   green  brown
;  alpha:   1.316  1.162  1.758  1.468     1.502 135.700  0.962
; ETRmax:  1141.9 8350.8  808.6 1105.9    2874.4  919.3 5049437.
;     Ik:   867.7 7189.3  459.9  753.1    1914.0    6.8 5249229.
;References: BL_US PMDA0174.REF2 GR_US PMDA0174.REF2 BR_US PMDA0174.REF2

;LTM 110m_08252016

26AUG2016  13:17:31  Gain: 20  Zoff: 166 204 131 134
No   Time    G  PAR    F1   F2   F3   F4   Fm1  Fm2  Fm3  Fm4    Y1   Y2   Y3   Y4
 1 13:17:44 20   64    24   48   21   28    61   89   51   70  0.61 0.46 0.59 0.60

26AUG2016  13:17:50  Gain: 20  Zoff: 166 204 131 134
No   Time    G  PAR    F1   F2   F3   F4   Fm1  Fm2  Fm3  Fm4    Y1   Y2   Y3   Y4
 1 13:17:51 20   64    25   47   23   30    66   88   47   73  0.62 0.47 0.51 0.59
 2 13:18:13 20   16    24   46   22   28    69   84   55   77  0.65 0.45 0.60 0.64
 3 13:18:33 20   64    28   50   23   30    66   89   55   74  0.58 0.44 0.58 0.59
 4 13:18:53 20  128    27   49   24   31    57   95   51   66  0.53 0.48 0.53 0.53
 5 13:19:13 20  192    28   50   25   32    63   92   51   74  0.56 0.46 0.51 0.57
 6 13:19:34 20  256    29   50   27   34    62   85   55   70  0.53 0.41 0.51 0.51
 7 13:19:54 20  320    29   50   28   35    56   90   54   72  0.48 0.44 0.48 0.51
 8 13:20:14 20  384    29   49   28   36    60   86   53   72  0.52 0.43 0.47 0.50
 9 13:20:35 20  448    29   49   30   37    56   84   54   65  0.48 0.42 0.44 0.43
10 13:20:55 20  512    31   50   32   39    59   82   58   74  0.47 0.39 0.45 0.47
11 13:21:15 20  576    31   49   33   40    58   81   54   74  0.47 0.40 0.39 0.46
12 13:21:35 20  640    30   48   33   40    58   83   57   71  0.48 0.42 0.42 0.44
13 13:21:56 20  704    30   47   34   41    53   78   57   73  0.43 0.40 0.40 0.44
14 13:22:16 20  832    31   47   36   43    54   75   58   74  0.43 0.37 0.38 0.42
;            Ch1    Ch2    Ch3    Ch4      blue   green  brown
;  alpha:   1.306  1.051  1.329  1.346     1.322 -0.000  1.222
; ETRmax:  2289.7 2281.6 1906.3 2409.7    1573.9    0.0 3803.6
;     Ik:  1753.9 2171.5 1433.9 1789.7    1190.2    0.0 3111.4
;References: BL_US PMDA0174.REF2 GR_US PMDA0174.REF2 BR_US PMDA0174.REF2

;LTM 120m_08252016

26AUG2016  13:24:23  Gain: 20  Zoff: 166 204 131 134
No   Time    G  PAR    F1   F2   F3   F4   Fm1  Fm2  Fm3  Fm4    Y1   Y2   Y3   Y4
 1 13:24:38 20   64    72   76   26   32    99   99   52   62  0.27 0.23 0.50 0.48

26AUG2016  13:24:45  Gain: 20  Zoff: 166 204 131 134
No   Time    G  PAR    F1   F2   F3   F4   Fm1  Fm2  Fm3  Fm4    Y1   Y2   Y3   Y4
 1 13:24:45 20   64    71   73   26   33    94   94   44   59  0.24 0.22 0.41 0.44
 2 13:25:07 20   16    69   74   25   30   102  104   47   62  0.32 0.29 0.47 0.52
 3 13:25:27 20   64    70   73   25   31    96   94   49   68  0.27 0.22 0.49 0.54
 4 13:25:47 20  128    69   72   25   31    92   93   51   61  0.25 0.23 0.51 0.49
 5 13:26:08 20  192    71   73   27   33    95   99   51   64  0.25 0.26 0.47 0.48
 6 13:26:28 20  256    70   71   28   34    94   94   51   64  0.26 0.24 0.45 0.47
 7 13:26:48 20  320    70   70   29   35    91   94   52   67  0.23 0.26 0.44 0.48
 8 13:27:09 20  384    71   70   31   37    98   89   51   74  0.28 0.21 0.39 0.50
 9 13:27:29 20  448    71   70   32   39    93   93   58   67  0.24 0.25 0.45 0.42
10 13:27:49 20  512    71   67   33   39    90   92   52   70  0.21 0.27 0.37 0.44
11 13:28:09 20  576    72   67   34   41    94   91   59   67  0.23 0.26 0.42 0.39
12 13:28:30 20  640    70   64   35   41    94   91   59   71  0.26 0.30 0.41 0.42
13 13:28:50 20  704    70   63   35   42    82   83   61   75  0.15 0.24 0.43 0.44
14 13:29:10 20  832    70   61   38   44    90   83   58   74  0.22 0.27 0.34 0.41
;            Ch1    Ch2    Ch3    Ch4      blue   green  brown
;  alpha:   0.599  0.527  1.114  1.165     1.703 -0.000  0.698
; ETRmax:   469.5 10772.4 2745.2 3333.2     969.9    0.0  633.6
;     Ik:   783.4 20429.1 2465.4 2862.2     569.4    0.0  907.4
;References: BL_US PMDA0174.REF2 GR_US PMDA0174.REF2 BR_US PMDA0174.REF2

;LTM 130m_08252016

26AUG2016  13:31:19  Gain: 20  Zoff: 166 204 131 134
No   Time    G  PAR    F1   F2   F3   F4   Fm1  Fm2  Fm3  Fm4    Y1   Y2   Y3   Y4
 1 13:31:34 20   64   122  130   39   44   148  151   64   80  0.18 0.14 0.39 0.45

26AUG2016  13:31:41  Gain: 20  Zoff: 166 204 131 134
No   Time    G  PAR    F1   F2   F3   F4   Fm1  Fm2  Fm3  Fm4    Y1   Y2   Y3   Y4
 1 13:31:42 20   64   123  129   41   46   150  154   64   79  0.18 0.16 0.36 0.42
 2 13:32:03 20   16   123  131   41   46   144  157   62   81  0.15 0.17 0.34 0.43
 3 13:32:24 20   64   123  130   41   46   146  152   64   79  0.16 0.14 0.36 0.42
 4 13:32:44 20  128   124  130   42   47   146  154   67   78  0.15 0.16 0.37 0.40
 5 13:33:04 20  192   122  128   42   48   146  155   65   77  0.16 0.17 0.35 0.38
 6 13:33:25 20  256   123  127   44   49   147  151   67   81  0.16 0.16 0.34 0.40
 7 13:33:45 20  320   123  126   45   50   142  150   66   78  0.13 0.16 0.32 0.36
 8 13:34:05 20  384   121  123   45   51   138  143   70   80  0.12 0.14 0.36 0.36
 9 13:34:25 20  448   121  122   46   52   145  147   68   88  0.17 0.17 0.32 0.41
10 13:34:46 20  512   120  120   47   53   137  149   67   83  0.12 0.19 0.30 0.36
11 13:35:06 20  576   121  119   48   54   144  139   73   82  0.16 0.14 0.34 0.34
12 13:35:26 20  640   120  118   49   54   148  139   68   87  0.19 0.15 0.28 0.38
13 13:35:47 20  704   120  116   50   56   144  136   74   86  0.17 0.15 0.32 0.35
14 13:36:07 20  832   120  114   52   59   141  135   72   81  0.15 0.16 0.28 0.27
;            Ch1    Ch2    Ch3    Ch4      blue   green  brown
;  alpha:   0.353  0.356  0.837  0.888     1.256 -0.000  0.498
; ETRmax:  4681.8  331.6 1095.6  594.0     480.7    0.0  356.7
;     Ik:  13263.5  932.9 1308.6  668.5     382.8    0.0  716.7
;References: BL_US PMDA0174.REF2 GR_US PMDA0174.REF2 BR_US PMDA0174.REF2

;LTM 140m_08252016

26AUG2016  13:38:28  Gain: 20  Zoff: 166 204 131 134
No   Time    G  PAR    F1   F2   F3   F4   Fm1  Fm2  Fm3  Fm4    Y1   Y2   Y3   Y4
 1 13:38:44 20   64   129  136   42   49   154  163   68   78  0.16 0.17 0.38 0.37

26AUG2016  13:38:51  Gain: 20  Zoff: 166 204 131 134
No   Time    G  PAR    F1   F2   F3   F4   Fm1  Fm2  Fm3  Fm4    Y1   Y2   Y3   Y4
 1 13:38:52 20   64   129  135   43   50   152  162   66   81  0.15 0.17 0.35 0.38
 2 13:39:13 20    1   123  131   41   46   146  158   67   85  0.16 0.17 0.39 0.46
 3 13:39:34 20   64   127  134   42   49   148  163   67   84  0.14 0.18 0.37 0.42
 4 13:39:54 20  128   126  133   42   49   151  159   67   83  0.17 0.16 0.37 0.41
 5 13:40:14 20  192   125  131   43   50   148  152   67   78  0.16 0.14 0.36 0.36
 6 13:40:34 20  256   125  130   45   51   147  157   61   83  0.15 0.17 0.26 0.39
 7 13:40:55 20  320   128  131   47   54   154  157   66   84  0.17 0.17 0.29 0.36
 8 13:41:15 20  384   125  128   46   53   147  150   68   80  0.15 0.15 0.32 0.34
 9 13:41:35 20  448   125  127   48   55   153  154   71   86  0.18 0.18 0.32 0.36
10 13:41:56 20  512   126  126   49   57   150  150   70   88  0.16 0.16 0.30 0.35
11 13:42:16 20  576   126  125   51   58   150  144   76   89  0.16 0.13 0.33 0.35
12 13:42:36 20  640   122  120   50   57   146  140   67   86  0.16 0.14 0.25 0.34
13 13:42:56 20  704   121  118   51   57   138  139   71   85  0.12 0.15 0.28 0.33
14 13:43:17 20  832   122  117   53   60   145  140   74   83  0.16 0.16 0.28 0.28
;            Ch1    Ch2    Ch3    Ch4      blue   green  brown
;  alpha:   0.368  0.361  0.823  0.933     2.139 -0.000  0.531
; ETRmax:  1197.3 1633.8 1892.1 1053.2     925.0    0.0  386.5
;     Ik:  3252.8 4531.8 2299.6 1129.5     432.4    0.0  728.6
;References: BL_US PMDA0174.REF2 GR_US PMDA0174.REF2 BR_US PMDA0174.REF2

;LTM 150m_08252016

26AUG2016  13:45:21  Gain: 20  Zoff: 166 204 131 134
No   Time    G  PAR    F1   F2   F3   F4   Fm1  Fm2  Fm3  Fm4    Y1   Y2   Y3   Y4
 1 13:45:33 20   64   106  135   57   64   147  185   97  112  0.28 0.27 0.41 0.43

26AUG2016  13:45:39  Gain: 20  Zoff: 166 204 131 134
No   Time    G  PAR    F1   F2   F3   F4   Fm1  Fm2  Fm3  Fm4    Y1   Y2   Y3   Y4
 1 13:45:39 20   64   106  134   58   65   153  187   92  117  0.31 0.28 0.37 0.44
 2 13:46:01 20   16   104  130   57   63   165  193  100  123  0.37 0.33 0.43 0.49
 3 13:46:21 20   64   104  133   56   64   150  179   93  112  0.31 0.26 0.40 0.43
 4 13:46:41 20  128   100  132   55   61   137  177   84  104  0.27 0.25 0.35 0.41
 5 13:47:02 20  192   102  134   58   65   139  179   91  104  0.27 0.25 0.36 0.38
 6 13:47:22 20  256   104  134   59   66   141  181   89  110  0.26 0.26 0.34 0.40
 7 13:47:42 20  320   103  134   60   67   135  179   90  107  0.24 0.25 0.33 0.37
 8 13:48:03 20  384   103  134   60   68   135  180   92  104  0.24 0.26 0.35 0.35
 9 13:48:23 20  448   104  135   63   70   133  180   91  110  0.22 0.25 0.31 0.36
10 13:48:43 20  512   105  135   64   71   134  175   91  104  0.22 0.23 0.30 0.32
11 13:49:03 20  576   104  134   65   72   130  171   91  107  0.20 0.22 0.29 0.33
12 13:49:24 20  640   104  133   65   72   129  168   90  104  0.19 0.21 0.28 0.31
13 13:49:44 20  704   101  132   64   72   129  166   90  112  0.22 0.20 0.29 0.36
14 13:50:04 20  832   104  132   68   75   132  171   96  106  0.21 0.23 0.29 0.29
;            Ch1    Ch2    Ch3    Ch4      blue   green  brown
;  alpha:   0.686  0.607  0.883  0.984     1.144 -0.000  0.718
; ETRmax:   923.6  972.9 1619.5 1775.3    1232.6    0.0  887.4
;     Ik:  1346.5 1604.0 1833.2 1803.9    1077.4    0.0 1235.8
;References: BL_US PMDA0174.REF2 GR_US PMDA0174.REF2 BR_US PMDA0174.REF2

;LTM 160m_08252016

26AUG2016  13:52:32  Gain: 20  Zoff: 166 204 131 134
No   Time    G  PAR    F1   F2   F3   F4   Fm1  Fm2  Fm3  Fm4    Y1   Y2   Y3   Y4
 1 13:52:44 20   64   107  113   32   36   132  137   55   65  0.19 0.18 0.42 0.45

26AUG2016  13:52:51  Gain: 20  Zoff: 166 204 131 134
No   Time    G  PAR    F1   F2   F3   F4   Fm1  Fm2  Fm3  Fm4    Y1   Y2   Y3   Y4
 1 13:52:52 20   64   107  112   34   38   133  139   52   72  0.20 0.19 0.35 0.47
 2 13:53:14 20   16   106  112   33   37   130  131   59   67  0.18 0.15 0.44 0.45
 3 13:53:34 20   64   104  110   32   37   133  137   51   67  0.22 0.20 0.37 0.45
 4 13:53:54 20  128   103  107   31   36   122  131   52   69  0.16 0.18 0.40 0.48
 5 13:54:15 20  192   102  105   32   37   122  123   59   65  0.16 0.15 0.46 0.43
 6 13:54:35 20  256   101  104   33   38   125  125   54   70  0.19 0.17 0.39 0.46
 7 13:54:55 20  320   103  103   34   40   127  123   56   68  0.19 0.16 0.39 0.41
 8 13:55:15 20  384   102  101   35   41   117  127   59   72  0.13 0.20 0.41 0.43
 9 13:55:36 20  448   101   99   37   42   122  115   60   70  0.17 0.14 0.38 0.40
10 13:55:56 20  512    99   97   37   42   124  116   53   72  0.20 0.16 0.30 0.42
11 13:56:16 20  576   100   95   38   44   115  115   57   74  0.13 0.17 0.33 0.41
12 13:56:36 20  640   100   94   39   45   115  115   64   75  0.13 0.18 0.39 0.40
13 13:56:57 20  704    99   93   40   47   118  115   61   73  0.16 0.19 0.34 0.36
14 13:57:17 20  832    99   91   43   48   114  109   59   74  0.13 0.17 0.27 0.35
;            Ch1    Ch2    Ch3    Ch4      blue   green  brown
;  alpha:   0.345  0.368  0.969  0.974     0.496 -0.000  0.486
; ETRmax:   165.9  856.7  608.2  666.4     176.8    0.0  177.3
;     Ik:   480.4 2330.3  627.5  684.0     356.4    0.0  364.6
;References: BL_US PMDA0174.REF2 GR_US PMDA0174.REF2 BR_US PMDA0174.REF2

;LTM 170m_08252016

26AUG2016  13:59:51  Gain: 20  Zoff: 166 204 131 134
No   Time    G  PAR    F1   F2   F3   F4   Fm1  Fm2  Fm3  Fm4    Y1   Y2   Y3   Y4
 1 14:00:21 20   64    75   91   30   35   100  125   58   69  0.25 0.27 0.48 0.49

26AUG2016  14:00:27  Gain: 20  Zoff: 166 204 131 134
No   Time    G  PAR    F1   F2   F3   F4   Fm1  Fm2  Fm3  Fm4    Y1   Y2   Y3   Y4
 1 14:00:28 20   64    76   94   32   37   101  124   60   75  0.25 0.24 0.47 0.51
 2 14:00:49 20   16    76   94   30   35   110  130   57   81  0.31 0.28 0.47 0.57
 3 14:01:10 20   64    75   94   29   34   105  128   58   67  0.29 0.27 0.50 0.49
 4 14:01:30 20  128    78   96   31   36   109  129   59   74  0.28 0.26 0.47 0.51
 5 14:01:50 20  192    76   92   31   36   104  123   57   72  0.27 0.25 0.46 0.50
 6 14:02:11 20  256    73   90   31   37    98  118   59   68  0.26 0.24 0.47 0.46
 7 14:02:31 20  320    76   92   34   39   102  117   59   76  0.25 0.21 0.42 0.49
 8 14:02:51 20  384    77   92   36   41   101  123   67   70  0.24 0.25 0.46 0.41
 9 14:03:11 20  448    78   92   37   43   100  120   59   75  0.22 0.23 0.37 0.43
10 14:03:32 20  512    76   90   38   43   102  122   58   74  0.25 0.26 0.34 0.42
11 14:03:52 20  576    75   88   39   44    90  115   63   74  0.17 0.23 0.38 0.41
12 14:04:12 20  640    75   86   39   45    99  114   58   76  0.24 0.25 0.33 0.41
13 14:04:33 20  704    76   86   40   46    99  114   59   72  0.23 0.25 0.32 0.36
14 14:04:53 20  832    77   84   42   48    92  111   59   77  0.16 0.24 0.29 0.38
;            Ch1    Ch2    Ch3    Ch4      blue   green  brown
;  alpha:   0.709  0.565  1.147  1.239     1.764 -0.000  0.753
; ETRmax:   842.6 9364.0  560.3 1973.2     728.0    0.0  518.7
;     Ik:  1188.8 16561.8  488.6 1593.0     412.7    0.0  688.6
;References: BL_US PMDA0174.REF2 GR_US PMDA0174.REF2 BR_US PMDA0174.REF2

;LTM 180m_08252016

26AUG2016  14:06:52  Gain: 20  Zoff: 166 204 131 134
No   Time    G  PAR    F1   F2   F3   F4   Fm1  Fm2  Fm3  Fm4    Y1   Y2   Y3   Y4
 1 14:07:03 20   64    40   41   10   16    65   64   35   48  0.38 0.36 ---- ----

26AUG2016  14:07:09  Gain: 20  Zoff: 166 204 131 134
No   Time    G  PAR    F1   F2   F3   F4   Fm1  Fm2  Fm3  Fm4    Y1   Y2   Y3   Y4
 1 14:07:10 20   64    41   40   12   17    64   63   34   48  0.36 0.37 ---- ----
 2 14:07:32 20   16    38   39   11   15    64   65   33   44  0.41 0.40 ---- ----
 3 14:07:52 20   64    37   39   10   15    58   66   35   42  0.36 0.41 ---- ----
 4 14:08:12 20  128    38   39   12   17    62   68   35   45  0.39 0.43 ---- ----
 5 14:08:32 20  192    39   39   13   18    62   60   40   47  0.37 0.35 ---- ----
 6 14:08:53 20  256    40   38   14   20    64   59   33   48  0.38 0.36 ---- ----
 7 14:09:13 20  320    41   37   15   21    63   62   36   47  0.35 0.40 ---- 0.55
 8 14:09:33 20  384    41   36   16   22    66   64   36   53  0.38 0.44 ---- 0.58
 9 14:09:54 20  448    42   36   18   24    63   59   38   49  0.33 0.39 ---- 0.51
10 14:10:14 20  512    42   35   19   25    58   57   39   50  0.28 0.39 ---- 0.50
11 14:10:34 20  576    42   33   19   25    65   51   39   53  0.35 0.35 ---- 0.53
12 14:10:54 20  640    41   31   20   26    63   60   36   55  0.35 0.48 ---- 0.53
13 14:11:15 20  704    40   30   21   27    62   51   35   58  0.35 0.41 0.40 0.53
14 14:11:35 20  832    41   28   23   29    55   43   42   53  0.25 0.35 0.45 0.45
;            Ch1    Ch2    Ch3    Ch4      blue   green  brown
;  alpha:   0.871  0.652  0.529  1.256     1.877 150.519  0.903
; ETRmax:   678.6  321.6 1052.6 1018.4    4536.3  921.0 36473.8
;     Ik:   779.1  493.3 1988.4  810.8    2416.4    6.1 40390.0
;References: BL_US PMDA0174.REF2 GR_US PMDA0174.REF2 BR_US PMDA0174.REF2

;LTM 190m_08252016

26AUG2016  14:14:03  Gain: 20  Zoff: 166 204 131 134
No   Time    G  PAR    F1   F2   F3   F4   Fm1  Fm2  Fm3  Fm4    Y1   Y2   Y3   Y4
 1 14:14:15 20   64    46   55   16   22    73   86   43   52  0.37 0.36 ---- 0.58

26AUG2016  14:14:21  Gain: 20  Zoff: 166 204 131 134
No   Time    G  PAR    F1   F2   F3   F4   Fm1  Fm2  Fm3  Fm4    Y1   Y2   Y3   Y4
 1 14:14:21 20   64    47   55   18   24    72   76   41   51  0.35 0.28 ---- 0.53
 2 14:14:43 20   16    43   53   14   20    61   83   41   55  0.30 0.36 ---- ----
 3 14:15:03 20   64    44   54   16   21    65   83   41   56  0.32 0.35 ---- 0.63
 4 14:15:24 20  128    44   53   17   22    66   78   38   53  0.33 0.32 ---- 0.58
 5 14:15:44 20  192    43   52   17   22    65   82   46   55  0.34 0.37 ---- 0.60
 6 14:16:04 20  256    43   52   19   24    66   80   42   52  0.35 0.35 ---- 0.54
 7 14:16:24 20  320    45   51   20   26    66   77   43   54  0.32 0.34 ---- 0.52
 8 14:16:45 20  384    45   51   22   28    74   75   36   60  0.39 0.32 0.39 0.53
 9 14:17:05 20  448    47   51   23   29    69   78   37   64  0.32 0.35 0.38 0.55
10 14:17:25 20  512    47   51   24   31    70   75   44   64  0.33 0.32 0.45 0.52
11 14:17:46 20  576    49   51   25   32    74   72   43   61  0.34 0.29 0.42 0.48
12 14:18:06 20  640    49   50   26   33    67   78   46   69  0.27 0.36 0.43 0.52
13 14:18:26 20  704    46   47   27   33    68   67   52   61  0.32 0.30 0.48 0.46
14 14:18:46 20  832    48   46   29   36    74   67   47   64  0.35 0.31 0.38 0.44
;            Ch1    Ch2    Ch3    Ch4      blue   green  brown
;  alpha:   0.780  0.777  0.433  1.367     1.926 -0.000  0.835
; ETRmax:  3163.2  909.8  181.4 1197.2    1672.2    0.0 3961.3
;     Ik:  4054.4 1170.7  418.5  875.6     868.2    0.0 4743.4
;References: BL_US PMDA0174.REF2 GR_US PMDA0174.REF2 BR_US PMDA0174.REF2

;LTM 200m_08252016

26AUG2016  14:21:09  Gain: 20  Zoff: 166 204 131 134
No   Time    G  PAR    F1   F2   F3   F4   Fm1  Fm2  Fm3  Fm4    Y1   Y2   Y3   Y4
 1 14:21:20 20   64    28   31    5   10    51   54   27   40  0.45 0.43 ---- ----

26AUG2016  14:21:28  Gain: 20  Zoff: 166 204 131 134
No   Time    G  PAR    F1   F2   F3   F4   Fm1  Fm2  Fm3  Fm4    Y1   Y2   Y3   Y4
 1 14:21:28 20   64    30   31    6   11    57   59   29   42  0.47 0.47 ---- ----
 2 14:21:50 20   16    28   32    5    9    52   52   27   40  0.46 0.38 ---- ----
 3 14:22:10 20   64    28   31    5   10    57   59   31   40  0.51 0.47 ---- ----
 4 14:22:30 20  128    28   30    6   11    57   58   32   42  0.51 0.48 ---- ----
 5 14:22:51 20  192    29   30    8   13    53   55   31   45  0.45 0.45 ---- ----
 6 14:23:11 20  256    30   30    9   14    53   55   33   51  0.43 0.45 ---- ----
 7 14:23:31 20  320    30   29   10   15    57   58   35   41  0.47 0.50 ---- ----
 8 14:23:51 20  384    31   28   11   17    56   54   33   42  0.45 0.48 ---- ----
 9 14:24:12 20  448    32   28   13   18    52   48   32   46  0.38 0.42 ---- ----
10 14:24:32 20  512    32   27   14   20    56   48   31   53  0.43 0.44 ---- ----
11 14:24:52 20  576    33   27   15   21    54   50   39   55  0.39 0.46 ---- 0.62
12 14:25:13 20  640    33   26   16   22    58   43   36   51  0.43 0.40 ---- 0.57
13 14:25:33 20  704    34   26   17   24    57   45   41   49  0.40 0.42 ---- 0.51
14 14:25:53 20  832    35   24   20   26    53   48   43   56  0.34 0.50 ---- 0.54
;            Ch1    Ch2    Ch3    Ch4      blue   green  brown
;  alpha:   1.134  1.047 -0.000  2.183     2.496 311.174  1.337
; ETRmax:   993.2 17346.5    0.0 2015.7    2616.6 3930.2 1686.1
;     Ik:   876.1 16572.1    0.0  923.4    1048.1   12.6 1260.7
;References: BL_US PMDA0174.REF2 GR_US PMDA0174.REF2 BR_US PMDA0174.REF2