Gain: 20  Zoff: 184 220 128 139
;LTM_08312017_0m

31AUG2017  18:30:50  Gain: 20  Zoff: 184 220 128 139
No   Time    G  PAR    F1   F2   F3   F4   Fm1  Fm2  Fm3  Fm4    Y1   Y2   Y3   Y4
 1 18:37:53 20 3393   121  125   71   83   235  208  144  177  0.49 0.40 0.51 0.53

31AUG2017  18:38:01  Gain: 20  Zoff: 184 220 128 139
No   Time    G  PAR    F1   F2   F3   F4   Fm1  Fm2  Fm3  Fm4    Y1   Y2   Y3   Y4
 1 18:38:01 20 3394   126  125   76   89   239  206  146  179  0.47 0.39 0.48 0.50
 2 18:38:22 20 3386   127  130   76   88   236  217  148  184  0.46 0.40 0.49 0.52
 3 18:38:43 20 3388   134  139   79   92   237  235  146  185  0.43 0.41 0.46 0.50
 4 18:39:03 20 3389   130  139   77   91   206  224  137  169  0.37 0.38 0.44 0.46
 5 18:39:23 20 3387   126  136   77   90   203  220  137  164  0.38 0.38 0.44 0.45
 6 18:39:43 20 3386   123  135   77   89   189  205  133  160  0.35 0.34 0.42 0.44
 7 18:40:04 20 3388   119  132   75   88   181  203  124  153  0.34 0.35 0.40 0.42
 8 18:40:24 20 3389   120  132   76   89   182  209  125  151  0.34 0.37 0.39 0.41
 9 18:40:44 20 3383   123  133   79   92   182  204  129  154  0.32 0.35 0.39 0.40
10 18:41:05 20 3380   123  133   80   93   182  197  130  153  0.32 0.32 0.38 0.39
;            Ch1    Ch2    Ch3    Ch4      blue   green  brown
;  alpha:   0.362  0.350  0.422  0.452     0.443 -0.000  0.375
; ETRmax:   766.9  758.9  806.6  835.5     826.4    0.0  779.9
;     Ik:  2120.1 2171.4 1910.3 1848.9    1863.4    0.0 2081.9
;References: BL_US PMDA0174.REF2 GR_US PMDA0174.REF2 BR_US PMDA0174.REF2

;LTM_08312017_10m

31AUG2017  18:43:21  Gain: 20  Zoff: 184 220 128 139
No   Time    G  PAR    F1   F2   F3   F4   Fm1  Fm2  Fm3  Fm4    Y1   Y2   Y3   Y4
 1 18:43:35 20 3391   126  112   75   88   269  215  161  199  0.53 0.48 0.53 0.56

31AUG2017  18:43:40  Gain: 20  Zoff: 184 220 128 139
No   Time    G  PAR    F1   F2   F3   F4   Fm1  Fm2  Fm3  Fm4    Y1   Y2   Y3   Y4
 1 18:43:40 20 3378   130  113   80   94   255  207  160  198  0.49 0.45 0.50 0.53
 2 18:44:01 20 3391   115  109   75   87   237  209  155  188  0.51 0.48 0.52 0.54
 3 18:44:22 20 3387   124  118   78   91   238  215  154  190  0.48 0.45 0.49 0.52
 4 18:44:42 20 3389   116  116   75   87   212  214  141  169  0.45 0.46 0.47 0.49
 5 18:45:02 20 3382   126  123   80   94   211  220  147  179  0.40 0.44 0.46 0.47
 6 18:45:22 20 3380   121  121   78   91   194  212  134  168  0.38 0.43 0.42 0.46
 7 18:45:43 20 3378   117  119   80   92   194  205  138  167  0.40 0.42 0.42 0.45
 8 18:46:03 20 3382   120  121   82   94   189  200  135  163  0.37 0.40 0.39 0.42
 9 18:46:23 20 3384   118  121   81   93   181  194  132  160  0.35 0.38 0.39 0.42
10 18:46:44 20 3382   114  119   81   93   170  192  127  155  0.33 0.38 0.36 0.40
;            Ch1    Ch2    Ch3    Ch4      blue   green  brown
;  alpha:   0.405  0.422  0.438  0.476     0.423 -0.000  0.439
; ETRmax:   799.2  806.6  825.7  851.8     810.5    0.0  823.9
;     Ik:  1971.2 1910.3 1883.9 1789.3    1914.2    0.0 1877.4
;References: BL_US PMDA0174.REF2 GR_US PMDA0174.REF2 BR_US PMDA0174.REF2

;LTM_08312017_20m

31AUG2017  18:50:43  Gain: 20  Zoff: 184 220 128 139
No   Time    G  PAR    F1   F2   F3   F4   Fm1  Fm2  Fm3  Fm4    Y1   Y2   Y3   Y4
 1 18:51:04 20 3390   132  118   77   90   283  219  164  202  0.53 0.46 0.53 0.55

31AUG2017  18:51:08  Gain: 20  Zoff: 184 220 128 139
No   Time    G  PAR    F1   F2   F3   F4   Fm1  Fm2  Fm3  Fm4    Y1   Y2   Y3   Y4
 1 18:51:09 20 3391   139  120   83   97   272  213  163  203  0.49 0.44 0.49 0.52
 2 18:51:30 20 3391   133  118   79   93   268  216  161  196  0.50 0.45 0.51 0.53
 3 18:51:50 20 3391   136  125   81   95   262  227  163  201  0.48 0.45 0.50 0.53
 4 18:52:10 20 3390   134  128   83   96   234  217  156  186  0.43 0.41 0.47 0.48
 5 18:52:31 20 3388   125  125   81   94   214  211  144  177  0.42 0.41 0.44 0.47
 6 18:52:51 20 3391   124  125   80   92   211  209  138  167  0.41 0.40 0.42 0.45
 7 18:53:11 20 3382   132  129   84   98   215  214  142  170  0.39 0.40 0.41 0.42
 8 18:53:32 20 3382   131  128   85   99   201  202  137  164  0.35 0.37 0.38 0.40
 9 18:53:52 20 3384   126  126   84   98   192  196  135  162  0.34 0.36 0.38 0.40
10 18:54:12 20 3378   121  124   84   97   180  186  129  158  0.33 0.33 0.35 0.39
;            Ch1    Ch2    Ch3    Ch4      blue   green  brown
;  alpha:   0.403  0.388  0.417  0.444     0.412 -0.000  0.421
; ETRmax:   797.8  786.9 1095.9 1140.4     802.5    0.0  807.6
;     Ik:  1980.5 2030.2 2629.4 2569.8    1949.1    0.0 1920.5
;References: BL_US PMDA0174.REF2 GR_US PMDA0174.REF2 BR_US PMDA0174.REF2

;LTM_08312017_30m

31AUG2017  18:56:54  Gain: 20  Zoff: 184 220 128 139
No   Time    G  PAR    F1   F2   F3   F4   Fm1  Fm2  Fm3  Fm4    Y1   Y2   Y3   Y4
 1 18:57:25 20 3390   118  128   77   88   269  251  175  215  0.56 0.49 0.56 0.59

31AUG2017  18:57:31  Gain: 20  Zoff: 184 220 128 139
No   Time    G  PAR    F1   F2   F3   F4   Fm1  Fm2  Fm3  Fm4    Y1   Y2   Y3   Y4
 1 18:57:31 20 3388   126  132   85   97   266  254  179  215  0.53 0.48 0.53 0.55
 2 18:57:53 20 3391   127  137   81   93   265  265  172  210  0.52 0.48 0.53 0.56
 3 18:58:13 20 3390   127  141   81   94   241  267  171  202  0.47 0.47 0.53 0.53
 4 18:58:33 20 3383   121  141   82   93   220  261  160  193  0.45 0.46 0.49 0.52
 5 18:58:54 20 3385   121  142   82   94   213  265  158  184  0.43 0.46 0.48 0.49
 6 18:59:14 20 3389   123  143   85   97   205  255  157  181  0.40 0.44 0.46 0.46
 7 18:59:34 20 3388   123  144   89  101   206  253  157  185  0.40 0.43 0.43 0.45
 8 18:59:54 20 3384   125  145   91  103   190  243  150  177  0.34 0.40 0.39 0.42
 9 19:00:15 20 3391   122  143   86  100   184  240  142  169  0.34 0.40 0.39 0.41
10 19:00:35 20 3384   122  144   87  101   184  236  142  169  0.34 0.39 0.39 0.40
;            Ch1    Ch2    Ch3    Ch4      blue   green  brown
;  alpha:   0.414  0.440  0.464  0.489     0.448 -0.000  0.452
; ETRmax:   803.9  824.5  849.7  867.0     831.2    0.0  839.0
;     Ik:  1942.8 1872.6 1829.4 1772.9    1855.2    0.0 1855.2
;References: BL_US PMDA0174.REF2 GR_US PMDA0174.REF2 BR_US PMDA0174.REF2

;LTM_08312017_40m

31AUG2017  19:02:47  Gain: 20  Zoff: 184 220 128 139
No   Time    G  PAR    F1   F2   F3   F4   Fm1  Fm2  Fm3  Fm4    Y1   Y2   Y3   Y4
 1 19:03:00 20 3372   126  195   77   88   321  387  198  235  0.61 0.50 0.61 0.63

31AUG2017  19:03:05  Gain: 20  Zoff: 184 220 128 139
No   Time    G  PAR    F1   F2   F3   F4   Fm1  Fm2  Fm3  Fm4    Y1   Y2   Y3   Y4
 1 19:03:06 20 3393   136  201   85   97   320  385  199  241  0.57 0.48 0.57 0.60
 2 19:03:27 20 3389   148  219   90  102   291  403  182  222  0.49 0.46 0.51 0.54
 3 19:03:47 20 3390   132  203   82   93   309  407  195  235  0.57 0.50 0.58 0.60
 4 19:04:08 20 3388   147  220   89  103   275  393  180  214  0.47 0.44 0.51 0.52
 5 19:04:28 20 3380   147  221   90  103   267  389  173  209  0.45 0.43 0.48 0.51
 6 19:04:48 20 3379   159  228   97  112   272  381  169  211  0.42 0.40 0.43 0.47
 7 19:05:09 20 3385   152  227   94  108   246  374  164  198  0.38 0.39 0.43 0.45
 8 19:05:29 20 3385   146  223   94  109   231  365  160  193  0.37 0.39 0.41 0.44
 9 19:05:49 20 3390   144  223   97  111   230  357  163  191  0.37 0.38 0.40 0.42
10 19:06:09 20 3385   147  225   98  112   221  349  158  186  0.33 0.36 0.38 0.40
;            Ch1    Ch2    Ch3    Ch4      blue   green  brown
;  alpha:   0.427  0.403  0.457  0.489     0.426 -0.000  0.440
; ETRmax:  1111.9 1067.5 1170.1 1205.5    1111.8    0.0 1136.0
;     Ik:  2606.6 2648.8 2558.3 2467.6    2609.2    0.0 2583.2
;References: BL_US PMDA0174.REF2 GR_US PMDA0174.REF2 BR_US PMDA0174.REF2

;LTM_08312017_50m

31AUG2017  19:08:13  Gain: 20  Zoff: 184 220 128 139
No   Time    G  PAR    F1   F2   F3   F4   Fm1  Fm2  Fm3  Fm4    Y1   Y2   Y3   Y4
 1 19:08:24 20 3386   127  225   80   92   324  444  199  246  0.61 0.49 0.60 0.63

31AUG2017  19:08:28  Gain: 20  Zoff: 184 220 128 139
No   Time    G  PAR    F1   F2   F3   F4   Fm1  Fm2  Fm3  Fm4    Y1   Y2   Y3   Y4
 1 19:08:29 20 3389   134  231   87   99   317  437  198  245  0.58 0.47 0.56 0.60
 2 19:08:50 20 3391   126  230   82   94   302  450  194  234  0.58 0.49 0.58 0.60
 3 19:09:10 20 3391   136  242   87   99   294  459  190  229  0.54 0.47 0.54 0.57
 4 19:09:31 20 3384   140  248   89  103   274  443  180  216  0.49 0.44 0.51 0.52
 5 19:09:51 20 3381   139  249   89  103   259  432  173  208  0.46 0.42 0.49 0.50
 6 19:10:11 20 3385   136  248   89  102   243  421  166  195  0.44 0.41 0.46 0.48
 7 19:10:32 20 3387   141  252   93  106   245  418  166  199  0.42 0.40 0.44 0.47
 8 19:10:52 20 3387   150  260   99  114   249  430  174  206  0.40 0.40 0.43 0.45
 9 19:11:12 20 3382   154  267  102  118   240  413  168  203  0.36 0.35 0.39 0.42
10 19:11:32 20 3386   152  266  102  118   235  411  167  199  0.35 0.35 0.39 0.41
;            Ch1    Ch2    Ch3    Ch4      blue   green  brown
;  alpha:   0.467  0.412  0.488  0.520     0.433 -0.000  0.467
; ETRmax:   843.3  802.9  865.4  886.3     818.3    0.0  843.4
;     Ik:  1805.6 1948.0 1771.7 1706.0    1889.5    0.0 1805.7
;References: BL_US PMDA0174.REF2 GR_US PMDA0174.REF2 BR_US PMDA0174.REF2

;LTM_08312017_60m

31AUG2017  19:13:48  Gain: 20  Zoff: 184 220 128 139
No   Time    G  PAR    F1   F2   F3   F4   Fm1  Fm2  Fm3  Fm4    Y1   Y2   Y3   Y4
 1 19:15:51 20 3386    41   48   39   42   134  125  104  129  0.69 0.62 0.63 0.67

31AUG2017  19:15:56  Gain: 20  Zoff: 184 220 128 139
No   Time    G  PAR    F1   F2   F3   F4   Fm1  Fm2  Fm3  Fm4    Y1   Y2   Y3   Y4
 1 19:15:56 20 3387    46   49   44   48   132  121  110  133  0.65 0.60 0.60 0.64
 2 19:16:18 20 3385    45   51   43   47   129  127  110  129  0.65 0.60 0.61 0.64
 4 19:16:34 20 3380    51   55   47   52   127  120  112  135  0.60 0.54 0.58 0.61
 4 19:16:33 20 3380    51   55   47   52   127  120  112  135  0.60 0.54 0.58 0.61
 5 19:16:38 20 3380    57   57   54   60   127  120  112  133  0.55 0.53 0.52 0.55
 6 19:16:58 20 3385    52   57   47   52   120  127  102  121  0.57 0.55 0.54 0.57
 7 19:17:19 20 3386    55   61   48   54   118  124   96  119  0.53 0.51 0.50 0.55
 8 19:17:39 20 3391    55   60   47   53   111  120   92  114  0.50 0.50 0.49 0.54
 9 19:17:59 20 3385    55   62   50   56   108  117   96  115  0.49 0.47 0.48 0.51
10 19:18:19 20 3382    58   64   52   59   105  119   93  116  0.45 0.46 0.44 0.49
11 19:18:40 20 3386    60   65   54   61   109  118   97  115  0.45 0.45 0.44 0.47
12 19:19:00 20 3379    62   67   58   64   103  113  100  115  0.40 0.41 0.42 0.44
;            Ch1    Ch2    Ch3    Ch4      blue   green  brown
;  alpha:  293157.2 831337.8 1311224. 3180397.    850558.4 -0.000 536768.8
; ETRmax:  3746.5 3406.3 3331.0 3551.1    2954.4    0.0 4200.2
;     Ik:     0.0    0.0    0.0    0.0       0.0    0.0    0.0
;References: BL_US PMDA0174.REF2 GR_US PMDA0174.REF2 BR_US PMDA0174.REF2

;LTM_08312017_70m

31AUG2017  19:20:30  Gain: 20  Zoff: 184 220 128 139
No   Time    G  PAR    F1   F2   F3   F4   Fm1  Fm2  Fm3  Fm4    Y1   Y2   Y3   Y4
 1 19:20:43 20 3374    99   98   69   78   220  183  149  176  0.55 0.46 0.54 0.56

31AUG2017  19:20:49  Gain: 20  Zoff: 184 220 128 139
No   Time    G  PAR    F1   F2   F3   F4   Fm1  Fm2  Fm3  Fm4    Y1   Y2   Y3   Y4
 1 19:20:49 20 3386   102   98   74   83   214  179  149  176  0.52 0.45 0.50 0.53
 2 19:21:10 20 3388    98  100   72   81   206  189  148  181  0.52 0.47 0.51 0.55
 3 19:21:31 20 3386    98  105   71   80   191  194  138  169  0.49 0.46 0.49 0.53
 4 19:21:51 20 3378    94  106   70   79   180  193  134  165  0.48 0.45 0.48 0.52
 5 19:22:11 20 3382    93  107   72   80   168  190  131  156  0.45 0.44 0.45 0.49
 6 19:22:31 20 3388    92  106   72   81   164  189  131  152  0.44 0.44 0.45 0.47
 7 19:22:52 20 3385    98  110   77   86   163  187  129  152  0.40 0.41 0.40 0.43
 8 19:23:12 20 3378    92  107   74   83   151  176  124  150  0.39 0.39 0.40 0.45
 9 19:23:32 20 3389    89  105   73   82   144  174  123  142  0.38 0.40 0.41 0.42
10 19:23:52 20 3383    91  107   75   84   143  175  118  144  0.36 0.39 0.36 0.42
;            Ch1    Ch2    Ch3    Ch4      blue   green  brown
;  alpha:   0.441  0.424  0.430  0.491     0.423 -0.000  0.462
; ETRmax:   826.5  807.9 1120.4  865.2     812.0    0.0  844.4
;     Ik:  1874.6 1904.5 2604.0 1763.5    1919.0    0.0 1828.8
;References: BL_US PMDA0174.REF2 GR_US PMDA0174.REF2 BR_US PMDA0174.REF2

;LTM_08312017_80m

31AUG2017  19:25:18  Gain: 20  Zoff: 184 220 128 139
No   Time    G  PAR    F1   F2   F3   F4   Fm1  Fm2  Fm3  Fm4    Y1   Y2   Y3   Y4
 1 19:25:29 20 3390    39   45   29   32   125  114   86  107  0.69 0.61 0.66 0.70

31AUG2017  19:25:38  Gain: 20  Zoff: 184 220 128 139
No   Time    G  PAR    F1   F2   F3   F4   Fm1  Fm2  Fm3  Fm4    Y1   Y2   Y3   Y4
 1 19:25:38 20 3385    42   44   33   37   125  115   92  112  0.66 0.62 0.64 0.67
 2 19:26:00 20 3386    40   47   31   34   120  114   88  104  0.67 0.59 0.65 0.67
 3 19:26:20 20 3388    41   48   31   35   108  116   84  104  0.62 0.59 0.63 0.66
 4 19:26:40 20 3384    51   56   37   43   117  123   84  114  0.56 0.54 0.56 0.62
 5 19:27:01 20 3383    51   55   37   43   104  111   80  101  0.51 0.50 0.54 0.57
 6 19:27:21 20 3381    46   53   36   41   100  112   81   97  0.54 0.53 0.56 0.58
 7 19:27:41 20 3387    48   54   38   43    95  108   84   97  0.49 0.50 0.55 0.56
 8 19:28:01 20 3386    51   55   41   47    98  105   84   97  0.48 0.48 0.51 0.52
 9 19:28:22 20 3381    54   57   44   50    94  106   78   97  0.43 0.46 0.44 0.48
10 19:28:42 20 3387    51   55   43   49    92  101   81   93  0.45 0.46 0.47 0.47
;            Ch1    Ch2    Ch3    Ch4      blue   green  brown
;  alpha:   0.548  0.557  0.600  0.644     0.552 -0.000  0.563
; ETRmax:  1308.7  909.8  938.1  966.2    1320.1    0.0 1332.5
;     Ik:  2387.2 1632.3 1564.1 1500.5    2390.5    0.0 2365.3
;References: BL_US PMDA0174.REF2 GR_US PMDA0174.REF2 BR_US PMDA0174.REF2

;LTM_08312017_90m

31AUG2017  19:30:27  Gain: 20  Zoff: 184 220 128 139
No   Time    G  PAR    F1   F2   F3   F4   Fm1  Fm2  Fm3  Fm4    Y1   Y2   Y3   Y4
 1 19:30:37 20 3387     7   -3    9    9    53   33   56   67  ---- ---- ---- ----

31AUG2017  19:30:40  Gain: 20  Zoff: 184 220 128 139
No   Time    G  PAR    F1   F2   F3   F4   Fm1  Fm2  Fm3  Fm4    Y1   Y2   Y3   Y4
 1 19:30:41 20 3387     9   -4   12   12    56   28   56   64  ---- ---- ---- ----
 2 19:31:02 20 3385     6   -5    9   10    50   26   49   62  ---- ---- ---- ----
 3 19:31:23 20 3387     8   -4   10   11    53   25   47   60  ---- ---- ---- ----
 4 19:31:43 20 3387     9   -3   11   13    46   26   44   62  ---- ---- ---- ----
 5 19:32:03 20 3383    11   -3   13   14    46   26   49   56  ---- ---- ---- ----
 6 19:32:23 20 3388    13   -3   15   17    47   27   46   55  ---- ---- ---- ----
 7 19:32:44 20 3385    12   -5   15   17    45   21   46   56  ---- ---- ---- ----
 8 19:33:04 20 3386    12   -6   16   18    45   25   46   55  ---- ---- ---- ----
 9 19:33:24 20 3386    14   -6   18   19    40   20   50   58  ---- ---- ---- ----
10 19:33:45 20 3385    15   -6   20   22    44   18   44   58  ---- ---- ---- 0.62
;            Ch1    Ch2    Ch3    Ch4      blue   green  brown
;  alpha:  -0.000 -0.000 -0.000  0.709     0.644  1.157 -0.000
; ETRmax:     0.0    0.0    0.0 1010.6    1450.3 1249.5    0.0
;     Ik:     0.0    0.0    0.0 1425.9    2253.5 1079.6    0.0
;References: BL_US PMDA0174.REF2 GR_US PMDA0174.REF2 BR_US PMDA0174.REF2

;LTM_08312017_100m

31AUG2017  19:35:15  Gain: 20  Zoff: 184 220 128 139
No   Time    G  PAR    F1   F2   F3   F4   Fm1  Fm2  Fm3  Fm4    Y1   Y2   Y3   Y4
 1 19:35:27 20 3386    36   42   30   33   122  106   86  110  0.70 0.60 0.65 0.70

31AUG2017  19:35:32  Gain: 20  Zoff: 184 220 128 139
No   Time    G  PAR    F1   F2   F3   F4   Fm1  Fm2  Fm3  Fm4    Y1   Y2   Y3   Y4
 1 19:35:32 20 3390    41   43   34   38   118  107   89  113  0.65 0.60 0.62 0.66
 2 19:35:54 20 3390    35   41   30   33   113  106   88  105  0.69 0.61 0.66 0.69
 3 19:36:14 20 3385    38   46   34   37   105  114   87  107  0.64 0.60 0.61 0.65
 4 19:36:34 20 3380    38   47   35   38    99  109   77   98  0.62 0.57 0.55 0.61
 5 19:36:54 20 3386    35   45   31   34    89  105   71   92  0.61 0.57 0.56 0.63
 6 19:37:15 20 3385    36   46   34   37    89  105   79   95  0.60 0.56 0.57 0.61
 7 19:37:35 20 3389    38   47   39   42    89  107   83   97  0.57 0.56 0.53 0.57
 8 19:37:55 20 3388    42   49   41   45    87  100   81   97  0.52 0.51 0.49 0.54
 9 19:38:16 20 3388    44   50   43   47    89   99   84   98  0.51 0.49 0.49 0.52
10 19:38:36 20 3383    44   50   44   48    87   96   79   93  0.49 0.48 0.44 0.48
;            Ch1    Ch2    Ch3    Ch4      blue   green  brown
;  alpha:   0.656  0.602  0.597  0.669     0.556 -0.000  0.673
; ETRmax:   975.8  940.5  936.1  983.3     908.9    0.0  986.2
;     Ik:  1486.6 1561.3 1567.6 1469.5    1634.1    0.0 1465.0
;References: BL_US PMDA0174.REF2 GR_US PMDA0174.REF2 BR_US PMDA0174.REF2

;LTM_08312017_110m

31AUG2017  19:40:20  Gain: 20  Zoff: 184 220 128 139
No   Time    G  PAR    F1   F2   F3   F4   Fm1  Fm2  Fm3  Fm4    Y1   Y2   Y3   Y4
 1 19:40:31 20 3383   -21  -27   -9  -12     9   -3   24   31  ---- ---- ---- ----