Gain: 20  Zoff: 144 171 119 120
;LTM 0m_11042016
04NOV2016  11:52:26  Gain: 20  Zoff: 144 171 119 120
No   Time    G  PAR    F1   F2   F3   F4   Fm1  Fm2  Fm3  Fm4    Y1   Y2   Y3   Y4
 1 12:07:37 20   64   127  205  107  109   243  327  195  217  0.48 0.37 0.45 0.50

04NOV2016  12:07:41  Gain: 20  Zoff: 144 171 119 120
No   Time    G  PAR    F1   F2   F3   F4   Fm1  Fm2  Fm3  Fm4    Y1   Y2   Y3   Y4
 1 12:07:41 20   64   130  207  110  112   233  319  196  219  0.44 0.35 0.44 0.49
 2 12:08:03 20   16   124  196  105  105   250  300  198  223  0.50 0.35 0.47 0.53
 3 12:08:23 20   64   128  206  108  109   236  325  203  219  0.46 0.37 0.47 0.50
 4 12:08:43 20  128   129  210  111  112   217  318  187  203  0.41 0.34 0.41 0.45
 5 12:09:04 20  192   130  214  113  115   206  311  183  198  0.37 0.31 0.38 0.42
 6 12:09:24 20  256   131  217  115  117   201  311  175  194  0.35 0.30 0.34 0.40
 7 12:09:44 20  320   133  220  117  119   199  307  175  195  0.33 0.28 0.33 0.39
 8 12:10:05 20  384   134  222  120  122   191  308  177  191  0.30 0.28 0.32 0.36
 9 12:10:25 20  448   136  226  122  124   185  309  172  193  0.26 0.27 0.29 0.36
10 12:10:45 20  512   138  228  124  126   195  307  173  184  0.29 0.26 0.28 0.32
11 12:11:05 20  576   140  231  125  128   192  300  173  185  0.27 0.23 0.28 0.31
12 12:11:26 20  640   143  233  127  131   190  305  171  182  0.25 0.24 0.26 0.28
13 12:11:46 20  704   146  235  130  134   192  300  171  186  0.24 0.22 0.24 0.28
14 12:12:06 20  832   151  239  136  139   198  302  175  194  0.24 0.21 0.22 0.28
;            Ch1    Ch2    Ch3    Ch4      blue   green  brown
;  alpha:   1.091  0.845  1.116  1.189     1.152 -0.000  1.006
; ETRmax:   742.2  573.0  742.4  970.8     713.5    0.0  864.8
;     Ik:   680.5  678.1  665.4  816.3     619.4    0.0  859.5
;References: BL_US PMDA0174.REF2 GR_US PMDA0174.REF2 BR_US PMDA0174.REF2

;LTM 20m_11042016

04NOV2016  12:14:45  Gain: 20  Zoff: 144 171 119 120
No   Time    G  PAR    F1   F2   F3   F4   Fm1  Fm2  Fm3  Fm4    Y1   Y2   Y3   Y4
 1 12:14:57 20   64    78  164   80   78   141  261  142  157  0.45 0.37 0.44 0.50

04NOV2016  12:15:02  Gain: 20  Zoff: 144 171 119 120
No   Time    G  PAR    F1   F2   F3   F4   Fm1  Fm2  Fm3  Fm4    Y1   Y2   Y3   Y4
 1 12:15:03 20   64    79  164   82   80   143  260  144  157  0.45 0.37 0.43 0.49
 2 12:15:25 20   16    76  153   78   76   158  247  152  167  0.52 0.38 0.49 0.54
 3 12:15:45 20   64    83  164   82   81   151  269  147  167  0.45 0.39 0.44 0.51
 4 12:16:05 20  128    82  169   84   82   142  260  145  155  0.42 0.35 0.42 0.47
 5 12:16:25 20  192    81  171   85   84   135  255  146  151  0.40 0.33 0.42 0.44
 6 12:16:46 20  256    81  174   89   87   135  266  143  151  0.40 0.35 0.38 0.42
 7 12:17:06 20  320    82  177   93   90   130  268  141  149  0.37 0.34 0.34 0.40
 8 12:17:26 20  384    85  179   92   90   129  264  138  150  0.34 0.32 0.33 0.40
 9 12:17:46 20  448    87  182   90   90   131  259  136  152  0.34 0.30 0.34 0.41
10 12:18:07 20  512    89  185   91   92   133  261  136  149  0.33 0.29 0.33 0.38
11 12:18:27 20  576    91  188   94   95   132  262  135  148  0.31 0.28 0.30 0.36
12 12:18:47 20  640    93  191   98   98   131  271  139  153  0.29 0.30 0.29 0.36
13 12:19:08 20  704    94  193  101  101   132  261  143  153  0.29 0.26 0.29 0.34
14 12:19:28 20  832    95  195  106  105   127  264  143  154  0.25 0.26 0.26 0.32
;            Ch1    Ch2    Ch3    Ch4      blue   green  brown
;  alpha:   1.053  0.835  1.053  1.155     1.075 -0.000  0.988
; ETRmax:   575.5  672.4  748.7  850.1    1091.0    0.0  683.3
;     Ik:   546.3  804.9  711.2  736.2    1014.8    0.0  692.0
;References: BL_US PMDA0174.REF2 GR_US PMDA0174.REF2 BR_US PMDA0174.REF2

;LTM 40m_11042016

04NOV2016  12:21:59  Gain: 20  Zoff: 144 171 119 120
No   Time    G  PAR    F1   F2   F3   F4   Fm1  Fm2  Fm3  Fm4    Y1   Y2   Y3   Y4
 1 12:22:10 20   64   141  185   94  106   244  292  165  204  0.42 0.37 0.43 0.48

04NOV2016  12:22:14  Gain: 20  Zoff: 144 171 119 120
No   Time    G  PAR    F1   F2   F3   F4   Fm1  Fm2  Fm3  Fm4    Y1   Y2   Y3   Y4
 1 12:22:15 20   64   143  185   96  108   240  284  168  203  0.40 0.35 0.43 0.47
 2 12:22:37 20   16   125  171   86   94   264  303  182  219  0.53 0.44 0.53 0.57
 3 12:22:57 20   64   143  184   96  107   258  300  177  209  0.45 0.39 0.46 0.49
 4 12:23:17 20  128   148  188   99  111   237  281  160  193  0.38 0.33 0.38 0.42
 5 12:23:37 20  192   146  187   99  111   226  279  156  184  0.35 0.33 0.37 0.40
 6 12:23:58 20  256   146  188  100  112   217  268  150  181  0.33 0.30 0.33 0.38
 7 12:24:18 20  320   151  192  103  116   210  266  152  182  0.28 0.28 0.32 0.36
 8 12:24:38 20  384   156  196  107  121   218  267  155  185  0.28 0.27 0.31 0.35
 9 12:24:59 20  448   159  199  110  124   215  264  153  183  0.26 0.25 0.28 0.32
10 12:25:19 20  512   162  201  112  127   210  265  153  181  0.23 0.24 0.27 0.30
11 12:25:39 20  576   163  202  114  128   207  260  150  181  0.21 0.22 0.24 0.29
12 12:25:59 20  640   164  203  116  130   207  257  153  181  0.21 0.21 0.24 0.28
13 12:26:20 20  704   165  204  117  131   207  256  152  179  0.20 0.20 0.23 0.27
14 12:26:40 20  832   167  206  120  135   208  260  152  174  0.20 0.21 0.21 0.22
;            Ch1    Ch2    Ch3    Ch4      blue   green  brown
;  alpha:   1.092  0.944  1.090  1.155     1.048 -0.000  1.061
; ETRmax:   415.4  611.2  673.8  617.3     756.6    0.0  625.3
;     Ik:   380.3  647.7  618.2  534.3     722.1    0.0  589.0
;References: BL_US PMDA0174.REF2 GR_US PMDA0174.REF2 BR_US PMDA0174.REF2

;LTM 60m_11042016

04NOV2016  12:29:45  Gain: 20  Zoff: 144 171 119 120
No   Time    G  PAR    F1   F2   F3   F4   Fm1  Fm2  Fm3  Fm4    Y1   Y2   Y3   Y4
 1 12:29:59 20   64   107  171   77   81   191  276  139  169  0.44 0.38 0.45 0.52

04NOV2016  12:30:04  Gain: 20  Zoff: 144 171 119 120
No   Time    G  PAR    F1   F2   F3   F4   Fm1  Fm2  Fm3  Fm4    Y1   Y2   Y3   Y4
 1 12:30:05 20   64   107  170   78   82   188  265  144  166  0.43 0.36 0.46 0.51
 2 12:30:26 20   16    94  159   70   72   213  275  154  186  0.56 0.42 0.55 0.61
 3 12:30:47 20   64   107  171   77   81   199  278  144  170  0.46 0.38 0.47 0.52
 4 12:31:07 20  128   108  172   79   83   188  268  141  159  0.43 0.36 0.44 0.48
 5 12:31:27 20  192   110  174   81   86   179  268  137  157  0.39 0.35 0.41 0.45
 6 12:31:47 20  256   114  178   85   91   177  265  136  157  0.36 0.33 0.38 0.42
 7 12:32:08 20  320   117  180   88   94   185  266  134  161  0.37 0.32 0.34 0.42
 8 12:32:28 20  384   119  182   90   95   172  258  136  152  0.31 0.29 0.34 0.38
 9 12:32:48 20  448   115  180   89   94   163  253  127  160  0.29 0.29 0.30 0.41
10 12:33:09 20  512   116  182   89   95   169  248  131  148  0.31 0.27 0.32 0.36
11 12:33:29 20  576   118  184   91   97   167  252  130  143  0.29 0.27 0.30 0.32
12 12:33:49 20  640   121  186   94   99   167  251  132  153  0.28 0.26 0.29 0.35
13 12:34:09 20  704   123  187   97  102   163  254  138  150  0.25 0.26 0.30 0.32
14 12:34:30 20  832   127  190  101  107   167  249  134  150  0.24 0.24 0.25 0.29
;            Ch1    Ch2    Ch3    Ch4      blue   green  brown
;  alpha:   1.110  0.905  1.115  1.220     1.137 -0.000  1.044
; ETRmax:   844.9 1051.2  952.6  792.6     676.2    0.0 1026.4
;     Ik:   761.2 1160.9  854.2  649.8     594.9    0.0  982.7
;References: BL_US PMDA0174.REF2 GR_US PMDA0174.REF2 BR_US PMDA0174.REF2

;LTM 80m_11042016

04NOV2016  12:37:01  Gain: 20  Zoff: 144 171 119 120
No   Time    G  PAR    F1   F2   F3   F4   Fm1  Fm2  Fm3  Fm4    Y1   Y2   Y3   Y4
 1 12:37:13 20   64    82   86   42   41   129  128   80   90  0.36 0.33 0.47 0.54

04NOV2016  12:37:18  Gain: 20  Zoff: 144 171 119 120
No   Time    G  PAR    F1   F2   F3   F4   Fm1  Fm2  Fm3  Fm4    Y1   Y2   Y3   Y4
 1 12:37:19 20   64    83   85   44   43   134  126   79   93  0.38 0.33 0.44 0.54
 2 12:37:41 20   16    76   82   40   36   143  128   87   99  0.47 0.36 0.54 0.64
 3 12:38:01 20   64    82   85   42   40   122  126   78   93  0.33 0.33 0.46 0.57
 4 12:38:21 20  128    84   86   45   43   127  124   80   88  0.34 0.31 0.44 0.51
 5 12:38:42 20  192    88   88   47   46   122  125   82   93  0.28 0.30 0.43 0.51
 6 12:39:02 20  256    90   89   50   49   125  125   80   93  0.28 0.29 0.38 0.47
 7 12:39:22 20  320    91   92   50   48   125  115   80   93  0.27 0.20 0.38 0.48
 8 12:39:42 20  384    92   89   52   51   123  122   77   91  0.25 0.27 0.32 0.44
 9 12:40:03 20  448    92   88   54   53   117  117   81   89  0.21 0.25 0.33 0.40
10 12:40:23 20  512    93   88   55   54   122  112   84   93  0.24 0.21 0.35 0.42
11 12:40:43 20  576    94   87   56   56   125  119   86   89  0.25 0.27 0.35 0.37
12 12:41:03 20  640    95   87   57   57   122  115   85   91  0.22 0.24 0.33 0.37
13 12:41:24 20  704    94   86   58   57   118  110   81   86  0.20 0.22 0.28 0.34
14 12:41:44 20  832    95   85   60   59   120  110   80   90  0.21 0.23 0.25 0.34
;            Ch1    Ch2    Ch3    Ch4      blue   green  brown
;  alpha:   0.795  0.728  1.094  1.333     1.506 -0.000  0.759
; ETRmax:   816.3 1142.5  876.4  962.4     692.6    0.0 1006.9
;     Ik:  1027.1 1568.9  801.0  722.0     459.8    0.0 1326.3
;References: BL_US PMDA0174.REF2 GR_US PMDA0174.REF2 BR_US PMDA0174.REF2

;LTM 100m_11042016

04NOV2016  12:44:24  Gain: 20  Zoff: 144 171 119 120
No   Time    G  PAR    F1   F2   F3   F4   Fm1  Fm2  Fm3  Fm4    Y1   Y2   Y3   Y4
 1 12:44:45 20   64    27   32   17   13    60   59   46   50  0.55 0.46 ---- ----

04NOV2016  12:44:51  Gain: 20  Zoff: 144 171 119 120
No   Time    G  PAR    F1   F2   F3   F4   Fm1  Fm2  Fm3  Fm4    Y1   Y2   Y3   Y4
 1 12:44:51 20   64    29   31   19   15    57   59   52   52  0.49 0.47 ---- ----
 2 12:45:13 20   16    26   31   18   13    61   68   43   54  0.57 0.54 ---- ----
 3 12:45:33 20   64    32   35   20   16    63   64   48   56  0.49 0.45 ---- ----
 4 12:45:53 20  128    33   34   21   17    63   63   48   53  0.48 0.46 0.56 ----
 5 12:46:14 20  192    32   33   22   18    58   59   51   57  0.45 0.44 0.57 ----
 6 12:46:34 20  256    33   33   24   19    60   66   49   56  0.45 0.50 0.51 ----
 7 12:46:54 20  320    33   32   25   20    58   61   52   55  0.43 0.48 0.52 ----
 8 12:47:14 20  384    34   31   26   22    63   60   56   54  0.46 0.48 0.54 0.59
 9 12:47:35 20  448    35   31   27   23    63   58   48   57  0.44 0.47 0.44 0.60
10 12:47:55 20  512    36   31   28   24    63   58   48   58  0.43 0.47 0.42 0.59
11 12:48:15 20  576    36   30   29   25    63   58   50   61  0.43 0.48 0.42 0.59
12 12:48:36 20  640    36   29   31   26    56   59   50   61  0.36 0.51 0.38 0.57
13 12:48:56 20  704    36   28   31   28    63   56   54   62  0.43 0.50 0.43 0.55
14 12:49:16 20  832    37   27   34   30    61   48   57   63  0.39 0.44 0.40 0.52
;            Ch1    Ch2    Ch3    Ch4      blue   green  brown
;  alpha:   1.107  0.962  1.433  1.165     1.763  1.965  1.001
; ETRmax:  3532.3  692.3 1724.7  681.7    1894.4  824.6  836.5
;     Ik:  3190.7  719.4 1203.7  585.1    1074.8  419.6  835.8
;References: BL_US PMDA0174.REF2 GR_US PMDA0174.REF2 BR_US PMDA0174.REF2

;LTM 110m_11042016

04NOV2016  12:52:21  Gain: 20  Zoff: 144 171 119 120
No   Time    G  PAR    F1   F2   F3   F4   Fm1  Fm2  Fm3  Fm4    Y1   Y2   Y3   Y4
 1 12:52:34 20   64    59   57   24   19    85   88   48   61  0.31 0.35 0.50 ----

04NOV2016  12:52:40  Gain: 20  Zoff: 144 171 119 120
No   Time    G  PAR    F1   F2   F3   F4   Fm1  Fm2  Fm3  Fm4    Y1   Y2   Y3   Y4
 1 12:52:40 20   64    59   55   26   21    82   82   55   57  0.28 0.33 0.53 0.63
 2 12:53:02 20   16    55   54   23   17    83   88   48   53  0.34 0.39 0.52 ----
 3 12:53:22 20   64    58   56   24   19    88   87   50   54  0.34 0.36 0.52 ----
 4 12:53:43 20  128    60   57   27   21    87   84   53   57  0.31 0.32 0.49 0.63
 5 12:54:03 20  192    62   58   29   24    92   88   56   61  0.33 0.34 0.48 0.61
 6 12:54:23 20  256    64   57   30   26    89   86   53   63  0.28 0.34 0.43 0.59
 7 12:54:43 20  320    63   56   31   27    83   85   56   63  0.24 0.34 0.45 0.57
 8 12:55:04 20  384    66   57   33   29    91   84   58   59  0.27 0.32 0.43 0.51
 9 12:55:24 20  448    67   56   34   30    88   85   58   62  0.24 0.34 0.41 0.52
10 12:55:44 20  512    64   52   34   30    87   75   56   61  0.26 0.31 0.39 0.51
11 12:56:05 20  576    61   49   35   30    81   73   60   59  0.25 0.33 0.42 0.49
12 12:56:25 20  640    60   47   35   30    81   70   57   61  0.26 0.33 0.39 0.51
13 12:56:45 20  704    60   46   36   31    84   67   60   68  0.29 0.31 0.40 0.54
14 12:57:05 20  832    61   45   38   34    84   68   64   65  0.27 0.34 0.41 0.48
;            Ch1    Ch2    Ch3    Ch4      blue   green  brown
;  alpha:   0.680  0.763  1.178  1.460     1.876  4.388  0.805
; ETRmax:  2773.2 1427.7 2359.9 3188.2    2641.9  997.1 1992.2
;     Ik:  4075.9 1871.5 2003.0 2183.6    1407.9  227.2 2475.5
;References: BL_US PMDA0174.REF2 GR_US PMDA0174.REF2 BR_US PMDA0174.REF2

;LTM 120m_11042016

04NOV2016  12:59:59  Gain: 20  Zoff: 144 171 119 120
No   Time    G  PAR    F1   F2   F3   F4   Fm1  Fm2  Fm3  Fm4    Y1   Y2   Y3   Y4
 1 13:00:10 20   64    86   95   41   35   122  136   70   78  0.30 0.30 0.41 0.55

04NOV2016  13:00:17  Gain: 20  Zoff: 144 171 119 120
No   Time    G  PAR    F1   F2   F3   F4   Fm1  Fm2  Fm3  Fm4    Y1   Y2   Y3   Y4
 1 13:00:17 20   64    86   94   42   37   120  132   68   75  0.28 0.29 0.38 0.51
 2 13:00:39 20   16    85   93   41   34   121  136   74   86  0.30 0.32 0.45 0.60
 3 13:00:59 20   64    87   96   42   36   126  135   71   82  0.31 0.29 0.41 0.56
 4 13:01:19 20  128    88   96   43   38   124  133   76   80  0.29 0.28 0.43 0.53
 5 13:01:40 20  192    87   95   44   38   114  132   72   77  0.24 0.28 0.39 0.51
 6 13:02:00 20  256    88   96   46   40   117  132   70   83  0.25 0.27 0.34 0.52
 7 13:02:20 20  320    90   96   48   42   115  131   74   77  0.22 0.27 0.35 0.45
 8 13:02:41 20  384    89   95   49   43   119  127   80   77  0.25 0.25 0.39 0.44
 9 13:03:01 20  448    89   94   50   45   119  127   80   84  0.25 0.26 0.38 0.46
10 13:03:21 20  512    90   94   51   46   114  124   81   79  0.21 0.24 0.37 0.42
11 13:03:41 20  576    90   93   52   47   113  119   74   82  0.20 0.22 0.30 0.43
12 13:04:02 20  640    90   92   53   48   112  126   78   84  0.20 0.27 0.32 0.43
13 13:04:22 20  704    92   92   55   50   117  124   85   80  0.21 0.26 0.35 0.38
14 13:04:42 20  832    94   92   58   54   118  123   84   93  0.20 0.25 0.31 0.42
;            Ch1    Ch2    Ch3    Ch4      blue   green  brown
;  alpha:   0.645  0.641  0.962  1.277     1.590 -0.000  0.719
; ETRmax:  1120.2 1087.4 2113.7 2203.8    2048.1    0.0  992.7
;     Ik:  1737.7 1696.3 2196.5 1726.4    1287.9    0.0 1381.6
;References: BL_US PMDA0174.REF2 GR_US PMDA0174.REF2 BR_US PMDA0174.REF2

;LTM 130m_11042016

04NOV2016  13:07:42  Gain: 20  Zoff: 144 171 119 120
No   Time    G  PAR    F1   F2   F3   F4   Fm1  Fm2  Fm3  Fm4    Y1   Y2   Y3   Y4
 1 13:07:55 20   64   198  203   65   59   226  229   88  100  0.12 0.11 0.26 0.41

04NOV2016  13:08:00  Gain: 20  Zoff: 144 171 119 120
No   Time    G  PAR    F1   F2   F3   F4   Fm1  Fm2  Fm3  Fm4    Y1   Y2   Y3   Y4
 1 13:08:00 20   64   199  203   67   61   227  228   89  100  0.12 0.11 0.25 0.39
 2 13:08:22 20   16   198  203   66   60   231  235   91   99  0.14 0.14 0.27 0.39
 3 13:08:43 20   64   197  203   66   60   226  229   89   97  0.13 0.11 0.26 0.38
 4 13:09:03 20  128   197  202   67   61   223  234   96   93  0.12 0.14 0.30 0.34
 5 13:09:23 20  192   197  201   68   62   223  231   98   96  0.12 0.13 0.31 0.35
 6 13:09:43 20  256   197  199   69   63   220  224   96   97  0.10 0.11 0.28 0.35
 7 13:10:04 20  320   196  197   70   64   216  225   93   95  0.09 0.12 0.25 0.33
 8 13:10:24 20  384   195  196   71   65   218  221   91  100  0.11 0.11 0.22 0.35
 9 13:10:44 20  448   195  194   71   66   220  211  100   99  0.11 0.08 0.29 0.33
10 13:11:04 20  512   194  192   72   67   216  214   94  101  0.10 0.10 0.23 0.34
11 13:11:25 20  576   192  189   73   68   215  216   96  101  0.11 0.13 0.24 0.33
12 13:11:45 20  640   192  187   74   69   211  215   96  101  0.09 0.13 0.23 0.32
13 13:12:05 20  704   192  185   75   70   213  208   95  105  0.10 0.11 0.21 0.33
14 13:12:26 20  832   191  183   77   73   215  204   97  107  0.11 0.10 0.21 0.32
;            Ch1    Ch2    Ch3    Ch4      blue   green  brown
;  alpha:   0.268  0.296  0.748  0.810     3.386 -0.000  0.378
; ETRmax:   952.2  849.2  992.7  939.6    1085.2    0.0  409.3
;     Ik:  3548.7 2873.8 1326.4 1159.5     320.5    0.0 1083.4
;References: BL_US PMDA0174.REF2 GR_US PMDA0174.REF2 BR_US PMDA0174.REF2

;LTM 140m_11042016

04NOV2016  13:15:00  Gain: 20  Zoff: 144 171 119 120
No   Time    G  PAR    F1   F2   F3   F4   Fm1  Fm2  Fm3  Fm4    Y1   Y2   Y3   Y4
 1 13:15:11 20   64   144  152   46   38   172  180   67   72  0.16 0.16 0.31 0.47

04NOV2016  13:15:17  Gain: 20  Zoff: 144 171 119 120
No   Time    G  PAR    F1   F2   F3   F4   Fm1  Fm2  Fm3  Fm4    Y1   Y2   Y3   Y4
 1 13:15:17 20   64   145  151   48   40   161  180   71   73  0.10 0.16 0.32 0.45
 2 13:15:39 20   16   144  152   47   39   172  181   72   70  0.16 0.16 0.35 0.44
 3 13:15:59 20   64   144  151   47   39   167  179   69   77  0.14 0.16 0.32 0.49
 4 13:16:19 20  128   143  150   48   40   165  172   65   74  0.13 0.13 0.26 0.46
 5 13:16:40 20  192   142  148   48   41   167  172   73   77  0.15 0.14 0.34 0.47
 6 13:17:00 20  256   142  146   49   42   167  171   72   78  0.15 0.15 0.32 0.46
 7 13:17:20 20  320   141  144   51   43   166  168   75   77  0.15 0.14 0.32 0.44
 8 13:17:41 20  384   140  141   51   43   159  170   70   76  0.12 0.17 0.27 0.43
 9 13:18:01 20  448   139  139   52   44   161  164   78   75  0.14 0.15 0.33 0.41
10 13:18:21 20  512   138  137   53   45   160  160   80   80  0.14 0.14 0.34 0.44
11 13:18:41 20  576   138  135   54   47   159  163   78   82  0.13 0.17 0.31 0.43
12 13:19:02 20  640   137  132   55   47   158  156   80   81  0.13 0.15 0.31 0.42
13 13:19:22 20  704   136  131   56   48   157  153   76   81  0.13 0.14 0.26 0.41
14 13:19:42 20  832   136  128   58   51   155  142   80   80  0.12 0.10 0.28 0.36
;            Ch1    Ch2    Ch3    Ch4      blue   green  brown
;  alpha:   0.313  0.324  0.718  1.042     2.027 -0.000  0.373
; ETRmax:   264.8  177.0 4213.9  876.9    1371.5    0.0  138.0
;     Ik:   845.9  546.4 5866.7  841.2     676.6    0.0  370.3
;References: BL_US PMDA0174.REF2 GR_US PMDA0174.REF2 BR_US PMDA0174.REF2

;LTM 150m_11042016

04NOV2016  13:21:36  Gain: 20  Zoff: 144 171 119 120
No   Time    G  PAR    F1   F2   F3   F4   Fm1  Fm2  Fm3  Fm4    Y1   Y2   Y3   Y4
 1 13:21:47 20   64   102  106   33   25   126  130   57   57  0.19 0.18 0.42 0.56

04NOV2016  13:21:54  Gain: 20  Zoff: 144 171 119 120
No   Time    G  PAR    F1   F2   F3   F4   Fm1  Fm2  Fm3  Fm4    Y1   Y2   Y3   Y4
 1 13:21:54 20   64   101  104   35   27   125  132   59   61  0.19 0.21 0.41 0.56
 2 13:22:16 20   16    98  103   33   25   121  133   56   57  0.19 0.23 0.41 0.56
 3 13:22:36 20   64    99  103   33   25   128  134   61   59  0.23 0.23 0.46 0.58
 4 13:22:57 20  128   101  103   35   27   118  124   55   60  0.14 0.17 0.36 0.55
 5 13:23:17 20  192    98  100   35   27   123  125   58   62  0.20 0.20 0.40 0.56
 6 13:23:37 20  256    98   98   37   28   123  124   66   60  0.20 0.21 0.44 0.53
 7 13:23:57 20  320    98   97   38   30   119  127   57   61  0.18 0.24 0.33 0.51
 8 13:24:18 20  384    98   96   39   31   120  120   61   67  0.18 0.20 0.36 0.54
 9 13:24:38 20  448    98   94   40   33   127  119   65   64  0.23 0.21 0.38 0.48
10 13:24:58 20  512    99   93   42   34   125  115   64   68  0.21 0.19 0.34 0.50
11 13:25:19 20  576    98   91   42   35   116  116   64   66  0.16 0.22 0.34 0.47
12 13:25:39 20  640    96   88   43   35   119  104   66   70  0.19 0.15 0.35 0.50
13 13:25:59 20  704    95   86   44   37   116  113   64   63  0.18 0.24 0.31 0.41
14 13:26:19 20  832    96   84   46   39   123  101   67   64  0.22 0.17 0.31 0.39
;            Ch1    Ch2    Ch3    Ch4      blue   green  brown
;  alpha:   0.486  0.379  0.868  1.233     3.149 -0.000  0.525
; ETRmax:  1534.4  184.0  621.6  738.1     948.2    0.0  227.6
;     Ik:  3156.1  485.2  716.0  598.4     301.1    0.0  433.6
;References: BL_US PMDA0174.REF2 GR_US PMDA0174.REF2 BR_US PMDA0174.REF2

;LTM 160m_11042016

04NOV2016  13:28:48  Gain: 20  Zoff: 144 171 119 120
No   Time    G  PAR    F1   F2   F3   F4   Fm1  Fm2  Fm3  Fm4    Y1   Y2   Y3   Y4
 1 13:29:03 20   64    78   84   26   17   101  108   51   50  0.23 0.22 0.49 ----

04NOV2016  13:29:08  Gain: 20  Zoff: 144 171 119 120
No   Time    G  PAR    F1   F2   F3   F4   Fm1  Fm2  Fm3  Fm4    Y1   Y2   Y3   Y4
 1 13:29:09 20   64    79   83   28   19   102  107   51   50  0.23 0.22 0.45 ----
 2 13:29:31 20   16    77   84   27   18   100  116   52   54  0.23 0.28 0.48 ----
 3 13:29:51 20   64    77   83   27   17    99  108   53   49  0.22 0.23 0.49 ----
 4 13:30:11 20  128    77   82   27   19   100  106   48   51  0.23 0.23 0.44 ----
 5 13:30:31 20  192    77   81   28   20    98  107   53   50  0.21 0.24 0.47 ----
 6 13:30:52 20  256    77   80   30   21   104  108   54   56  0.26 0.26 0.44 0.63
 7 13:31:12 20  320    78   78   31   22   101   98   51   53  0.23 0.20 0.39 0.58
 8 13:31:32 20  384    78   77   32   24   102  100   57   57  0.24 0.23 0.44 0.58
 9 13:31:53 20  448    78   75   33   25    97  100   54   61  0.20 0.25 0.39 0.59
10 13:32:13 20  512    77   73   34   26    95   97   62   53  0.19 0.25 0.45 0.51
11 13:32:33 20  576    77   72   35   27    99   99   56   56  0.22 0.27 0.38 0.52
12 13:32:53 20  640    77   71   36   28    97   97   58   59  0.21 0.27 0.38 0.53
13 13:33:14 20  704    77   69   38   30   103   91   66   62  0.25 0.24 0.42 0.52
14 13:33:34 20  832    78   67   40   32    98   93   58   63  0.20 0.28 0.31 0.49
;            Ch1    Ch2    Ch3    Ch4      blue   green  brown
;  alpha:   0.526  0.497  0.988  1.360     2.402 -0.000  0.701
; ETRmax:  1114.5  917.0  636.7  870.4    1057.4    0.0  503.3
;     Ik:  2118.2 1844.9  644.4  640.1     440.3    0.0  718.4
;References: BL_US PMDA0174.REF2 GR_US PMDA0174.REF2 BR_US PMDA0174.REF2

;LTM 170m_11042016

04NOV2016  13:38:16  Gain: 20  Zoff: 144 171 119 120
No   Time    G  PAR    F1   F2   F3   F4   Fm1  Fm2  Fm3  Fm4    Y1   Y2   Y3   Y4
 1 13:38:28 20   64    50   56   18    9    78   85   46   45  0.36 0.34 ---- ----

04NOV2016  13:38:35  Gain: 20  Zoff: 144 171 119 120
No   Time    G  PAR    F1   F2   F3   F4   Fm1  Fm2  Fm3  Fm4    Y1   Y2   Y3   Y4
 1 13:38:35 20   64    51   55   20   11    73   88   48   48  0.30 0.38 ---- ----
 2 13:38:57 20   16    50   56   19   10    73   84   46   49  0.32 0.33 ---- ----
 3 13:39:17 20 1715    64   50   11   48    74   78   40   50  0.14 0.36 ---- ----
 4 13:39:37 20  128    51   54   20   11    79   80   44   38  0.35 0.33 ---- ----
 5 13:39:58 20  192    51   54   21   12    73   81   47   41  0.30 0.33 0.55 ----
 6 13:40:18 20  256    52   53   22   13    75   75   48   41  0.31 0.29 0.54 ----
 7 13:40:38 20  320    52   52   24   15    75   76   45   45  0.31 0.32 0.47 ----
 8 13:40:58 20  384    53   52   25   16    79   80   50   56  0.33 0.35 0.50 ----
 9 13:41:19 20  448    54   50   26   18    80   75   52   53  0.33 0.33 0.50 ----
10 13:41:39 20  512    54   50   28   19    76   73   48   52  0.29 0.32 0.42 ----
11 13:41:59 20  576    55   49   29   20    80   74   50   53  0.31 0.34 0.42 ----
12 13:42:20 20  640    55   48   30   22    79   75   47   53  0.30 0.36 0.36 0.58
13 13:42:40 20  704    56   47   31   24    82   73   51   64  0.32 0.36 0.39 0.63
14 13:43:00 20  832    57   46   34   26    82   68   56   56  0.30 0.32 0.39 0.54
;            Ch1    Ch2    Ch3    Ch4      blue   green  brown
;  alpha:   0.686  0.764  1.482  1.662     4.088 -0.000  0.965
; ETRmax:  1290.0 30368.3 1520.9 1211.5    1121.5    0.0 1562.8
;     Ik:  1879.9 39738.9 1026.4  728.9     274.3    0.0 1619.8
;References: BL_US PMDA0174.REF2 GR_US PMDA0174.REF2 BR_US PMDA0174.REF2

;LTM 180m_11042016

04NOV2016  13:45:58  Gain: 20  Zoff: 144 171 119 120
No   Time    G  PAR    F1   F2   F3   F4   Fm1  Fm2  Fm3  Fm4    Y1   Y2   Y3   Y4
 1 13:46:17 20   64    51   57   20   12    78   87   50   49  0.35 0.34 ---- ----

04NOV2016  13:46:24  Gain: 20  Zoff: 144 171 119 120
No   Time    G  PAR    F1   F2   F3   F4   Fm1  Fm2  Fm3  Fm4    Y1   Y2   Y3   Y4
 1 13:46:25 20   64    52   56   22   14    74   79   48   53  0.30 0.29 0.54 ----
 2 13:46:47 20   16    50   56   21   13    75   90   41   48  0.33 0.38 0.49 ----
 3 13:47:07 20   64    51   56   21   13    72   78   46   52  0.29 0.28 0.54 ----
 4 13:47:27 20  128    51   56   22   14    74   86   43   48  0.31 0.35 0.49 ----
 5 13:47:47 20  192    52   55   24   15    76   84   52   50  0.32 0.35 0.54 ----
 6 13:48:08 20  256    52   54   25   16    72   76   48   48  0.28 0.29 0.48 ----
 7 13:48:28 20  320    53   53   26   18    74   76   49   55  0.28 0.30 0.47 ----
 8 13:48:48 20  384    53   52   27   19    77   82   50   54  0.31 0.37 0.46 ----
 9 13:49:09 20  448    54   51   28   21    77   76   52   53  0.30 0.33 0.46 0.60
10 13:49:29 20  512    54   50   30   22    71   75   49   53  0.24 0.33 0.39 0.58
11 13:49:49 20  576    55   50   31   23    77   76   55   55  0.29 0.34 0.44 0.58
12 13:50:09 20  640    55   49   32   25    73   71   49   53  0.25 0.31 0.35 0.53
13 13:50:30 20  704    56   48   34   26    76   71   57   60  0.26 0.32 0.40 0.57
14 13:50:50 20  832    57   46   36   29    84   71   57   55  0.32 0.35 0.37 0.47
;            Ch1    Ch2    Ch3    Ch4      blue   green  brown
;  alpha:   0.689  0.737  1.226  1.834     2.079  2.927  0.868
; ETRmax:  4537.6 200562.8  852.1 1344.6     856.1 1005.4 1876.9
;     Ik:  6586.8 272198.3  694.8  733.0     411.8  343.5 2163.6
;References: BL_US PMDA0174.REF2 GR_US PMDA0174.REF2 BR_US PMDA0174.REF2

;LTM 190m_11042016

04NOV2016  13:53:20  Gain: 20  Zoff: 144 171 119 120
No   Time    G  PAR    F1   F2   F3   F4   Fm1  Fm2  Fm3  Fm4    Y1   Y2   Y3   Y4
 1 13:53:32 20   64    52   60   22   12    83   85   43   49  0.37 0.29 0.49 ----

04NOV2016  13:53:37  Gain: 20  Zoff: 144 171 119 120
No   Time    G  PAR    F1   F2   F3   F4   Fm1  Fm2  Fm3  Fm4    Y1   Y2   Y3   Y4
 1 13:53:38 20   64    53   59   23   14    80   85   53   46  0.34 0.31 0.57 ----
 2 13:53:59 20   16    51   57   20   11    79   86   42   49  0.35 0.34 ---- ----
 3 13:54:20 20   64    51   56   19   11    75   84   40   41  0.32 0.33 ---- ----
 4 13:54:40 20  128    52   56   21   12    76   83   46   45  0.32 0.33 0.54 ----
 5 13:55:00 20  192    53   56   22   14    77   84   46   45  0.31 0.33 0.52 ----
 6 13:55:21 20  256    54   56   24   15    75   81   42   53  0.28 0.31 0.43 ----
 7 13:55:41 20  320    54   55   25   17    77   84   52   50  0.30 0.35 0.52 ----
 8 13:56:01 20  384    54   54   26   18    78   81   51   47  0.31 0.33 0.49 ----
 9 13:56:21 20  448    55   52   27   19    79   73   53   50  0.30 0.29 0.49 ----
10 13:56:42 20  512    55   51   29   20    80   72   51   57  0.31 0.29 0.43 ----
11 13:57:02 20  576    56   51   30   22    76   73   57   54  0.26 0.30 0.47 0.59
12 13:57:22 20  640    56   50   31   23    72   75   51   56  0.22 0.33 0.39 0.59
13 13:57:43 20  704    57   49   32   25    76   70   51   57  0.25 0.30 0.37 0.56
14 13:58:03 20  832    58   47   35   27    79   64   53   58  0.27 0.27 0.34 0.53
;            Ch1    Ch2    Ch3    Ch4      blue   green  brown
;  alpha:   0.745  0.768  1.244  1.615     1.515 -0.000  0.913
; ETRmax:  1198.1 1566.0  707.6 1363.4     546.9    0.0  360.2
;     Ik:  1607.2 2038.8  568.8  844.1     361.1    0.0  394.6
;References: BL_US PMDA0174.REF2 GR_US PMDA0174.REF2 BR_US PMDA0174.REF2

;LTM 200m_11042016

04NOV2016  14:01:10  Gain: 20  Zoff: 144 171 119 120
No   Time    G  PAR    F1   F2   F3   F4   Fm1  Fm2  Fm3  Fm4    Y1   Y2   Y3   Y4
 1 14:01:31 20   64    45   52   19   12    68   84   40   46  0.34 0.38 ---- ----

04NOV2016  14:01:37  Gain: 20  Zoff: 144 171 119 120
No   Time    G  PAR    F1   F2   F3   F4   Fm1  Fm2  Fm3  Fm4    Y1   Y2   Y3   Y4
 1 14:01:37 20   64    46   52   21   13    70   79   48   50  0.34 0.34 0.56 ----
 2 14:01:59 20   16    45   53   20   12    79   84   47   47  0.43 0.37 ---- ----
 3 14:02:19 20   64    46   52   20   12    71   82   43   49  0.35 0.37 ---- ----
 4 14:02:40 20  128    46   52   21   13    68   77   37   42  0.32 0.32 0.43 ----
 5 14:03:00 20  192    47   51   22   15    66   70   48   48  0.29 0.27 0.54 ----
 6 14:03:20 20  256    48   50   24   16    68   78   44   48  0.29 0.36 0.45 ----
 7 14:03:41 20  320    48   50   25   18    68   76   50   55  0.29 0.34 0.50 ----
 8 14:04:01 20  384    49   49   26   19    78   68   50   53  0.37 0.28 0.48 ----
 9 14:04:21 20  448    50   48   28   20    71   73   47   57  0.30 0.34 0.40 ----
10 14:04:41 20  512    50   47   29   22    73   73   48   57  0.32 0.36 0.40 0.61
11 14:05:02 20  576    51   47   30   23    71   67   52   51  0.28 0.30 0.42 0.55
12 14:05:22 20  640    51   46   32   25    77   64   56   58  0.34 0.28 0.43 0.57
13 14:05:42 20  704    52   45   33   26    75   75   55   55  0.31 0.40 0.40 0.53
14 14:06:03 20  832    53   44   36   29    75   67   54   59  0.29 0.34 0.33 0.51
;            Ch1    Ch2    Ch3    Ch4      blue   green  brown
;  alpha:   0.726  0.725  1.204  1.941     1.873 -0.000  0.886
; ETRmax:  1341.1 2792.4  821.6 2241.6     856.6    0.0 1384.8
;     Ik:  1847.2 3850.0  682.2 1154.9     457.2    0.0 1563.1
;References: BL_US PMDA0174.REF2 GR_US PMDA0174.REF2 BR_US PMDA0174.REF2