Gain: 22  Zoff: 116 172 382 84
;LTK 0m_11032016

 2 22:27:59 22   64   247  331  175  191   416  548  304  361  0.41 0.40 0.42 0.47

03NOV2016  22:28:04  Gain: 22  Zoff: 116 172 382 84
No   Time    G  PAR    F1   F2   F3   F4   Fm1  Fm2  Fm3  Fm4    Y1   Y2   Y3   Y4
 1 22:28:04 22    1   249  333  178  194   418  549  304  362  0.40 0.39 0.41 0.46
 2 22:28:26 22   16   247  324  177  195   469  539  337  401  0.47 0.40 0.47 0.51
 3 22:28:46 22   64   242  331  176  191   413  551  318  365  0.41 0.40 0.45 0.48
 4 22:29:06 22  128   248  337  181  197   399  546  294  363  0.38 0.38 0.38 0.46
 5 22:29:27 22  192   246  340  181  197   368  518  290  333  0.33 0.34 0.38 0.41
 6 22:29:47 22  256   252  346  189  205   362  534  291  331  0.30 0.35 0.35 0.38
 7 22:30:07 22  320   255  350  196  213   358  520  298  344  0.29 0.33 0.34 0.38
 8 22:30:28 22  384   264  357  202  221   363  519  284  336  0.27 0.31 0.29 0.34
 9 22:30:48 22  448   260  358  197  217   346  510  268  310  0.25 0.30 0.26 0.30
10 22:31:08 22  512   256  358  196  215   335  509  266  319  0.24 0.30 0.26 0.33
11 22:31:28 22  576   259  359  201  221   333  501  267  324  0.22 0.28 0.25 0.32
12 22:31:49 22  640   262  364  206  226   327  503  274  320  0.20 0.28 0.25 0.29
13 22:32:09 22  704   264  366  208  229   328  485  271  326  0.20 0.25 0.23 0.30
14 22:32:29 22  832   260  368  210  231   289  489  249  326  0.10 0.25 0.16 0.29
;            Ch1    Ch2    Ch3    Ch4      blue   green  brown
;  alpha:   0.696  0.720  0.764  0.921     0.793 -0.000  0.799
; ETRmax:   185.7  322.5  234.7  507.1     279.0    0.0  355.6
;     Ik:   266.7  447.8  307.2  550.7     352.0    0.0  445.3
;References: BL_US PMDA0174.REF2 GR_US PMDA0174.REF2 BR_US PMDA0174.REF2


;LTK 20m_11032016
03NOV2016  22:34:38  Gain: 22  Zoff: 116 172 382 84
No   Time    G  PAR    F1   F2   F3   F4   Fm1  Fm2  Fm3  Fm4    Y1   Y2   Y3   Y4
 1 22:34:50 22   64   214  317  158  173   382  553  288  347  0.44 0.43 0.45 0.50

03NOV2016  22:34:54  Gain: 22  Zoff: 116 172 382 84
No   Time    G  PAR    F1   F2   F3   F4   Fm1  Fm2  Fm3  Fm4    Y1   Y2   Y3   Y4
 1 22:34:54 22    1   219  320  162  178   385  544  286  353  0.43 0.41 0.43 0.50
 2 22:35:16 22   16   199  300  147  160   398  527  291  354  0.50 0.43 0.49 0.55
 3 22:35:36 22   64   215  318  158  175   396  553  292  356  0.46 0.42 0.46 0.51
 4 22:35:56 22  128   206  319  155  170   339  527  277  316  0.39 0.39 0.44 0.46
 5 22:36:17 22  192   214  327  164  180   332  537  285  317  0.36 0.39 0.42 0.43
 6 22:36:37 22  256   214  329  165  180   308  516  252  299  0.31 0.36 0.35 0.40
 7 22:36:57 22  320   206  327  163  177   297  510  237  297  0.31 0.36 0.31 0.40
 8 22:37:18 22  384   211  332  169  183   302  506  244  288  0.30 0.34 0.31 0.36
 9 22:37:38 22  448   216  336  173  189   291  508  252  306  0.26 0.34 0.31 0.38
10 22:37:58 22  512   223  344  180  199   302  504  257  304  0.26 0.32 0.30 0.35
11 22:38:18 22  576   230  350  185  204   300  512  252  308  0.23 0.32 0.27 0.34
12 22:38:39 22  640   226  351  185  202   302  501  248  298  0.25 0.30 0.25 0.32
13 22:38:59 22  704   226  356  185  202   292  507  250  290  0.23 0.30 0.26 0.30
14 22:39:19 22  832   333  466  133  238   267  504  237  293  ---- 0.08 0.44 0.19
;            Ch1    Ch2    Ch3    Ch4      blue   green  brown
;  alpha:   0.794  0.793  0.846  0.922     0.820 -0.000  0.865
; ETRmax:   312.0  240.1 3039.9  329.7     267.7    0.0  410.8
;     Ik:   392.9  302.7 3593.7  357.5     326.3    0.0  475.1
;References: BL_US PMDA0174.REF2 GR_US PMDA0174.REF2 BR_US PMDA0174.REF2

;LTK 40m_11032016

03NOV2016  22:41:34  Gain: 22  Zoff: 116 172 382 84
No   Time    G  PAR    F1   F2   F3   F4   Fm1  Fm2  Fm3  Fm4    Y1   Y2   Y3   Y4
 1 22:41:45 22    1   295  366  191  222   485  570  319  394  0.39 0.36 0.40 0.44

03NOV2016  22:41:50  Gain: 22  Zoff: 116 172 382 84
No   Time    G  PAR    F1   F2   F3   F4   Fm1  Fm2  Fm3  Fm4    Y1   Y2   Y3   Y4
 1 22:41:50 22   64   302  369  196  227   494  562  323  399  0.39 0.34 0.39 0.43
 2 22:42:12 22   16   265  341  174  200   547  604  365  452  0.52 0.44 0.52 0.56
 3 22:42:32 22   64   302  368  197  227   516  575  341  416  0.41 0.36 0.42 0.45
 4 22:42:52 22    1   324  389  215  250   482  574  319  414  0.33 0.32 0.33 0.40
 5 22:43:13 22    1   330  397  218  253   455  559  308  390  0.27 0.29 0.29 0.35
 6 22:43:33 22  256   333  402  221  258   461  550  298  378  0.28 0.27 0.26 0.32
 7 22:43:53 22  320   352  416  236  276   459  565  323  394  0.23 0.26 0.27 0.30
 8 22:44:13 22    1   364  427  246  287   465  554  321  391  0.22 0.23 0.23 0.27
 9 22:44:34 22  448   366  434  248  290   462  555  318  379  0.21 0.22 0.22 0.23
10 22:44:54 22    1   363  435  245  285   442  535  300  376  0.18 0.19 0.18 0.24
11 22:45:14 22    1   367  440  249  290   437  546  303  366  0.16 0.19 0.18 0.21
12 22:45:35 22  640   368  443  252  294   443  539  314  362  0.17 0.18 0.20 0.19
13 22:45:55 22  704   373  447  255  299   446  547  309  372  0.16 0.18 0.17 0.20
14 22:46:15 22    1   383  456  263  308   416  548  289  381  0.08 0.17 0.09 0.19
;            Ch1    Ch2    Ch3    Ch4      blue   green  brown
;  alpha:   0.539  0.567  0.574  0.659     0.609 -0.000  0.602
; ETRmax:   100.2  177.7  116.5  183.4     518.1    0.0  170.1
;     Ik:   185.7  313.2  203.0  278.4     850.9    0.0  282.5
;References: BL_US PMDA0174.REF2 GR_US PMDA0174.REF2 BR_US PMDA0174.REF2


Gain: 22  Zoff: 152 211 400 99
;LTK 0m_11032016

03NOV2016  22:57:02  Gain: 22  Zoff: 152 211 400 99
No   Time    G  PAR    F1   F2   F3   F4   Fm1  Fm2  Fm3  Fm4    Y1   Y2   Y3   Y4
 1 22:57:02 22    1   196  292  151  165   364  489  280  339  0.46 0.40 0.46 0.51

03NOV2016  22:57:06  Gain: 22  Zoff: 152 211 400 99
No   Time    G  PAR    F1   F2   F3   F4   Fm1  Fm2  Fm3  Fm4    Y1   Y2   Y3   Y4
 1 22:57:07 22   64   198  293  153  167   339  486  279  323  0.42 0.40 0.45 0.48
 2 22:57:28 22   16   179  271  140  152   351  445  273  324  0.49 0.39 0.49 0.53
 3 22:57:49 22   64   188  287  148  161   359  493  282  338  0.48 0.42 0.48 0.52
 4 22:58:09 22  128   195  296  155  168   337  499  277  333  0.42 0.41 0.44 0.50
 5 22:58:29 22  192   197  298  159  173   317  473  252  308  0.38 0.37 0.37 0.44
 6 22:58:50 22  256   194  298  160  174   295  473  247  295  0.34 0.37 0.35 0.41
 7 22:59:10 22  320   199  302  163  178   296  469  247  288  0.33 0.36 0.34 0.38
 8 22:59:30 22  384   206  309  168  184   290  469  238  289  0.29 0.34 0.29 0.36
 9 22:59:50 22  448   208  314  171  187   288  459  245  285  0.28 0.32 0.30 0.34
10 23:00:11 22  512   208  316  172  188   290  455  248  284  0.28 0.31 0.31 0.34
11 23:00:31 22  576   210  320  176  192   280  466  241  292  0.25 0.31 0.27 0.34
12 23:00:51 22    1   211  324  180  196   278  467  236  285  0.24 0.31 0.24 0.31
13 23:01:11 22   94   214  328  183  201   277  453  253  280  0.23 0.28 0.28 0.28
14 23:01:32 22  832   213  329  186  204   242  446  234  294  0.12 0.26 0.21 0.31
;            Ch1    Ch2    Ch3    Ch4      blue   green  brown
;  alpha:   0.649  0.752  0.740  0.845     0.764 -0.000  0.640
; ETRmax:   189.5 4791.9  239.3  285.2     237.9    0.0  200.7
;     Ik:   291.8 6371.5  323.5  337.4     311.2    0.0  313.3
;References: BL_US PMDA0174.REF2 GR_US PMDA0174.REF2 BR_US PMDA0174.REF2

;LTK 20m_11032016

03NOV2016  23:03:49  Gain: 22  Zoff: 152 211 400 99
No   Time    G  PAR    F1   F2   F3   F4   Fm1  Fm2  Fm3  Fm4    Y1   Y2   Y3   Y4
 1 23:04:00 22   64   197  299  159  174   368  532  305  366  0.46 0.44 0.48 0.52

03NOV2016  23:04:05  Gain: 22  Zoff: 152 211 400 99
No   Time    G  PAR    F1   F2   F3   F4   Fm1  Fm2  Fm3  Fm4    Y1   Y2   Y3   Y4
 1 23:04:05 22   64   200  300  164  179   263  247  642  439  0.24 ---- 0.74 0.59
 2 23:04:27 22   16   188  282  153  166   410  529  322  384  0.54 0.47 0.52 0.57
 3 23:04:47 22   64   192  296  158  173   368  546  302  364  0.48 0.46 0.48 0.52
 4 23:05:07 22  128   197  304  167  183   329  548  305  344  0.40 0.45 0.45 0.47
 5 23:05:28 22  192   202  310  173  189   324  536  276  336  0.38 0.42 0.37 0.44
 6 23:05:48 22  256   192  308  170  184   294  498  264  306  0.35 0.38 0.36 0.40
 7 23:06:08 22  320   200  315  177  192   305  512  266  313  0.34 0.38 0.33 0.39
 8 23:06:29 22  384   204  319  179  196   299  501  268  310  0.32 0.36 0.33 0.37
 9 23:06:49 22  448   205  324  182  200   297  503  257  311  0.31 0.36 0.29 0.36
10 23:07:09 22  512   204  327  186  202   292  507  265  297  0.30 0.36 0.30 0.32
11 23:07:29 22  576   208  334  194  211   274  500  276  312  0.24 0.33 0.30 0.32
12 23:07:50 22    1   210  338  198  215   283  491  262  306  0.26 0.31 0.24 0.30
13 23:08:10 22  704   206  338  194  212   270  494  256  301  0.24 0.32 0.24 0.30
14 23:08:30 22  832   205  342  193  211   232  470  245  299  0.12 0.27 0.21 0.29
;            Ch1    Ch2    Ch3    Ch4      blue   green  brown
;  alpha:   0.756  0.931  1.072  1.103     0.898 -0.000  0.978
; ETRmax:   204.7  457.0  346.9  487.9     391.3    0.0  401.8
;     Ik:   270.7  491.0  323.4  442.3     435.8    0.0  410.9
;References: BL_US PMDA0174.REF2 GR_US PMDA0174.REF2 BR_US PMDA0174.REF2

;LTK 40m_11032016

03NOV2016  23:11:08  Gain: 22  Zoff: 152 211 400 99
No   Time    G  PAR    F1   F2   F3   F4   Fm1  Fm2  Fm3  Fm4    Y1   Y2   Y3   Y4
 1 23:11:19 22   64   328  367  225  261   527  576  366  448  0.38 0.36 0.39 0.42

03NOV2016  23:11:23  Gain: 22  Zoff: 152 211 400 99
No   Time    G  PAR    F1   F2   F3   F4   Fm1  Fm2  Fm3  Fm4    Y1   Y2   Y3   Y4
 1 23:11:23 22    1   321  364  222  257   612  442  402  349  0.48 0.18 0.45 0.26
 2 23:11:45 22   16   240  307  170  195   545  589  375  466  0.56 0.48 0.55 0.58
 3 23:12:05 22   64   288  341  201  232   505  575  356  425  0.43 0.41 0.44 0.45
 4 23:12:25 22  128   307  360  215  249   482  552  344  409  0.36 0.35 0.38 0.39
 5 23:12:46 22  192   305  356  216  248   436  518  308  393  0.30 0.31 0.30 0.37
 6 23:13:06 22  256   303  358  213  246   429  513  294  367  0.29 0.30 0.28 0.33
 7 23:13:26 22    1   307  367  216  250   417  522  301  358  0.26 0.30 0.28 0.30
 8 23:13:46 22  384   314  372  223  257   427  501  304  369  0.26 0.26 0.27 0.30
 9 23:14:07 22  448   333  385  238  275   436  512  314  392  0.24 0.25 0.24 0.30
10 23:14:27 22    1   338  391  245  283   424  503  310  387  0.20 0.22 0.21 0.27
11 23:14:47 22  576   339  392  245  284   422  506  310  373  0.20 0.23 0.21 0.24
12 23:15:08 22    1   335  392  244  282   416  499  309  366  0.19 0.21 0.21 0.23
13 23:15:28 22  704   329  390  242  279   396  491  290  352  0.17 0.21 0.17 0.21
14 23:15:48 22  832   330  392  245  282   369  471  283  353  0.11 0.17 0.13 0.20
;            Ch1    Ch2    Ch3    Ch4      blue   green  brown
;  alpha:   0.649  0.757  0.668  0.738     0.709 -0.000  0.695
; ETRmax:   165.9  764.9  186.9  237.0     192.7    0.0  202.1
;     Ik:   255.6 1010.8  279.7  321.1     271.8    0.0  290.8
;References: BL_US PMDA0174.REF2 GR_US PMDA0174.REF2 BR_US PMDA0174.REF2

;LTK 60m_11032016

03NOV2016  23:17:24  Gain: 22  Zoff: 152 211 400 99
No   Time    G  PAR    F1   F2   F3   F4   Fm1  Fm2  Fm3  Fm4    Y1   Y2   Y3   Y4
 1 23:17:35 22    1   211  325  157  181   351  530  267  339  0.40 0.39 0.41 0.47

03NOV2016  23:17:39  Gain: 22  Zoff: 152 211 400 99
No   Time    G  PAR    F1   F2   F3   F4   Fm1  Fm2  Fm3  Fm4    Y1   Y2   Y3   Y4
 1 23:17:39 22    1   210  325  157  182   215  215  626  426  ---- ---- 0.75 0.57
 2 23:18:01 22   16   189  301  145  164   462  562  328  402  0.59 0.46 0.56 0.59
 3 23:18:21 22   64   212  323  159  182   364  517  269  331  0.42 0.38 0.41 0.45
 4 23:18:41 22  128   207  326  156  178   343  519  247  316  0.40 0.37 0.37 0.44
 5 23:19:01 22  192   224  339  170  195   355  513  262  332  0.37 0.34 0.35 0.41
 6 23:19:22 22  256   231  344  177  202   340  513  266  331  0.32 0.33 0.33 0.39
 7 23:19:42 22  320   229  348  178  204   334  513  257  319  0.31 0.32 0.31 0.36
 8 23:20:02 22  384   231  352  179  204   319  498  246  298  0.28 0.29 0.27 0.32
 9 23:20:23 22  448   238  360  183  210   326  509  269  309  0.27 0.29 0.32 0.32
10 23:20:43 22    1   247  364  189  241   336  504  264  324  0.26 0.28 0.28 0.26
11 23:21:03 22  576   252  373  196  227   321  495  254  314  0.21 0.25 0.23 0.28
12 23:21:23 22  640   253  376  199  229   325  501  257  321  0.22 0.25 0.23 0.29
13 23:21:44 22  704   254  378  200  230   328  497  257  324  0.23 0.24 0.22 0.29
14 23:22:04 22  832   257  384  204  234   292  485  246  316  0.12 0.21 0.17 0.26
;            Ch1    Ch2    Ch3    Ch4      blue   green  brown
;  alpha:   0.924  0.821  1.120  0.851     0.870 -0.000  0.922
; ETRmax:   302.7  397.4  594.4  367.8     713.2    0.0  378.0
;     Ik:   327.7  484.2  530.5  432.0     820.0    0.0  410.1
;References: BL_US PMDA0174.REF2 GR_US PMDA0174.REF2 BR_US PMDA0174.REF2

;LTK 80m_11032016

03NOV2016  23:23:54  Gain: 22  Zoff: 152 211 400 99
No   Time    G  PAR    F1   F2   F3   F4   Fm1  Fm2  Fm3  Fm4    Y1   Y2   Y3   Y4
 1 23:24:05 22    1   188  166   99  114   297  264  176  224  0.37 0.37 0.44 0.49

03NOV2016  23:24:09  Gain: 22  Zoff: 152 211 400 99
No   Time    G  PAR    F1   F2   F3   F4   Fm1  Fm2  Fm3  Fm4    Y1   Y2   Y3   Y4
 1 23:24:09 22   64   192  168  104  120   292  245  179  231  0.34 0.31 0.42 0.48
 2 23:24:31 22   16   156  144   86   96   315  272  195  243  0.50 0.47 0.56 0.60
 3 23:24:51 22   64   180  159   97  111   272  244  158  201  0.34 0.35 0.39 0.45
 4 23:25:12 22    1   188  166  102  118   262  240  164  194  0.28 0.31 0.38 0.39
 5 23:25:32 22  192   188  164  106  120   246  231  149  193  0.24 0.29 0.29 0.38
 6 23:25:52 22  256   189  163  109  123   250  218  162  193  0.24 0.25 0.33 0.36
 7 23:26:12 22  320   205  170  119  136   277  217  163  208  0.26 0.22 0.27 0.35
 8 23:26:33 22    1   198  163  114  130   236  206  145  185  0.16 0.21 0.21 0.30
 9 23:26:53 22  448   194  163  113  129   232  213  159  189  0.16 0.23 0.29 0.32
10 23:27:13 22  512   198  165  117  134   232  216  147  189  0.15 0.24 0.20 0.29
11 23:27:34 22    1   203  168  122  140   250  214  155  196  0.19 0.21 0.21 0.29
12 23:27:54 22  640   211  172  127  147   256  224  160  204  0.18 0.23 0.21 0.28
13 23:28:14 22  704   207  168  126  145   246  209  155  189  0.16 0.20 0.19 0.23
14 23:28:34 22  832   199  161  126  144   219  204  150  191  0.09 0.21 0.16 0.25
;            Ch1    Ch2    Ch3    Ch4      blue   green  brown
;  alpha:   0.502  0.608  0.674  0.782     0.775  8.852  0.606
; ETRmax:   120.0  391.4  728.7  295.3     430.1  559.4 1134.0
;     Ik:   239.2  643.2 1081.1  377.4     554.8   63.2 1871.9
;References: BL_US PMDA0174.REF2 GR_US PMDA0174.REF2 BR_US PMDA0174.REF2

;LTK 100m_11032016

03NOV2016  23:31:32  Gain: 22  Zoff: 152 211 400 99
No   Time    G  PAR    F1   F2   F3   F4   Fm1  Fm2  Fm3  Fm4    Y1   Y2   Y3   Y4
 1 23:31:43 22   64    50   46   40   48    90   96   78  107  0.44 0.52 0.49 0.55

03NOV2016  23:31:50  Gain: 22  Zoff: 152 211 400 99
No   Time    G  PAR    F1   F2   F3   F4   Fm1  Fm2  Fm3  Fm4    Y1   Y2   Y3   Y4
 1 23:31:51 22    1    48   43   41   49    18  -19  192  145  ---- ---- 0.79 0.66
 2 23:32:12 22   16    35   35   35   42    84   86   73  114  0.58 0.59 0.52 0.63
 3 23:32:32 22   64    51   48   42   51    91  104   74  113  0.44 0.54 0.43 0.55
 4 23:32:53 22  128    49   47   42   52    94   91   79  106  0.48 0.48 0.47 0.51
 5 23:33:13 22  192    53   46   47   56    82   86   72  117  0.35 0.47 0.35 0.52
 6 23:33:33 22  256    54   45   48   57    95   93   70  103  0.43 0.52 0.31 0.45
 7 23:33:54 22  320    55   44   49   59    87   82   87  113  0.37 0.46 0.44 0.48
 8 23:34:14 22    1    52   39   50   60    81   80   78  111  0.36 0.51 0.36 0.46
 9 23:34:34 22  448    57   40   54   64    93   72   81  110  0.39 0.44 0.33 0.42
10 23:34:54 22  512    54   39   53   63    76   79   86  117  0.29 0.51 0.38 0.46
11 23:35:15 22    1    52   37   53   64    76   81   74  109  0.32 0.54 0.28 0.41
12 23:35:35 22  640    58   40   58   69    94   76   81  112  0.38 0.47 0.28 0.38
13 23:35:55 22  704    64   42   62   73    87   78   72  128  0.26 0.46 0.14 0.43
14 23:36:15 22    1    65   39   64   76    79   69   82  125  0.18 0.43 0.22 0.39
;            Ch1    Ch2    Ch3    Ch4      blue   green  brown
;  alpha:   0.985  1.143  1.056  1.196     0.909  1.502  1.520
; ETRmax:   336.6 6663.0  361.7 1078.2     326.6  733.8 7141.5
;     Ik:   341.6 5827.6  342.6  901.6     359.1  488.5 4697.5
;References: BL_US PMDA0174.REF2 GR_US PMDA0174.REF2 BR_US PMDA0174.REF2

;LTK 110m_11032016

03NOV2016  23:38:28  Gain: 22  Zoff: 152 211 400 99
No   Time    G  PAR    F1   F2   F3   F4   Fm1  Fm2  Fm3  Fm4    Y1   Y2   Y3   Y4
 1 23:38:40 22   64    96   81   40   45   135  130   67  112  0.29 0.38 0.40 0.60

03NOV2016  23:38:45  Gain: 22  Zoff: 152 211 400 99
No   Time    G  PAR    F1   F2   F3   F4   Fm1  Fm2  Fm3  Fm4    Y1   Y2   Y3   Y4
 1 23:38:46 22   94    99   82   43   49    27  -15  235  199  ---- ---- 0.82 0.75
 2 23:39:07 22    1    87   73   38   41   118  107   71   97  0.26 0.32 0.46 0.58
 3 23:39:28 22   64    92   77   33   45   118  121   67   96  0.22 0.36 0.51 0.53
 4 23:39:48 22  128    91   74   39   44   114  108   72   98  0.20 0.31 0.46 0.55
 5 23:40:08 22  192    92   76   43   48   123  118   70  100  0.25 0.36 0.39 0.52
 6 23:40:29 22  256    94   74   46   51   131  109   77  106  0.28 0.32 0.40 0.52
 7 23:40:49 22  320    95   72   47   52   125  104   68  102  0.24 0.31 0.31 0.49
 8 23:41:09 22  384    97   71   49   55   113  100   82  117  0.14 0.29 0.40 0.53
 9 23:41:29 22  448    92   65   48   54   113  101   73   94  0.19 0.36 0.34 0.43
10 23:41:50 22  512    89   63   49   54   118  106   73  102  0.25 0.41 0.33 0.47
11 23:42:10 22  576    96   67   53   60   115  103   82  108  0.17 0.35 0.35 0.44
12 23:42:30 22  640    95   66   54   61   116  106   73  108  0.18 0.38 0.26 0.44
13 23:42:50 22    1    94   65   55   62   117   97   88  103  0.20 0.33 0.38 0.40
14 23:43:11 22  832    96   62   59   66   119   90   84  108  0.19 0.31 0.30 0.39
;            Ch1    Ch2    Ch3    Ch4      blue   green  brown
;  alpha:   0.505  0.701  1.117  1.242     1.455 -0.000  0.666
; ETRmax:   226.2 1174.8  595.3  619.7    1479.4    0.0 553103.7
;     Ik:   447.8 1675.0  532.8  498.9    1017.0    0.0 830372.7
;References: BL_US PMDA0174.REF2 GR_US PMDA0174.REF2 BR_US PMDA0174.REF2

;LTK 120m_11032016

03NOV2016  23:45:12  Gain: 22  Zoff: 152 211 400 99
No   Time    G  PAR    F1   F2   F3   F4   Fm1  Fm2  Fm3  Fm4    Y1   Y2   Y3   Y4
 1 23:45:23 22   64   391  396  122  126   419  435  148  181  0.07 0.09 0.18 0.30

03NOV2016  23:45:26  Gain: 22  Zoff: 152 211 400 99
No   Time    G  PAR    F1   F2   F3   F4   Fm1  Fm2  Fm3  Fm4    Y1   Y2   Y3   Y4
 1 23:45:27 22    1   392  396  124  128   422  427  159  179  0.07 0.07 0.22 0.28
 2 23:45:48 22   16   390  395  124  127   427  434  151  177  0.09 0.09 0.18 0.28
 3 23:46:09 22   64   388  392  123  126   407  428  149  183  0.05 0.08 0.17 0.31
 4 23:46:29 22  128   388  389  125  135   421  421  163  190  0.08 0.08 0.23 0.29
 5 23:46:49 22  192   384  385  126  129   409  418  150  186  0.06 0.08 0.16 0.31
 6 23:47:09 22  256   380  379  127  130   401  418  152  175  0.05 0.09 0.16 0.26
 7 23:47:30 22  320   377  374  128  131   403  408  146  190  0.06 0.08 0.12 0.31
 8 23:47:50 22  384   375  370  128  132   402  402  150  178  0.07 0.08 0.15 0.26
 9 23:48:10 22  448   373  366  129  134   393  396  153  179  0.05 0.08 0.16 0.25
10 23:48:31 22  512   370  361  130  134   390  398  153  176  0.05 0.09 0.15 0.24
11 23:48:51 22  576   367  357  131  136   392  387  159  182  0.06 0.08 0.18 0.25
12 23:49:11 22  640   366  354  132  137   387  391  162  187  0.05 0.09 0.19 0.27
13 23:49:31 22  704   363  350  132  138   381  399  150  174  0.05 0.12 0.12 0.21
14 23:49:52 22  832   361  344  134  141   369  362  155  188  ---- 0.05 0.14 0.25
;            Ch1    Ch2    Ch3    Ch4      blue   green  brown
;  alpha:   0.158  0.187  0.297  0.703    -0.000 -0.000  0.251
; ETRmax:   101.9  814.6  169.5 1612.1       0.0    0.0  272.0
;     Ik:   644.7 4350.3  570.1 2294.1       0.0    0.0 1082.5
;References: BL_US PMDA0174.REF2 GR_US PMDA0174.REF2 BR_US PMDA0174.REF2

;LTK 130m_11032016

03NOV2016  23:53:07  Gain: 22  Zoff: 152 211 400 99
No   Time    G  PAR    F1   F2   F3   F4   Fm1  Fm2  Fm3  Fm4    Y1   Y2   Y3   Y4
 1 23:53:19 22   64   402  407  132  135   435  444  171  195  0.08 0.08 0.23 0.31

03NOV2016  23:53:26  Gain: 22  Zoff: 152 211 400 99
No   Time    G  PAR    F1   F2   F3   F4   Fm1  Fm2  Fm3  Fm4    Y1   Y2   Y3   Y4
 1 23:53:26 22   64   403  405  135  138   432  432  162  184  0.07 0.06 0.17 0.25
 2 23:53:48 22   16   400  406  133  135   435  445  164  198  0.08 0.09 0.19 0.32
 3 23:54:08 22   64   398  402  132  135   436  448  159  196  0.09 0.10 0.17 0.31
 4 23:54:28 22    1   398  400  134  137   419  434  171  200  0.05 0.08 0.22 0.32
 5 23:54:49 22  192   398  397  137  141   425  435  169  203  0.06 0.09 0.19 0.31
 6 23:55:09 22  256   394  391  139  142   411  428  168  190  0.04 0.09 0.17 0.25
 7 23:55:29 22  320   392  387  140  144   418  409  168  195  0.06 0.05 0.17 0.26
 8 23:55:49 22  384   389  382  141  145   418  424  170  194  0.07 0.10 0.17 0.25
 9 23:56:10 22    1   388  379  141  151   412  415  167  195  0.06 0.09 0.16 0.23
10 23:56:30 22  512   385  374  141  149   412  415  167  192  0.07 0.10 0.16 0.22
11 23:56:50 22    1   382  371  142  148   412  401  167  191  0.07 0.07 0.15 0.23
12 23:57:11 22  640   380  366  144  150   411  393  174  195  0.08 0.07 0.17 0.23
13 23:57:31 22  704   375  360  144  150   401  392  166  201  0.06 0.08 0.13 0.25
14 23:57:51 22  832   370  352  144  150   379  370  163  197  0.02 0.05 0.12 0.24
;            Ch1    Ch2    Ch3    Ch4      blue   green  brown
;  alpha:   0.154  0.183  0.388  0.594     0.887 -0.000  0.233
; ETRmax:    98.7   96.3  194.6  889.5    2498.7    0.0   81.5
;     Ik:   642.1  525.3  501.8 1496.4    2816.0    0.0  349.8
;References: BL_US PMDA0174.REF2 GR_US PMDA0174.REF2 BR_US PMDA0174.REF2

;LTK 140m_11032016

03NOV2016  23:59:43  Gain: 22  Zoff: 152 211 400 99
No   Time    G  PAR    F1   F2   F3   F4   Fm1  Fm2  Fm3  Fm4    Y1   Y2   Y3   Y4
 1 23:59:54 22    1   289  296   88   89   312  335  112  149  0.07 0.12 0.21 0.40

03NOV2016  23:59:57  Gain: 22  Zoff: 152 211 400 99
No   Time    G  PAR    F1   F2   F3   F4   Fm1  Fm2  Fm3  Fm4    Y1   Y2   Y3   Y4
 1 23:59:58 22    1   289  295   90   91   392  261  136  129  0.26 ---- 0.34 0.29
 2 00:00:20 22   16   287  295   89   90   316  327  120  146  0.09 0.10 0.26 0.38
 3 00:00:40 22   64   288  295   90   91   317  333  117  142  0.09 0.11 0.23 0.36
 4 00:01:00 22  128   285  289   91   93   311  323  125  141  0.08 0.11 0.27 0.34
 5 00:01:20 22  192   262  257   62   79   314  325  122  134  0.17 0.21 0.49 0.41
 6 00:01:41 22  256   278  277   93   96   309  310  117  145  0.10 0.11 0.21 0.34
 7 00:02:01 22  320   274  272   94   96   298  300  126  149  0.08 0.09 0.25 0.36
 8 00:02:21 22  384   272  269   95   97   295  296  117  145  0.08 0.09 0.19 0.33
 9 00:02:42 22  448   269  264   96   99   291  297  120  138  0.08 0.11 0.20 0.28
10 00:03:02 22    1   266  261   97  101   293  295  132  154  0.09 0.12 0.27 0.34
11 00:03:22 22  576   265  257   99  102   300  287  132  157  0.12 0.10 0.25 0.35
12 00:03:42 22    1   261  251   98  103   294  292  114  148  0.11 0.14 0.14 0.30
13 00:04:03 22  704   257  246   98  103   282  269  117  148  0.09 0.09 0.16 0.30
14 00:04:23 22  832   254  240  100  106   262  261  122  168  ---- 0.08 0.18 0.37
;            Ch1    Ch2    Ch3    Ch4      blue   green  brown
;  alpha:   0.148  0.264  0.611  0.795     1.277 -0.000  0.278
; ETRmax:   558.8  191.1 1140.6  698.2     713.9    0.0 64031.7
;     Ik:  3780.8  723.5 1867.8  878.5     559.1    0.0 230738.1
;References: BL_US PMDA0174.REF2 GR_US PMDA0174.REF2 BR_US PMDA0174.REF2


;LTK 150m_11032016
04NOV2016  00:07:29  Gain: 22  Zoff: 152 211 400 99
No   Time    G  PAR    F1   F2   F3   F4   Fm1  Fm2  Fm3  Fm4    Y1   Y2   Y3   Y4
 1 00:07:48 22    1   189  189   58   58   213  230   97  104  0.11 0.18 0.40 0.44

04NOV2016  00:07:53  Gain: 22  Zoff: 152 211 400 99
No   Time    G  PAR    F1   F2   F3   F4   Fm1  Fm2  Fm3  Fm4    Y1   Y2   Y3   Y4
 1 00:07:53 22    1   189  187   60   59   280  161  114  104  0.33 ---- 0.47 0.43
 2 00:08:15 22   16   186  187   59   59   214  230   88  112  0.13 0.19 0.33 0.47
 3 00:08:35 22    1   188  187   60   60   224  217   95  120  0.16 0.14 0.37 0.50
 4 00:08:56 22  128   188  184   61   61   215  219   91  116  0.13 0.16 0.33 0.47
 5 00:09:16 22  192   182  179   61   61   211  209   86  109  0.14 0.14 0.29 0.44
 6 00:09:36 22  256   178  174   63   62   202  198   95  120  0.12 0.12 0.34 0.48
 7 00:09:56 22  320   175  169   63   63   207  199   84  116  0.15 0.15 0.25 0.46
 8 00:10:17 22  384   173  162   63   63   198  204   99  117  0.13 0.21 0.36 0.46
 9 00:10:37 22    1   169  156   64   64   197  183   81  116  0.14 0.15 0.21 0.45
10 00:10:57 22  512   165  150   64   65   183  181   83  115  0.10 0.17 0.23 0.43
11 00:11:17 22  576   163  146   65   67   189  171   90  114  0.14 0.15 0.28 0.41
12 00:11:38 22    1   160  142   65   67   193  166   88  122  0.17 0.14 0.26 0.45
13 00:11:58 22  704   157  138   66   68   177  160   89  116  0.11 0.14 0.26 0.41
14 00:12:18 22  832   153  138   68   70   168  169   85  117  0.09 0.18 0.20 0.40
;            Ch1    Ch2    Ch3    Ch4      blue   green  brown
;  alpha:   0.371  0.349  0.731  1.020     1.444 -0.000  0.365
; ETRmax:   233.3 627087.6  414.0 2441.1    1456.7    0.0  275.0
;     Ik:   628.7 1795746.  566.0 2392.3    1009.2    0.0  752.8
;References: BL_US PMDA0174.REF2 GR_US PMDA0174.REF2 BR_US PMDA0174.REF2

;LTK 160m_11032016

04NOV2016  00:14:39  Gain: 22  Zoff: 152 211 400 99
No   Time    G  PAR    F1   F2   F3   F4   Fm1  Fm2  Fm3  Fm4    Y1   Y2   Y3   Y4
 1 00:14:50 22   64   169  171   50   48   196  206   87  108  0.14 0.17 0.43 0.56

04NOV2016  00:14:56  Gain: 22  Zoff: 152 211 400 99
No   Time    G  PAR    F1   F2   F3   F4   Fm1  Fm2  Fm3  Fm4    Y1   Y2   Y3   Y4
 1 00:14:56 22   64   169  169   52   51   201  208   79   91  0.16 0.19 0.34 0.44
 2 00:15:18 22    1   166  168   49   47   195  196   80   99  0.15 0.14 0.39 0.53
 3 00:15:38 22   64   163  165   48   45   184  203   82   97  0.11 0.19 0.41 0.54
 4 00:15:59 22   94   163  163   49   48   193  196   65  101  0.16 0.17 0.25 0.52
 5 00:16:19 22  192   163  160   53   51   189  191   83   96  0.14 0.16 0.36 0.47
 6 00:16:39 22  256   162  156   54   52   186  178   76  106  0.13 0.12 0.29 0.51
 7 00:17:00 22  320   160  152   55   54   190  184   82  102  0.16 0.17 0.33 0.47
 8 00:17:20 22  384   158  148   56   54   197  189   81   90  0.20 0.22 0.31 0.40
 9 00:17:40 22  448   157  145   56   56   181  176   84   99  0.13 0.18 0.33 0.43
10 00:18:00 22  512   155  142   58   58   176  176   73  105  0.12 0.19 0.21 0.45
11 00:18:21 22  576   154  139   59   59   182  174   83  104  0.15 0.20 0.29 0.43
12 00:18:41 22    1   154  136   60   60   186  162   85  100  0.17 0.16 0.29 0.40
13 00:19:01 22  704   151  133   61   61   173  163   78  108  0.13 0.18 0.22 0.44
14 00:19:21 22  832   150  129   63   64   161  164   91  114  0.07 0.21 0.31 0.44
;            Ch1    Ch2    Ch3    Ch4      blue   green  brown
;  alpha:   0.293  0.384  0.636  1.069     1.369 -0.000  0.378
; ETRmax:   106.2 865194.6  566.6 1140.5    1301.2    0.0  123.1
;     Ik:   362.2 2253443.  891.5 1067.2     950.2    0.0  325.2
;References: BL_US PMDA0174.REF2 GR_US PMDA0174.REF2 BR_US PMDA0174.REF2

;LTK 170m_11032016

04NOV2016  00:21:41  Gain: 22  Zoff: 152 211 400 99
No   Time    G  PAR    F1   F2   F3   F4   Fm1  Fm2  Fm3  Fm4    Y1   Y2   Y3   Y4
 1 00:21:52 22   64    82   78   19   16   112  120   47   76  0.27 0.35 ---- ----

04NOV2016  00:21:58  Gain: 22  Zoff: 152 211 400 99
No   Time    G  PAR    F1   F2   F3   F4   Fm1  Fm2  Fm3  Fm4    Y1   Y2   Y3   Y4
 1 00:21:58 22   64    83   77   21   18   116  113   41   72  0.28 0.32 0.49 ----
 2 00:22:20 22   16    84   79   21   18   111  119   53   71  0.24 0.34 0.60 ----
 3 00:22:40 22    1    84   80   21   18   114  117   46   63  0.26 0.32 0.54 ----
 4 00:23:00 22  128    85   79   23   20   112  117   44   67  0.24 0.32 0.48 ----
 5 00:23:20 22  192    85   77   24   22   118  114   54   74  0.28 0.32 0.56 0.70
 6 00:23:41 22  256    87   76   27   25   115  110   51   78  0.24 0.31 0.47 0.68
 7 00:24:01 22    1    86   74   28   27   102  116   58   85  0.16 0.36 0.52 0.68
 8 00:24:21 22    1    87   73   31   29   109  107   59   77  0.20 0.32 0.47 0.62
 9 00:24:42 22  448    89   72   32   31   110  104   50   85  0.19 0.31 0.36 0.64
10 00:25:02 22  512    90   72   35   34   117  104   67   91  0.23 0.31 0.48 0.63
11 00:25:22 22    1    91   71   37   36   112   99   60   79  0.19 0.28 0.38 0.54
12 00:25:42 22   94    93   72   39   39   123   94   62   96  0.24 0.23 0.37 0.59
13 00:26:03 22    1    95   71   40   41   120  103   71   82  0.21 0.31 0.44 0.50
14 00:26:23 22  832    96   69   43   45   106  100   64   86  0.09 0.31 0.33 0.48
;            Ch1    Ch2    Ch3    Ch4      blue   green  brown
;  alpha:   0.471  0.709  1.166  1.309     1.712 20.571  0.717
; ETRmax:   238.5  371.9  612.1  486.2    1232.6 1546.9  234.4
;     Ik:   506.5  524.8  524.8  371.3     719.8   75.2  327.0
;References: BL_US PMDA0174.REF2 GR_US PMDA0174.REF2 BR_US PMDA0174.REF2

;LTK 180m_11032016

04NOV2016  00:28:35  Gain: 22  Zoff: 152 211 400 99
No   Time    G  PAR    F1   F2   F3   F4   Fm1  Fm2  Fm3  Fm4    Y1   Y2   Y3   Y4
 1 00:28:46 22   64    66   63   12   10    96  107   36   52  0.31 0.41 ---- ----

04NOV2016  00:28:51  Gain: 22  Zoff: 152 211 400 99
No   Time    G  PAR    F1   F2   F3   F4   Fm1  Fm2  Fm3  Fm4    Y1   Y2   Y3   Y4
 1 00:28:51 22    1    67   63   14   12    98   96   53   65  0.32 0.34 ---- ----
 2 00:29:13 22    1    65   62   14   10    94  101   47   70  0.31 0.39 ---- ----
 3 00:29:33 22   64    65   61   13   10   104  102   37   63  0.38 0.40 ---- ----
 4 00:29:53 22  128    65   59   14   12    97   90   35   62  0.33 0.34 ---- ----
 5 00:30:13 22    1    66   58   17   14    97   91   41   60  0.32 0.36 ---- ----
 6 00:30:34 22  256    68   59   20   18    93  102   52   77  0.27 0.42 ---- ----
 7 00:30:54 22  320    68   57   21   19    99   94   52   58  0.31 0.39 0.60 ----
 8 00:31:14 22  384    67   53   22   20    98   89   41   73  0.32 0.40 0.46 ----
 9 00:31:35 22  448    66   51   23   22    94   83   51   83  0.30 0.39 0.55 0.73
10 00:31:55 22  512    67   51   25   24    98   82   55   69  0.32 0.38 0.55 0.65
11 00:32:15 22  576    68   49   27   26    93   89   51   77  0.27 0.45 0.47 0.66
12 00:32:35 22    1    68   48   29   28   100   83   48   69  0.32 0.42 0.40 0.59
13 00:32:56 22  704    69   46   30   30    96   70   54   82  0.28 0.34 0.44 0.63
14 00:33:16 22  832    70   43   32   33    84   81   55   76  0.17 0.47 0.42 0.57
;            Ch1    Ch2    Ch3    Ch4      blue   green  brown
;  alpha:   0.622  0.832  1.560  1.437    -0.000  1.363  0.962
; ETRmax:   230.4 1614456.  731.9  716.2       0.0  373.2 221911.5
;     Ik:   370.2 1939655.  469.1  498.6       0.0  273.8 230579.1
;References: BL_US PMDA0174.REF2 GR_US PMDA0174.REF2 BR_US PMDA0174.REF2

;LTK 190m_11032016

04NOV2016  00:35:34  Gain: 22  Zoff: 152 211 400 99
No   Time    G  PAR    F1   F2   F3   F4   Fm1  Fm2  Fm3  Fm4    Y1   Y2   Y3   Y4
 1 00:35:45 22   64    90   88   19   16   119  124   39   68  0.24 0.29 ---- ----

04NOV2016  00:35:50  Gain: 22  Zoff: 152 211 400 99
No   Time    G  PAR    F1   F2   F3   F4   Fm1  Fm2  Fm3  Fm4    Y1   Y2   Y3   Y4
 1 00:35:51 22    1    90   86   21   18    -9  -51  243  176  ---- ---- 0.91 ----
 2 00:36:13 22   16    88   88   20   15   133  132   57   75  0.34 0.33 ---- ----
 3 00:36:33 22    1    87   87   19   15   111  128   36   66  0.22 0.32 ---- ----
 4 00:36:53 22  128    87   85   20   16   117  125   49   73  0.26 0.32 ---- ----
 5 00:37:13 22  192    87   83   23   19   119  124   53   70  0.27 0.33 0.57 ----
 6 00:37:34 22    1    87   81   25   21   122  116   59   80  0.29 0.30 0.58 0.74
 7 00:37:54 22  320    89   80   27   24   121  119   53   72  0.26 0.33 0.49 0.67
 8 00:38:14 22    1    90   79   29   26   113  117   58   75  0.20 0.32 0.50 0.65
 9 00:38:35 22  448    91   78   30   29   107  110   56   72  0.15 0.29 0.46 0.60
10 00:38:55 22  512    90   76   32   29   119   99   57   80  0.24 0.23 0.44 0.64
11 00:39:15 22    1    68  104   33   63   109  110   58   78  0.38 ---- 0.43 0.19
12 00:39:35 22    1   101   82   30   42   122  106   65   77  0.17 0.23 0.54 0.45
13 00:39:56 22  704    92   72   37   36   118   94   61   75  0.22 0.23 0.39 0.52
14 00:40:16 22  832    93   70   39   39   107  102   55   76  0.13 0.31 0.29 0.49
;            Ch1    Ch2    Ch3    Ch4      blue   green  brown
;  alpha:   0.507  0.652  1.194  1.290     1.219  1.605  0.700
; ETRmax:   208.6 1967.4  344.7  473.2    14072052   54.9  263.6
;     Ik:   411.7 3019.3  288.6  366.9    11542215   34.2  376.4
;References: BL_US PMDA0174.REF2 GR_US PMDA0174.REF2 BR_US PMDA0174.REF2

;LTK 200m_11032016

04NOV2016  00:42:23  Gain: 22  Zoff: 152 211 400 99
No   Time    G  PAR    F1   F2   F3   F4   Fm1  Fm2  Fm3  Fm4    Y1   Y2   Y3   Y4
 1 00:44:42 22   64    61   59    8    4    89   88   34   52  0.31 0.33 ---- ----

04NOV2016  00:44:48  Gain: 22  Zoff: 152 211 400 99
No   Time    G  PAR    F1   F2   F3   F4   Fm1  Fm2  Fm3  Fm4    Y1   Y2   Y3   Y4
 1 00:44:49 22    1    61   57   11    7    92   92   52   56  0.34 0.38 ---- ----
 2 00:45:11 22    1    60   59   10    5    97   94   45   57  0.38 0.37 ---- ----
 3 00:45:31 22    1    61   59   10    6    92  100   41   59  0.34 0.41 ---- ----
 4 00:45:51 22  128    63   58   13    9   100   95   41   60  0.37 0.39 ---- ----
 5 00:46:11 22  192    65   58   15   11    88   94   47   66  0.26 0.38 ---- ----
 6 00:46:32 22    1    66   55   17   14    95   88   48   60  0.31 0.38 ---- ----
 7 00:46:52 22  320    66   54   19   16    96   95   47   68  0.31 0.43 ---- ----
 8 00:47:12 22  384    66   52   21   17   102   91   47   66  0.35 0.43 0.55 ----
 9 00:47:32 22  448    67   51   22   19   105   83   51   67  0.36 0.39 0.57 ----
10 00:47:53 22    1    67   49   23   21    94   77   53   71  0.29 0.36 0.57 0.70
11 00:48:13 22    1    67   48   25   23   103   84   51   70  0.35 0.43 0.51 0.67
12 00:48:33 22  640    67   46   26   24    90   81   62   70  0.26 0.43 0.58 0.66
13 00:48:54 22  704    67   45   27   25    90   76   38   68  0.26 0.41 0.29 0.63
14 00:49:14 22  832    69   43   30   29    82   74   48   74  0.16 0.42 0.38 0.61
;            Ch1    Ch2    Ch3    Ch4      blue   green  brown
;  alpha:   0.741  0.931  1.294  1.512    -0.000  1.655  0.915
; ETRmax:   319.2 26424.2 2938.4  934.2       0.0  527.8 2320588.
;     Ik:   430.9 28381.5 2270.0  617.8       0.0  318.9 2535635.
;References: BL_US PMDA0174.REF2 GR_US PMDA0174.REF2 BR_US PMDA0174.REF2
