Gain: 22  Zoff: 234 279 406 227

;LTK 20m_04042016

04APR2016  15:26:13  Gain: 22  Zoff: 234 279 406 227
No   Time    G  PAR    F1   F2   F3   F4   Fm1  Fm2  Fm3  Fm4    Y1   Y2   Y3   Y4
 1 15:35:10 22   64   170  182  133  144   329  340  260  312  0.48 0.46 0.49 0.54

04APR2016  15:35:17  Gain: 22  Zoff: 234 279 406 227
No   Time    G  PAR    F1   F2   F3   F4   Fm1  Fm2  Fm3  Fm4    Y1   Y2   Y3   Y4
 1 15:35:17 22   64   176  186  139  150   315  333  255  307  0.44 0.44 0.45 0.51
 2 15:35:39 22   16   162  176  128  138   349  323  263  318  0.54 0.46 0.51 0.57
 3 15:35:59 22   64   178  185  137  148   363  339  278  334  0.51 0.45 0.51 0.56
 4 15:36:19 22  128   180  191  142  152   314  343  261  303  0.43 0.44 0.46 0.50
 5 15:36:40 22  192   174  193  145  153   295  332  247  298  0.41 0.42 0.41 0.49
 6 15:37:00 22  256   174  190  142  153   277  307  233  270  0.37 0.38 0.39 0.43
 7 15:37:20 22  320   174  193  149  161   268  319  242  283  0.35 0.39 0.38 0.43
 8 15:37:40 22  384   177  199  153  164   266  320  237  270  0.33 0.38 0.35 0.39
 9 15:38:01 22  448   176  198  153  165   256  298  223  260  0.31 0.34 0.31 0.37
10 15:38:21 22  512   167  196  152  162   245  306  220  258  0.32 0.36 0.31 0.37
11 15:38:41 22  576   175  200  159  170   249  301  226  262  0.30 0.34 0.30 0.35
12 15:39:01 22   94   195  216  130  166   253  298  224  258  0.23 0.28 0.42 0.36
13 15:39:22 22  704   181  207  156  180   245  298  222  260  0.26 0.31 0.30 0.31
14 15:39:42 22  832   178  201  165  178   193  280  203  264  0.08 0.28 0.19 0.33
;            Ch1    Ch2    Ch3    Ch4      blue   green  brown
;  alpha:   0.838  0.944  0.925  1.040     0.879 -0.000  0.898
; ETRmax:   232.0 1291.8  427.3  652.8     795.3    0.0  300.7
;     Ik:   276.9 1367.8  461.9  627.5     904.9    0.0  334.7
;References: BL_US PMDA0174.REF2 GR_US PMDA0174.REF2 BR_US PMDA0174.REF2

;LTK 20m_04042016

04APR2016  15:42:41  Gain: 22  Zoff: 234 279 406 227
No   Time    G  PAR    F1   F2   F3   F4   Fm1  Fm2  Fm3  Fm4    Y1   Y2   Y3   Y4
 1 15:42:53 22   64   162  179  128  140   300  320  248  285  0.46 0.44 0.48 0.51

04APR2016  15:43:00  Gain: 22  Zoff: 234 279 406 227
No   Time    G  PAR    F1   F2   F3   F4   Fm1  Fm2  Fm3  Fm4    Y1   Y2   Y3   Y4
 1 15:43:00 22   64   164  180  133  144   308  314  253  294  0.47 0.43 0.47 0.51
 2 15:43:22 22   16   160  175  128  139   317  311  249  297  0.50 0.44 0.49 0.53
 3 15:43:42 22   64   164  179  131  143   311  317  253  293  0.47 0.44 0.48 0.51
 4 15:44:03 22  128   170  188  139  152   306  320  248  303  0.44 0.41 0.44 0.50
 5 15:44:23 22  192   167  189  143  154   282  326  241  300  0.41 0.42 0.41 0.49
 6 15:44:43 22  256   165  193  143  155   260  317  240  290  0.37 0.39 0.40 0.47
 7 15:45:04 22  320   168  195  148  161   263  312  236  275  0.36 0.38 0.37 0.41
 8 15:45:24 22  384   168  198  152  165   247  313  227  273  0.32 0.37 0.33 0.40
 9 15:45:44 22  448   161  194  146  158   246  309  224  264  0.35 0.37 0.35 0.40
10 15:46:04 22  512   166  193  149  162   242  301  220  252  0.31 0.36 0.32 0.36
11 15:46:25 22  576   162  192  149  162   221  278  202  244  0.27 0.31 0.26 0.34
12 15:46:45 22  640   159  191  149  162   215  283  208  246  0.26 0.33 0.28 0.34
13 15:47:05 22  704   164  194  152  166   228  275  210  249  0.28 0.29 0.28 0.33
14 15:47:26 22  832   170  199  160  174   201  266  199  259  0.15 0.25 0.20 0.33
;            Ch1    Ch2    Ch3    Ch4      blue   green  brown
;  alpha:   0.813  0.937  0.847  0.992     0.889 -0.000  0.875
; ETRmax:   247.7 1146.6  269.8  440.7     338.5    0.0  315.9
;     Ik:   304.6 1224.3  318.6  444.4     380.7    0.0  361.0
;References: BL_US PMDA0174.REF2 GR_US PMDA0174.REF2 BR_US PMDA0174.REF2

;LTK 0m_04042016

04APR2016  15:50:28  Gain: 22  Zoff: 234 279 406 227
No   Time    G  PAR    F1   F2   F3   F4   Fm1  Fm2  Fm3  Fm4    Y1   Y2   Y3   Y4
 1 15:50:41 22   64   110  186  109  111   191  265  162  199  0.42 0.30 0.33 0.44

04APR2016  15:50:46  Gain: 22  Zoff: 234 279 406 227
No   Time    G  PAR    F1   F2   F3   F4   Fm1  Fm2  Fm3  Fm4    Y1   Y2   Y3   Y4
 1 15:50:46 22   64   112  188  113  114   176  264  177  193  0.36 0.29 0.36 0.41
 2 15:51:08 22   16   113  182  112  113   190  259  171  207  0.41 0.30 0.35 0.45
 3 15:51:28 22   64   116  189  114  116   198  279  187  207  0.41 0.32 0.39 0.44
 4 15:51:49 22  128   118  198  121  121   184  287  183  211  0.36 0.31 0.34 0.43
 5 15:52:09 22  192   115  200  119  121   184  267  173  218  0.38 0.25 0.31 0.44
 6 15:52:29 22  256   113  203  123  124   172  277  181  211  0.34 0.27 0.32 0.41
 7 15:52:50 22  320   116  206  128  129   174  279  188  210  0.33 0.26 0.32 0.39
 8 15:53:10 22  384   116  207  129  130   169  277  178  196  0.31 0.25 0.28 0.34
 9 15:53:30 22  448   116  207  134  134   161  278  172  208  0.28 0.26 0.22 0.36
10 15:53:50 22  512   115  205  133  134   164  270  183  201  0.30 0.24 0.27 0.33
11 15:54:11 22  576   111  201  129  130   165  268  166  191  0.33 0.25 0.22 0.32
12 15:54:31 22  640   113  203  133  134   154  275  174  206  0.27 0.26 0.24 0.35
13 15:54:51 22  704   115  207  138  139   162  265  180  197  0.29 0.22 0.23 0.29
14 15:55:12 22  832   120  211  145  147   133  268  174  214  0.10 0.21 0.17 0.31
;            Ch1    Ch2    Ch3    Ch4      blue   green  brown
;  alpha:   0.729  0.678  0.800  1.060     0.980 -0.000  0.736
; ETRmax:   253.3 1541.2  351.0 1453.3     816.1    0.0  371.0
;     Ik:   347.5 2274.5  438.7 1370.5     832.5    0.0  504.0
;References: BL_US PMDA0174.REF2 GR_US PMDA0174.REF2 BR_US PMDA0174.REF2

;LTK 40m_04042016

04APR2016  15:58:21  Gain: 22  Zoff: 234 279 406 227
No   Time    G  PAR    F1   F2   F3   F4   Fm1  Fm2  Fm3  Fm4    Y1   Y2   Y3   Y4
 1 15:58:34 22   64   327  530  189  218   650  863  359  468  0.50 0.39 0.47 0.53

04APR2016  15:59:21  Gain: 22  Zoff: 234 279 406 227
No   Time    G  PAR    F1   F2   F3   F4   Fm1  Fm2  Fm3  Fm4    Y1   Y2   Y3   Y4
 1 15:59:22 22   64   323  526  187  217   659  865  372  468  0.51 0.39 0.50 0.54
 2 15:59:43 22   16   290  496  170  194   652  863  368  476  0.56 0.43 0.54 0.59
 3 16:00:04 22   64   343  555  149  250   635  858  366  463  0.46 0.35 0.59 0.46
 4 16:00:24 22  128   323  530  192  221   614  846  361  462  0.47 0.37 0.47 0.52
 5 16:00:44 22  192   332  538  197  228   610  844  350  453  0.46 0.36 0.44 0.50
 6 16:01:04 22  256   352  557  209  243   620  852  346  460  0.43 0.35 0.40 0.47
 7 16:01:25 22  320   353  563  211  247   587  838  340  445  0.40 0.33 0.38 0.44
 8 16:01:45 22  384   360  576  217  255   596  832  346  447  0.40 0.31 0.37 0.43
 9 16:02:05 22  448   380  595  230  272   602  838  351  446  0.37 0.29 0.34 0.39
10 16:02:26 22  512   376  600  228  270   571  830  341  425  0.34 0.28 0.33 0.36
11 16:02:46 22  576   373  603  228  270   560  823  333  421  0.33 0.27 0.32 0.36
12 16:03:06 22  640   376  614  231  271   546  822  336  411  0.31 0.25 0.31 0.34
13 16:03:26 22  704   377  624  235  275   532  817  324  416  0.29 0.24 0.27 0.34
14 16:03:47 22  832   374  625  237  277   466  786  302  398  0.20 0.20 0.22 0.30
;            Ch1    Ch2    Ch3    Ch4      blue   green  brown
;  alpha:   0.873  0.702  0.880  1.234     0.780 -0.000  0.838
; ETRmax:  12187784 2044326. 13463062  859.8    65414.3    0.0 23203669
;     Ik:  13952942 2914060. 15302162  696.6    83909.1    0.0 27680070
;References: BL_US PMDA0174.REF2 GR_US PMDA0174.REF2 BR_US PMDA0174.REF2

;LTK 40m_04042016

04APR2016  16:06:40  Gain: 22  Zoff: 234 279 406 227
No   Time    G  PAR    F1   F2   F3   F4   Fm1  Fm2  Fm3  Fm4    Y1   Y2   Y3   Y4
 1 16:07:03 22   64   325  526  190  219   651  862  377  481  0.50 0.39 0.50 0.54

04APR2016  16:07:09  Gain: 22  Zoff: 234 279 406 227
No   Time    G  PAR    F1   F2   F3   F4   Fm1  Fm2  Fm3  Fm4    Y1   Y2   Y3   Y4
 1 16:07:09 22   64   328  528  192  222   637  859  363  475  0.49 0.39 0.47 0.53
 2 16:07:31 22   16   294  498  174  197   650  856  372  466  0.55 0.42 0.53 0.58
 3 16:07:51 22   64   319  523  187  215   653  866  367  491  0.51 0.40 0.49 0.56
 4 16:08:11 22  128   335  536  198  229   636  857  374  482  0.47 0.37 0.47 0.52
 5 16:08:32 22  192   345  546  206  240   637  847  378  461  0.46 0.36 0.46 0.48
 6 16:08:52 22  256   358  560  215  250   607  851  354  459  0.41 0.34 0.39 0.46
 7 16:09:12 22  320   361  566  219  255   604  840  354  449  0.40 0.33 0.38 0.43
 8 16:09:32 22  384   368  579  224  262   598  842  359  442  0.38 0.31 0.38 0.41
 9 16:09:53 22  448   376  592  230  270   588  841  350  444  0.36 0.30 0.34 0.39
10 16:10:13 22  512   387  607  238  279   576  845  352  443  0.33 0.28 0.32 0.37
11 16:10:33 22  576   384  611  237  278   561  832  340  435  0.32 0.27 0.30 0.36
12 16:10:54 22  640   379  617  235  276   542  820  332  410  0.30 0.25 0.29 0.33
13 16:11:14 22  704   386  629  242  283   547  818  340  414  0.29 0.23 0.29 0.32
14 16:11:34 22  832   384  635  244  285   482  800  302  399  0.20 0.21 0.19 0.29
;            Ch1    Ch2    Ch3    Ch4      blue   green  brown
;  alpha:   1.273  0.912  1.325  1.361     1.266 -0.000  1.109
; ETRmax:   656.9  405.6  732.1  780.8     679.2    0.0  494.5
;     Ik:   515.9  444.6  552.5  573.8     536.3    0.0  446.0
;References: BL_US PMDA0174.REF2 GR_US PMDA0174.REF2 BR_US PMDA0174.REF2

;LTK 60m_04042016

04APR2016  16:14:07  Gain: 22  Zoff: 234 279 406 227
No   Time    G  PAR    F1   F2   F3   F4   Fm1  Fm2  Fm3  Fm4    Y1   Y2   Y3   Y4
 1 16:14:19 22   64   168  136  111  124   284  229  197  234  0.41 0.41 0.44 0.47

04APR2016  16:14:26  Gain: 22  Zoff: 234 279 406 227
No   Time    G  PAR    F1   F2   F3   F4   Fm1  Fm2  Fm3  Fm4    Y1   Y2   Y3   Y4
 1 16:14:26 22   64   169  135  112  126   273  232  189  231  0.38 0.42 0.41 0.45
 2 16:14:48 22   16   137  118   90   99   318  242  207  251  0.57 0.51 0.57 0.61
 3 16:15:08 22   64   160  131  105  118   292  227  190  239  0.45 0.42 0.45 0.51
 4 16:15:28 22  128   175  141  125  137   260  228  207  250  0.33 0.38 0.40 0.45
 5 16:15:49 22  192   179  145  143  151   261  214  200  233  0.31 0.32 0.28 0.35
 6 16:16:09 22  256   178  140  126  140   252  211  196  232  0.29 0.34 0.36 0.40
 7 16:16:29 22  320   182  143  133  148   252  205  171  218  0.28 0.30 0.22 0.32
 8 16:16:50 22  384   186  144  129  145   251  200  173  221  0.26 0.28 0.25 0.34
 9 16:17:10 22  448   187  144  131  149   246  203  184  206  0.24 0.29 0.29 0.28
10 16:17:30 22  512   190  146  138  155   239  194  178  221  0.21 0.25 0.22 0.30
11 16:17:50 22  576   181  145  150  162   232  205  194  232  0.22 0.29 0.23 0.30
12 16:18:11 22    1   192  153  166  178   243  206  201  240  0.21 0.26 0.17 0.26
13 16:18:31 22  704   191  151  148  164   229  206  174  215  0.17 0.27 0.15 0.24
14 16:18:51 22  832   185  146  149  163   205  193  183  223  0.10 0.24 0.19 0.27
;            Ch1    Ch2    Ch3    Ch4      blue   green  brown
;  alpha:   0.588  0.707  0.619  0.790     0.682  2.210  0.738
; ETRmax:   147.9  331.1  173.1  305.2     322.3  338.2  314.3
;     Ik:   251.7  468.6  279.6  386.3     472.4  153.0  426.0
;References: BL_US PMDA0174.REF2 GR_US PMDA0174.REF2 BR_US PMDA0174.REF2

;LTK 80m_04042016

04APR2016  16:23:21  Gain: 22  Zoff: 234 279 406 227
No   Time    G  PAR    F1   F2   F3   F4   Fm1  Fm2  Fm3  Fm4    Y1   Y2   Y3   Y4
 1 16:23:34 22   64   126   66   84   95   200  121  138  180  0.37 0.45 0.39 0.47

04APR2016  16:23:42  Gain: 22  Zoff: 234 279 406 227
No   Time    G  PAR    F1   F2   F3   F4   Fm1  Fm2  Fm3  Fm4    Y1   Y2   Y3   Y4
 1 16:23:43 22   64   123   63   85   95   193  117  150  173  0.36 0.46 0.43 0.45
 2 16:24:04 22   16    90   49   64   69   221  138  158  201  0.59 0.64 0.59 0.66
 3 16:24:25 22   64   116   61   79   88   201  126  145  164  0.42 0.52 0.46 0.46
 4 16:24:45 22  128   126   66   87   97   182  113  132  163  0.31 0.42 0.34 0.40
 5 16:25:05 22  192   126   64   88   99   191  120  139  167  0.34 0.47 0.37 0.41
 6 16:25:25 22  256   127   63   89  100   165  105  116  163  0.23 0.40 0.23 0.39
 7 16:25:46 22  320   127   61   91  102   177   97  130  158  0.28 0.37 0.30 0.35
 8 16:26:06 22  384   131   62   93  105   165   95  127  159  0.21 0.35 0.27 0.34
 9 16:26:26 22  448   128   59   94  105   175   93  121  147  0.27 0.37 0.22 0.29
10 16:26:47 22  512   128   58   95  106   163   98  127  151  0.21 0.41 0.25 0.30
11 16:27:07 22  576   130   58   97  108   162   91  127  157  0.20 0.36 0.24 0.31
12 16:27:27 22  640   133   59  103  114   170   95  133  145  0.22 0.38 0.23 0.21
13 16:27:47 22  704   132   57  103  115   173   89  135  161  0.24 0.36 0.24 0.29
14 16:28:08 22  832   133   56  105  117   144   86  124  166  0.08 0.35 0.15 0.30
;            Ch1    Ch2    Ch3    Ch4      blue   green  brown
;  alpha:   0.847  1.069  0.921  1.002     1.015  0.855  8.378
; ETRmax:   282.9 2065.7  474.5  906.1     308.9 1142.4  263.6
;     Ik:   334.1 1933.0  515.1  904.5     304.4 1336.7   31.5
;References: BL_US PMDA0174.REF2 GR_US PMDA0174.REF2 BR_US PMDA0174.REF2

LTK 100m_04042016

04APR2016  16:30:43  Gain: 22  Zoff: 234 279 406 227
No   Time    G  PAR    F1   F2   F3   F4   Fm1  Fm2  Fm3  Fm4    Y1   Y2   Y3   Y4
 1 16:30:55 22   64    20   11   16   16    66   50   54   63  ---- ---- ---- ----

04APR2016  16:31:02  Gain: 22  Zoff: 234 279 406 227
No   Time    G  PAR    F1   F2   F3   F4   Fm1  Fm2  Fm3  Fm4    Y1   Y2   Y3   Y4
 1 16:31:03 22   64    21   10   18   19    56   44   43   74  0.63 ---- ---- ----
 2 16:31:25 22   16    13    8   14   12    63   52   51   62  ---- ---- ---- ----
 3 16:31:45 22   64    16    9   15   14    52   44   41   72  ---- ---- ---- ----
 4 16:32:05 22  128    19    9   18   18    52   46   56   81  ---- ---- ---- ----
 5 16:32:25 22  192    23    9   22   22    61   41   55   77  0.62 ---- 0.60 0.71
 6 16:32:46 22  256    21    7   22   22    47   39   53   76  0.55 ---- 0.58 0.71
 7 16:33:06 22  320    23    7   25   25    49   42   53   77  0.53 ---- 0.53 0.68
 8 16:33:26 22  384    28    9   29   30    42   45   52   75  0.33 ---- 0.44 0.60
 9 16:33:46 22  448    25    6   28   28    44   32   55   74  0.43 ---- 0.49 0.62
10 16:34:07 22  512    25    5   29   30    52   37   67   73  0.52 ---- 0.57 0.59
11 16:34:27 22  576    28    5   32   33    51   38   58   82  0.45 ---- 0.45 0.60
12 16:34:47 22    1    29    4   34   35    53   40   60   71  0.45 ---- 0.43 0.51
13 16:35:08 22  704    31    4   36   37    63   35   59   87  0.51 ---- 0.39 0.57
14 16:35:28 22  832    30    1   37   39    37   27   63   83  ---- ---- 0.41 0.53
;            Ch1    Ch2    Ch3    Ch4      blue   green  brown
;  alpha:   1.440 -0.000  1.566  1.827     1.817  2.172 -0.000
; ETRmax:  2034.1    0.0 1709.8 2602.5    2439.8 1204.2    0.0
;     Ik:  1412.6    0.0 1092.0 1424.2    1342.6  554.4    0.0
;References: BL_US PMDA0174.REF2 GR_US PMDA0174.REF2 BR_US PMDA0174.REF2

;LTK 110m_04042016

04APR2016  16:38:50  Gain: 22  Zoff: 234 279 406 227
No   Time    G  PAR    F1   F2   F3   F4   Fm1  Fm2  Fm3  Fm4    Y1   Y2   Y3   Y4
 1 16:39:03 22   64    15   13   12   12    54   43   51   66  ---- ---- ---- ----

04APR2016  16:39:10  Gain: 22  Zoff: 234 279 406 227
No   Time    G  PAR    F1   F2   F3   F4   Fm1  Fm2  Fm3  Fm4    Y1   Y2   Y3   Y4
 1 16:39:10 22   94   -34   18   15   43    44   10  102   56  ---- ---- ---- 0.23
 2 16:39:32 22   16    22   16   -2   24    49   55   51   72  0.55 ---- ---- 0.67
 3 16:39:52 22   64    17   16   14   15    56   57   44   78  ---- ---- ---- ----
 4 16:40:12 22  128    17   13   15   17    54   43   49   72  ---- ---- ---- ----
 5 16:40:32 22  192    20   16   20   21    52   55   48   66  ---- ---- ---- 0.68
 6 16:40:53 22  256    22   14   21   23    57   49   45   68  0.61 ---- 0.53 0.66
 7 16:41:13 22  320    23   13   24   26    55   55   54   82  0.58 ---- 0.56 0.68
 8 16:41:33 22  384    27   14   28   30    61   54   53   88  0.56 ---- 0.47 0.66
 9 16:41:54 22  448    28   18   31   34    63   57   62   76  0.56 ---- 0.50 0.55
10 16:42:14 22  512    30   17   32   36    59   51   57   78  0.49 ---- 0.44 0.54
11 16:42:34 22  576    31   16   35   38    58   45   57   81  0.47 ---- 0.39 0.53
12 16:42:54 22  640    33   18   38   42    57   53   59   83  0.42 ---- 0.36 0.49
13 16:43:15 22  704    34   16   39   42    63   58   58   78  0.46 ---- 0.33 0.46
14 16:43:35 22  832    36   16   43   48    39   40   57   98  ---- ---- 0.25 0.51
;            Ch1    Ch2    Ch3    Ch4      blue   green  brown
;  alpha:   1.193 -0.000  0.999  1.880     1.723  1.870  0.997
; ETRmax:   453.5    0.0  298.2 1934.5    2002.7 1648.4 3215.5
;     Ik:   380.1    0.0  298.4 1028.8    1162.1  881.7 3224.7
;References: BL_US PMDA0174.REF2 GR_US PMDA0174.REF2 BR_US PMDA0174.REF2

;LTK 110m_04042016

04APR2016  16:47:27  Gain: 22  Zoff: 234 279 406 227
No   Time    G  PAR    F1   F2   F3   F4   Fm1  Fm2  Fm3  Fm4    Y1   Y2   Y3   Y4
 1 16:47:41 22   64    16   10   12   10    53   46   51   67  ---- ---- ---- ----

04APR2016  16:47:48  Gain: 22  Zoff: 234 279 406 227
No   Time    G  PAR    F1   F2   F3   F4   Fm1  Fm2  Fm3  Fm4    Y1   Y2   Y3   Y4
 1 16:47:49 22   64    41   11  -35   46    56   54   50   66  0.27 ---- ---- 0.30
 2 16:48:10 22   16    16   13   13   11    69   59   51   70  ---- ---- ---- ----
 3 16:48:30 22   64    20   15   15   13    66   65   43   62  ---- ---- ---- ----
 4 16:48:51 22  128    16   10   14   12    56   51   45   64  ---- ---- ---- ----
 5 16:49:11 22  192    19   10   18   16    47   51   50   68  ---- ---- ---- ----
 6 16:49:31 22    1    22   11   22   20    54   42   43   70  0.59 ---- 0.49 ----
 7 16:49:52 22  320    23   11   23   22    58   42   47   73  0.60 ---- 0.51 0.70
 8 16:50:12 22  384    28   13   28   27    58   53   48   74  0.52 ---- 0.42 0.64
 9 16:50:32 22  448    30   12   31   30    66   46   56   80  0.55 ---- 0.45 0.63
10 16:50:52 22  512    30   10   31   31    63   38   50   78  0.52 ---- 0.38 0.60
11 16:51:13 22  576    30    9   32   32    49   46   57   73  0.39 ---- 0.44 0.56
12 16:51:33 22  640    67   36   -2   70    55   47   60   73  ---- 0.23 ---- ----
13 16:51:53 22  704    32   10   35   37    55   43   62   76  0.42 ---- 0.44 0.51
14 16:52:14 22  832    36   10   41   42    42   40   61   86  ---- ---- 0.33 0.51
;            Ch1    Ch2    Ch3    Ch4      blue   green  brown
;  alpha:   1.357  0.766  1.150  1.870     1.876  1.716 -0.000
; ETRmax:   586.2  445.4  865.1 1441.9    2346.3  984.9    0.0
;     Ik:   432.0  581.6  752.5  771.1    1250.5  573.8    0.0
;References: BL_US PMDA0174.REF2 GR_US PMDA0174.REF2 BR_US PMDA0174.REF2

;LTK 120m_04042016

04APR2016  16:55:22  Gain: 22  Zoff: 234 279 406 227
No   Time    G  PAR    F1   F2   F3   F4   Fm1  Fm2  Fm3  Fm4    Y1   Y2   Y3   Y4
 1 16:55:34 22   64    16   12    8    5    48   45   45   58  ---- ---- ---- ----

04APR2016  16:55:43  Gain: 22  Zoff: 234 279 406 227
No   Time    G  PAR    F1   F2   F3   F4   Fm1  Fm2  Fm3  Fm4    Y1   Y2   Y3   Y4
 1 16:55:43 22   64    15   10    9    7    45   43   33   63  ---- ---- ---- ----
 2 16:56:05 22   16    10    9    8    4    45   47   33   67  ---- ---- ---- ----
 3 16:56:25 22   64    15   11    8    6    44   44   37   48  ---- ---- ---- ----
 4 16:56:45 22  128    17   13   14   11    47   51   35   53  ---- ---- ---- ----
 5 16:57:06 22  192    15    8   11    9    49   53   31   59  ---- ---- ---- ----
 6 16:57:26 22  256    16    7   14   11    45   42   45   49  ---- ---- ---- ----
 7 16:57:46 22  320    17    6   16   13    43   38   39   63  ---- ---- ---- ----
 8 16:58:06 22  384    22    8   20   19    52   38   40   70  0.58 ---- ---- ----
 9 16:58:27 22  448    22    6   21   19    57   35   45   69  0.61 ---- 0.53 ----
10 16:58:47 22    1    21    4   22   20    52   50   51   72  0.60 ---- 0.57 ----
11 16:59:07 22  576    22    3   23   22    53   31   46   75  0.58 ---- 0.50 0.71
12 16:59:28 22  640    25    4   26   25    57   26   54   69  0.56 ---- 0.52 0.64
13 16:59:48 22  704    25    3   28   27    44   32   53   76  0.43 ---- 0.47 0.64
14 17:00:08 22  832    25    1   30   30    37   26   45   68  0.32 ---- 0.33 0.56
;            Ch1    Ch2    Ch3    Ch4      blue   green  brown
;  alpha:   1.291 -0.000  1.198  1.589     1.526  1.627  9.280
; ETRmax:   460.5    0.0 1133.7  851.9     621.0  951.6  265.5
;     Ik:   356.8    0.0  946.0  536.2     406.9  584.9   28.6
;References: BL_US PMDA0174.REF2 GR_US PMDA0174.REF2 BR_US PMDA0174.REF2

;LTK 130m_04042016

04APR2016  17:03:28  Gain: 22  Zoff: 234 279 406 227
No   Time    G  PAR    F1   F2   F3   F4   Fm1  Fm2  Fm3  Fm4    Y1   Y2   Y3   Y4
 1 17:03:45 22   64    58   60   17   15    93  102   52   68  0.38 0.41 ---- ----

04APR2016  17:03:55  Gain: 22  Zoff: 234 279 406 227
No   Time    G  PAR    F1   F2   F3   F4   Fm1  Fm2  Fm3  Fm4    Y1   Y2   Y3   Y4
 1 17:03:56 22   64    60   59   21   19    85   96   49   76  0.29 0.39 0.57 ----
 2 17:04:18 22   16    58   60   20   17    83   91   47   68  0.30 0.34 ---- ----
 3 17:04:38 22    1    57   58   18   16    87  100   48   78  0.34 0.42 ---- ----
 4 17:04:58 22  128    62   60   23   21    96   98   47   72  0.35 0.39 0.51 0.71
 5 17:05:18 22  192    62   58   25   24    92   91   52   71  0.33 0.36 0.52 0.66
 6 17:05:39 22    1    62   56   27   26    86   89   48   80  0.28 0.37 0.44 0.68
 7 17:05:59 22  320    63   56   29   28    97   93   54   78  0.35 0.40 0.46 0.64
 8 17:06:19 22  384    65   55   32   31    91   88   56   80  0.29 0.38 0.43 0.61
 9 17:06:40 22    1    65   54   33   33    94   84   64   87  0.31 0.36 0.48 0.62
10 17:07:00 22  512    65   52   34   35    86   85   61   82  0.24 0.39 0.44 0.57
11 17:07:20 22  576    66   51   37   37    89   80   58   85  0.26 0.36 0.36 0.56
12 17:07:40 22  640    65   49   37   38    91   86   57   82  0.29 0.43 0.35 0.54
13 17:08:01 22  704    67   49   40   40    94   74   62   79  0.29 0.34 0.35 0.49
14 17:08:21 22  832    67   47   42   43    76   71   52   82  0.12 0.34 0.19 0.48
;            Ch1    Ch2    Ch3    Ch4      blue   green  brown
;  alpha:   0.652  0.867  1.092  1.446     1.603 -0.000  1.004
; ETRmax:   262.0 1491.5  378.2  729.3     615.1    0.0  415.6
;     Ik:   401.9 1719.8  346.5  504.3     383.7    0.0  413.9
;References: BL_US PMDA0174.REF2 GR_US PMDA0174.REF2 BR_US PMDA0174.REF2

;LTK 140m_04042016

04APR2016  17:11:38  Gain: 22  Zoff: 234 279 406 227
No   Time    G  PAR    F1   F2   F3   F4   Fm1  Fm2  Fm3  Fm4    Y1   Y2   Y3   Y4
 1 17:11:50 22   64   839  858  243  248   872  883  275  294  0.04 0.03 0.12 0.16

04APR2016  17:11:56  Gain: 22  Zoff: 234 279 406 227
No   Time    G  PAR    F1   F2   F3   F4   Fm1  Fm2  Fm3  Fm4    Y1   Y2   Y3   Y4
 1 17:11:57 22   64   835  852  244  249   859  880  270  296  0.03 0.03 0.10 0.16
 2 17:12:18 22   16   824  845  241  244   871  872  267  301  0.05 0.03 0.10 0.19
 3 17:12:39 22   64   817  835  238  243   848  875  271  300  0.04 0.05 0.12 0.19
 4 17:12:59 22  128   806  822  237  242   823  851  264  295  0.02 0.03 0.10 0.18
 5 17:13:19 22  192   793  806  233  238   812  830  263  285  0.02 0.03 0.11 0.16
 6 17:13:40 22  256   780  792  233  238   795  816  266  281  0.02 0.03 0.12 0.15
 7 17:14:00 22  320   762  772  228  233   777  796  245  274  0.02 0.03 0.07 0.15
 8 17:14:20 22  384   754  761  228  233   780  797  252  274  0.03 0.05 0.10 0.15
 9 17:14:40 22  448   742  749  225  230   767  774  256  264  0.03 0.03 0.12 0.13
10 17:15:01 22    1   731  735  224  228   750  756  250  265  0.03 0.03 0.10 0.14
11 17:15:21 22  576   720  723  222  226   735  751  250  261  0.02 0.04 0.11 0.13
12 17:15:41 22  640   707  708  218  224   719  735  241  258  0.02 0.04 0.10 0.13
13 17:16:02 22  704   699  698  219  224   716  721  248  257  0.02 0.03 0.12 0.13
14 17:16:22 22  832   690  685  219  226   691  703  219  267  ---- 0.03 ---- 0.15
;            Ch1    Ch2    Ch3    Ch4      blue   green  brown
;  alpha:   0.054  0.080  0.243  0.354    -0.000 -0.000  0.112
; ETRmax:    29.3  314.0 3875.1 1082.1       0.0    0.0   78.6
;     Ik:   543.9 3924.0 15914.7 3055.4       0.0    0.0  703.6
;References: BL_US PMDA0174.REF2 GR_US PMDA0174.REF2 BR_US PMDA0174.REF2

;LTK 150m_04042016

04APR2016  17:20:02  Gain: 22  Zoff: 234 279 406 227
No   Time    G  PAR    F1   F2   F3   F4   Fm1  Fm2  Fm3  Fm4    Y1   Y2   Y3   Y4
 1 17:20:15 22   64   854  876  246  251   874  896  263  303  0.02 0.02 0.06 0.17

04APR2016  17:20:21  Gain: 22  Zoff: 234 279 406 227
No   Time    G  PAR    F1   F2   F3   F4   Fm1  Fm2  Fm3  Fm4    Y1   Y2   Y3   Y4
 1 17:20:21 22   64   852  872  247  253   877  890  289  301  0.03 0.02 0.15 0.16
 2 17:20:43 22   16   836  860  243  246   862  882  262  288  0.03 0.02 0.07 0.15
 3 17:21:03 22   64   827  848  239  244   844  883  264  295  0.02 0.04 0.09 0.17
 4 17:21:23 22    1   809  829  235  239   837  842  248  282  0.03 0.02 0.05 0.15
 5 17:21:44 22  192   794  809  232  236   816  840  248  285  0.03 0.04 0.06 0.17
 6 17:22:04 22  256   777  789  228  233   801  819  241  274  0.03 0.04 0.05 0.15
 7 17:22:24 22  320   759  771  224  230   779  791  240  273  0.03 0.03 0.07 0.16
 8 17:22:44 22  384   744  752  222  227   753  773  234  271  0.01 0.03 0.05 0.16
 9 17:23:05 22  448   728  735  218  224   746  767  245  261  0.02 0.04 0.11 0.14
10 17:23:25 22  512   716  721  216  221   743  748  234  267  0.04 0.04 0.08 0.17
11 17:23:45 22  576   700  705  213  218   721  728  240  261  0.03 0.03 0.11 0.16
12 17:24:06 22  640   689  691  211  216   709  714  238  265  0.03 0.03 0.11 0.18
13 17:24:26 22  704   674  674  208  213   685  703  225  251  0.02 0.04 0.08 0.15
14 17:24:46 22  832   661  657  206  212   649  674  218  250  ---- 0.03 0.06 0.15
;            Ch1    Ch2    Ch3    Ch4      blue   green  brown
;  alpha:   0.062  0.079  0.206  0.367    -0.000 -0.000  0.115
; ETRmax:   263.0  166.3  831.7 2191.6       0.0    0.0   86.3
;     Ik:  4216.0 2096.0 4033.3 5978.7       0.0    0.0  751.1
;References: BL_US PMDA0174.REF2 GR_US PMDA0174.REF2 BR_US PMDA0174.REF2

;LTK 160m_04042016

04APR2016  17:27:39  Gain: 22  Zoff: 234 279 406 227
No   Time    G  PAR    F1   F2   F3   F4   Fm1  Fm2  Fm3  Fm4    Y1   Y2   Y3   Y4
 1 17:27:56 22   64   179  182   49   48   211  218   76   99  0.15 0.17 0.36 0.52

04APR2016  17:28:04  Gain: 22  Zoff: 234 279 406 227
No   Time    G  PAR    F1   F2   F3   F4   Fm1  Fm2  Fm3  Fm4    Y1   Y2   Y3   Y4
 1 17:28:05 22   64   180  181   52   52   216  214   72  106  0.17 0.15 0.28 0.51
 2 17:28:26 22   16   182  185   54   53   224  227   90  102  0.19 0.19 0.40 0.48
 3 17:28:47 22   64   182  183   54   54   202  208   81  102  0.10 0.12 0.33 0.47
 4 17:29:07 22  128   179  181   54   54   213  219   85  109  0.16 0.17 0.36 0.50
 5 17:29:27 22  192   176  176   56   57   204  215   88  106  0.14 0.18 0.36 0.46
 6 17:29:48 22  256   172  171   56   57   197  205   86  103  0.13 0.17 0.35 0.45
 7 17:30:08 22  320   175  170   60   62   204  197   92  117  0.14 0.14 0.35 0.47
 8 17:30:28 22  384   178  169   64   67   212  194   87  115  0.16 0.13 0.26 0.42
 9 17:30:48 22  448   172  163   62   65   198  189   93  112  0.13 0.14 0.33 0.42
10 17:31:09 22  512   173  163   66   69   196  199   88  107  0.12 0.18 0.25 0.36
11 17:31:29 22  576   166  157   63   67   193  186   85  109  0.14 0.16 0.26 0.39
12 17:31:49 22  640   167  157   66   70   193  173   90  103  0.13 0.09 0.27 0.32
13 17:32:09 22  704   172  156   71   77   194  181   99  116  0.11 0.14 0.28 0.34
14 17:32:30 22  832   164  149   70   75   163  167   87  107  ---- 0.11 0.20 0.30
;            Ch1    Ch2    Ch3    Ch4      blue   green  brown
;  alpha:   0.346  0.395  0.835  1.145     1.731 -0.000  0.488
; ETRmax:   453.1  234.3  410.8  570.3    2119.4    0.0  152.5
;     Ik:  1309.8  592.7  491.9  498.1    1224.2    0.0  312.5
;References: BL_US PMDA0174.REF2 GR_US PMDA0174.REF2 BR_US PMDA0174.REF2

;LTK 170m_04042016

04APR2016  17:35:28  Gain: 22  Zoff: 234 279 406 227
No   Time    G  PAR    F1   F2   F3   F4   Fm1  Fm2  Fm3  Fm4    Y1   Y2   Y3   Y4
 1 17:35:40 22   64   269  275   75   76   300  307  110  126  0.10 0.10 0.32 0.40

04APR2016  17:35:45  Gain: 22  Zoff: 234 279 406 227
No   Time    G  PAR    F1   F2   F3   F4   Fm1  Fm2  Fm3  Fm4    Y1   Y2   Y3   Y4
 1 17:35:46 22   64   269  273   78   78   301  292  113  129  0.11 0.07 0.31 0.40
 2 17:36:07 22   16   265  270   77   76   293  296  102  120  0.10 0.09 0.25 0.37
 3 17:36:27 22   64   256  261   73   74   278  293  100  129  0.08 0.11 0.27 0.43
 4 17:36:48 22  128   254  257   75   76   286  281  109  123  0.11 0.09 0.31 0.38
 5 17:37:08 22  192   250  251   75   77   266  279  100  119  0.06 0.10 0.25 0.35
 6 17:37:28 22  256   244  243   75   78   268  270   96  122  0.09 0.10 0.22 0.36
 7 17:37:49 22  320   237  234   75   78   267  268  102  126  0.11 0.13 0.26 0.38
 8 17:38:09 22  384   234  230   76   79   255  265   94  118  0.08 0.13 0.19 0.33
 9 17:38:29 22  448   227  221   76   80   254  246  101  123  0.11 0.10 0.25 0.35
10 17:38:49 22  512   225  217   78   81   249  253   99  114  0.10 0.14 0.21 0.29
11 17:39:10 22   94   220  210   78   82   102   63  283  250  ---- ---- 0.72 0.67
12 17:39:30 22  640   209  215   59   71   226  247   90   96  0.08 0.13 0.34 0.26
13 17:39:50 22  704   217  205   79   84   238  232  106  128  0.09 0.12 0.25 0.34
14 17:40:11 22  832   215  198   84   89   217  223  103  126  ---- 0.11 0.18 0.29
;            Ch1    Ch2    Ch3    Ch4      blue   green  brown
;  alpha:   0.142  0.265  0.497  0.661     1.481 -0.000  0.290
; ETRmax:    57.6  725.8  646.2  463.4      53.5    0.0  349.7
;     Ik:   406.4 2736.0 1301.1  700.8      36.2    0.0 1205.7
;References: BL_US PMDA0174.REF2 GR_US PMDA0174.REF2 BR_US PMDA0174.REF2

;LTK 170m_04042016

04APR2016  17:42:53  Gain: 22  Zoff: 234 279 406 227
No   Time    G  PAR    F1   F2   F3   F4   Fm1  Fm2  Fm3  Fm4    Y1   Y2   Y3   Y4
 1 17:43:05 22   64   251  257   68   68   280  286   96  118  0.10 0.10 0.29 0.42

04APR2016  17:43:09  Gain: 22  Zoff: 234 279 406 227
No   Time    G  PAR    F1   F2   F3   F4   Fm1  Fm2  Fm3  Fm4    Y1   Y2   Y3   Y4
 1 17:43:10 22   64   250  254   70   69   278  283   96  112  0.10 0.10 0.27 0.38
 2 17:43:31 22   16   246  251   68   67   265  283   90  109  0.07 0.11 0.24 0.39
 3 17:43:52 22   64   242  248   67   67   271  290   96  107  0.11 0.14 0.30 0.37
 4 17:44:12 22  128   242  246   69   69   268  268   90  108  0.10 0.08 0.23 0.36
 5 17:44:32 22  192   230  232   67   67   260  257   91  118  0.12 0.10 0.26 0.43
 6 17:44:53 22  256   229  228   69   68   247  260   89  115  0.07 0.12 0.22 0.41
 7 17:45:13 22  320   224  222   69   69   248  248  101  116  0.10 0.10 0.32 0.41
 8 17:45:33 22  384   218  213   68   69   235  234   91  109  0.07 0.09 0.25 0.37
 9 17:45:53 22  448   213  206   68   69   225  234   98  113  0.05 0.12 0.31 0.39
10 17:46:14 22  512   209  201   70   70   227  220   88  116  0.08 0.09 0.20 0.40
11 17:46:34 22  576   203  193   69   70   215  217   90  118  0.06 0.11 0.23 0.41
12 17:46:54 22  640   197  186   69   70   220  208   95  103  0.10 0.11 0.27 0.32
13 17:47:15 22  704   194  181   69   71   224  209   93  122  0.13 0.13 0.26 0.42
14 17:47:35 22  832   190  174   71   72   200  204   87  125  0.05 0.15 0.18 0.42
;            Ch1    Ch2    Ch3    Ch4      blue   green  brown
;  alpha:   0.216  0.188  0.473  1.163    -0.000 -0.000  0.291
; ETRmax:   701.2  331.0  199.4  885.7       0.0    0.0 83599.8
;     Ik:  3246.7 1759.5  421.3  761.3       0.0    0.0 287133.3
;References: BL_US PMDA0174.REF2 GR_US PMDA0174.REF2 BR_US PMDA0174.REF2

;LTK 180m_04042016

04APR2016  17:50:11  Gain: 22  Zoff: 234 279 406 227
No   Time    G  PAR    F1   F2   F3   F4   Fm1  Fm2  Fm3  Fm4    Y1   Y2   Y3   Y4
 1 17:50:27 22   64   139  141   37   37   168  174   74   88  0.17 0.19 0.50 0.58

04APR2016  17:50:32  Gain: 22  Zoff: 234 279 406 227
No   Time    G  PAR    F1   F2   F3   F4   Fm1  Fm2  Fm3  Fm4    Y1   Y2   Y3   Y4
 1 17:50:33 22   64   139  138   38   39   169  175   69   76  0.18 0.21 0.45 0.49
 2 17:50:54 22   16   133  135   35   35   174  175   61   93  0.24 0.23 0.43 0.62
 3 17:51:15 22   64   133  136   34   34   160  167   72   83  0.17 0.19 0.53 0.59
 4 17:51:35 22  128   131  132   37   37   155  167   76   87  0.15 0.21 0.51 0.57
 5 17:51:55 22  192   132  130   40   41   157  149   69   82  0.16 0.13 0.42 0.50
 6 17:52:15 22  256   129  125   40   41   146  168   70   88  0.12 0.26 0.43 0.53
 7 17:52:36 22  320   127  121   40   41   153  162   67   94  0.17 0.25 0.40 0.56
 8 17:52:56 22  384   124  118   41   42   154  162   71   92  0.19 0.27 0.42 0.54
 9 17:53:16 22  448   124  116   43   44   154  138   71   89  0.19 0.16 0.39 0.51
10 17:53:36 22  187   125  114   46   47   151  145   79   87  0.17 0.21 0.42 0.46
11 17:53:57 22  576   125  113   48   49   155  147   67   95  0.19 0.23 0.28 0.48
12 17:54:17 22  640   123  109   46   48   143  143   65   95  0.14 0.24 0.29 0.49
13 17:54:37 22  704   121  106   48   50   143  138   65   92  0.15 0.23 0.26 0.46
14 17:54:58 22  832   122  102   52   54   124  127   73  108  ---- 0.20 0.29 0.50
;            Ch1    Ch2    Ch3    Ch4      blue   green  brown
;  alpha:   0.312  0.491  0.810  1.234     1.666 -0.000  0.424
; ETRmax:   163.6 6810.1  263.3 1380.9    13909.5    0.0  137.5
;     Ik:   524.1 13869.9  324.9 1119.5    8347.1    0.0  324.3
;References: BL_US PMDA0174.REF2 GR_US PMDA0174.REF2 BR_US PMDA0174.REF2

;LTK 190m_04042016

04APR2016  17:58:11  Gain: 22  Zoff: 234 279 406 227
No   Time    G  PAR    F1   F2   F3   F4   Fm1  Fm2  Fm3  Fm4    Y1   Y2   Y3   Y4
 1 17:58:33 22   64    86   87   16   14   125  122   44   70  0.31 0.29 ---- ----

04APR2016  17:58:40  Gain: 22  Zoff: 234 279 406 227
No   Time    G  PAR    F1   F2   F3   F4   Fm1  Fm2  Fm3  Fm4    Y1   Y2   Y3   Y4
 1 17:58:40 22   64    87   85   19   17   123  115   48   71  0.29 0.26 ---- ----
 2 17:59:02 22   16    85   86   18   15   116  123   45   64  0.27 0.30 ---- ----
 3 17:59:22 22   64    88   89   19   17   128  127   50   61  0.31 0.30 ---- ----
 4 17:59:43 22  128    90   89   21   20   114  128   52   69  0.21 0.30 0.60 ----
 5 18:00:03 22  192    89   86   24   22   114  112   50   72  0.22 0.23 0.52 0.69
 6 18:00:23 22  256    91   85   27   25   117  121   55   72  0.22 0.30 0.51 0.65
 7 18:00:44 22  320    91   84   28   27   110  123   53   77  0.17 0.32 0.47 0.65
 8 18:01:04 22  384    92   84   30   30   111  120   55   76  0.17 0.30 0.45 0.61
 9 18:01:24 22  448    93   82   32   32   118  118   57   75  0.21 0.31 0.44 0.57
10 18:01:44 22  512    94   82   34   34   116  107   62   74  0.19 0.23 0.45 0.54
11 18:02:05 22  576    96   82   37   37   117  113   57   85  0.18 0.27 0.35 0.56
12 18:02:25 22  640    97   82   40   40   125  120   54   83  0.22 0.32 0.26 0.52
13 18:02:45 22  704    99   82   41   43   123  105   75   87  0.20 0.22 0.45 0.51
14 18:03:05 22  832   100   80   44   47   112   99   58   87  0.11 0.19 0.24 0.46
;            Ch1    Ch2    Ch3    Ch4      blue   green  brown
;  alpha:   0.431  0.472  1.118  1.298     2.230 -0.000  0.647
; ETRmax:   205.8  169.8  389.7  556.7    1294.0    0.0  211.6
;     Ik:   478.0  359.9  348.4  428.9     580.3    0.0  326.9
;References: BL_US PMDA0174.REF2 GR_US PMDA0174.REF2 BR_US PMDA0174.REF2

;LTK 200m_04042016

04APR2016  18:06:41  Gain: 22  Zoff: 234 279 406 227
No   Time    G  PAR    F1   F2   F3   F4   Fm1  Fm2  Fm3  Fm4    Y1   Y2   Y3   Y4
 1 18:06:55 22   64    80   77   12    9   112  117   41   62  0.29 0.34 ---- ----

04APR2016  18:07:01  Gain: 22  Zoff: 234 279 406 227
No   Time    G  PAR    F1   F2   F3   F4   Fm1  Fm2  Fm3  Fm4    Y1   Y2   Y3   Y4
 1 18:07:01 22   64    80   76   14   11   110  113   34   50  0.27 0.33 ---- ----
 2 18:07:23 22   16    80   76   13    9   106  103   37   59  0.25 0.26 ---- ----
 3 18:07:43 22   64    78   75   12    8   110  111   32   66  0.29 0.32 ---- ----
 4 18:08:04 22  128    80   75   15   11    97  112   39   63  0.18 0.33 ---- ----
 5 18:08:24 22  192    80   73   16   13   117   99   40   58  0.32 0.26 ---- ----
 6 18:08:44 22  256    81   72   19   15   110   95   37   68  0.26 0.24 ---- ----
 7 18:09:04 22  320    82   71   21   18   108  105   56   66  0.24 0.32 0.63 ----
 8 18:09:25 22  384    84   70   23   21   108  108   56   63  0.22 0.35 0.59 0.67
 9 18:09:45 22  448    83   69   25   22    92   97   49   71  0.10 0.29 0.49 0.69
10 18:10:05 22  512    82   66   26   24   112   90   51   62  0.27 0.27 0.49 0.61
11 18:10:25 22  576    83   66   28   27   108   93   52   59  0.23 0.29 0.46 0.54
12 18:10:46 22  640    85   66   30   29   107   98   48   62  0.21 0.33 0.38 0.53
13 18:11:06 22  704    85   64   31   30   109   96   52   73  0.22 0.33 0.40 0.59
14 18:11:26 22  832    86   62   34   34    94   89   61   74  ---- 0.30 0.44 0.54
;            Ch1    Ch2    Ch3    Ch4      blue   green  brown
;  alpha:   0.560  0.529  2.295  1.975    -0.000 -0.000  0.815
; ETRmax:  1333.5  351.3 1093.1 1512.7       0.0    0.0 7994.7
;     Ik:  2380.2  664.5  476.3  765.9       0.0    0.0 9813.8
;References: BL_US PMDA0174.REF2 GR_US PMDA0174.REF2 BR_US PMDA0174.REF2
