;Exreriment 1 - 2nd measurement (3) 0m
27MAY2015  17:31:19  Gain: 22  Zoff: 40 18 53 64
No   Time    G  PAR    F1   F2   F3   F4   Fm1  Fm2  Fm3  Fm4    Y1   Y2   Y3   Y4
 1 17:31:20 22   16   215  387  227  212   323  459  303  323  0.33 0.16 0.25 0.34
 2 17:31:41 22   16   216  387  228  214   327  459  308  320  0.34 0.16 0.26 0.33
 3 17:32:01 22  128   226  391  236  224   297  445  280  305  0.24 0.12 0.16 0.27
 4 17:32:22 22  192   223  389  236  224   287  439  277  299  0.22 0.11 0.15 0.25
 5 17:32:42 22  256   224  388  237  226   277  438  285  294  0.19 0.11 0.17 0.23
 6 17:33:02 22  180   225  319  240  228   280  437  278  291  0.20 0.27 0.14 0.22
 7 17:33:23 22  384   233  385  251  242   269  422  279  289  0.13 0.09 0.10 0.16
 8 17:33:43 22  448   225  384  243  232   271  426  277  294  0.17 0.10 0.12 0.21
 9 17:34:03 22  512   227  385  244  233   272  427  283  297  0.17 0.10 0.14 0.22
10 17:34:23 22  576   228  384  246  236   273  418  284  293  0.16 0.08 0.13 0.19
11 17:34:44 22  640   228  383  247  236   268  425  283  288  0.15 0.10 0.13 0.18
12 17:35:04 22  704   227  382  248  237   263  425  279  292  0.14 0.10 0.11 0.19
;            Ch1    Ch2    Ch3    Ch4      blue   green  brown
;  alpha:   0.407  0.269  0.301  0.482     0.365 -0.000  0.367
; ETRmax:  2108.4 1546.6 1700965. 6738.2    2003379.    0.0 2202.9
;     Ik:  5178.5 5752.3 5654874. 13968.3    5490823.    0.0 6005.2
;References: BL_US PMDA0174.REF2 GR_US PMDA0174.REF2 BR_US PMDA0174.REF2

;Experiment 1-2nd measurement (3) 15m

Experiment 1 - 2nd measurent (3) 15m
27MAY2015  17:37:45  Gain: 22  Zoff: 40 18 53 64
No   Time    G  PAR    F1   F2   F3   F4   Fm1  Fm2  Fm3  Fm4    Y1   Y2   Y3   Y4
;    Time    G  PAR    F1   F2   F3   F4     c(Bl)   c(Gr)   c(Br)   Sum c  Total c  c/F(Bl) c/F(Br)
cF 17:41:46 22   16   282  430  266  261     0.61    ----    0.84    1.45    1.62    1.25    0.75
; Based on Chlorophyll Calibration file default_PMDA0174.cal

27MAY2015  17:42:22  Gain: 22  Zoff: 40 18 53 64
No   Time    G  PAR    F1   F2   F3   F4   Fm1  Fm2  Fm3  Fm4    Y1   Y2   Y3   Y4
 1 17:42:22 22   16   281  434  264  259   440  553  376  411  0.36 0.22 0.30 0.37
 2 17:42:44 22   16   281  434  266  260   433  554  374  410  0.35 0.22 0.29 0.37
 3 17:43:04 22  128   292  442  274  270   370  530  327  368  0.21 0.17 0.16 0.27
 4 17:43:24 22  192   288  442  273  269   378  529  339  359  0.24 0.16 0.19 0.25
 5 17:43:45 22  256   291  443  276  274   363  516  333  356  0.20 0.14 0.17 0.23
 6 17:44:05 22  320   290  441  279  276   359  504  332  357  0.19 0.13 0.16 0.23
 7 17:44:25 22  384   290  440  280  277   347  506  333  362  0.16 0.13 0.16 0.23
 8 17:44:46 22  448   284  437  279  276   341  495  323  343  0.17 0.12 0.14 0.20
 9 17:45:06 22  512   284  436  279  276   339  496  326  351  0.16 0.12 0.14 0.21
10 17:45:26 22  576   286  437  281  280   341  491  338  343  0.16 0.11 0.17 0.18
11 17:45:46 22  640   291  440  287  286   343  490  323  351  0.15 0.10 0.11 0.19
12 17:46:07 22  704   295  442  291  290   339  500  332  349  0.13 0.12 0.12 0.17
;            Ch1    Ch2    Ch3    Ch4      blue   green  brown
;  alpha:   0.801  0.430  0.641  0.815     0.638 -0.000  0.687
; ETRmax:   300.8  348.6  289.0  469.0     371.9    0.0  304.7
;     Ik:   375.6  811.4  451.1  575.4     583.1    0.0  443.3
;References: BL_US PMDA0174.REF2 GR_US PMDA0174.REF2 BR_US PMDA0174.REF2
