
;LTK 0m_10062015

06OCT2015  18:30:02  Gain: 23  Zoff: -535 -559 218 -528
No   Time    G  PAR    F1   F2   F3   F4   Fm1  Fm2  Fm3  Fm4    Y1   Y2   Y3   Y4
;    Time    G  PAR    F1   F2   F3   F4     c(Bl)   c(Gr)   c(Br)   Sum c  Total c  c/F(Bl) c/F(Br)
cF 18:32:27 23   16   455  559  422  404     0.67    ----    0.81    1.48    1.63    1.25    0.75
; Based on Chlorophyll Calibration file default_PMDA0174.cal

06OCT2015  18:32:57  Gain: 23  Zoff: -535 -559 218 -528
No   Time    G  PAR    F1   F2   F3   F4   Fm1  Fm2  Fm3  Fm4    Y1   Y2   Y3   Y4
 1 18:32:57 23   16   442  529  388  383   592  629  486  519  0.25 0.16 0.20 0.26
 2 18:33:19 23   16   441  529  388  382   591  628  478  510  0.25 0.16 0.19 0.25
 3 18:33:39 23   64   451  542  392  388   568  640  471  504  0.21 0.15 0.17 0.23
 4 18:33:59 23  128   447  540  393  388   554  643  456  502  0.19 0.16 0.14 0.23
 5 18:34:19 23  192   439  535  392  387   535  623  460  493  0.18 0.14 0.15 0.22
 6 18:34:40 23  256   435  532  393  388   510  616  454  486  0.15 0.14 0.13 0.20
 7 18:35:00 23  320   435  532  396  391   501  629  462  498  0.13 0.15 0.14 0.21
 8 18:35:20 23  384   433  530  397  392   506  618  444  470  0.14 0.14 0.11 0.17
 9 18:35:41 23  448   432  529  397  394   494  610  452  485  0.13 0.13 0.12 0.19
10 18:36:01 23 -460   431  529  399  395   498  612  446  473  0.13 0.14 0.11 0.16
11 18:36:21 23  576   431  529  401  397   475  616  449  486  0.09 0.14 0.11 0.18
12 18:36:41 23  640   432  530  403  401   484  598  442  481  0.11 0.11 0.09 0.17
13 18:37:02 23  704   436  531  407  406   494  606  454  486  0.12 0.12 0.10 0.16
14 18:37:22 23  832   397  513  381  401   454  606  455  484  0.13 0.15 0.16 0.17
;            Ch1    Ch2    Ch3    Ch4      blue   green  brown
;  alpha:   0.389  0.317  0.361  0.522     0.371 -0.000  0.378
; ETRmax:   146.4  861.5  170.2  266.3     230.5    0.0  220.2
;     Ik:   376.2 2719.0  471.1  510.1     622.0    0.0  582.3
;References: BL_US PMDA0174.REF2 GR_US PMDA0174.REF2 BR_US PMDA0174.REF2

;LTK 20m_10062015
06OCT2015  16:28:14  Gain: 23  Zoff: -535 -559 218 -528
No   Time    G  PAR    F1   F2   F3   F4   Fm1  Fm2  Fm3  Fm4    Y1   Y2   Y3   Y4
;    Time    G  PAR    F1   F2   F3   F4     c(Bl)   c(Gr)   c(Br)   Sum c  Total c  c/F(Bl) c/F(Br)
cF 16:32:19 23    1   581  621  482  497     0.77    ----    0.98    1.75    1.93    1.25    0.75
; Based on Chlorophyll Calibration file default_PMDA0174.cal

06OCT2015  16:32:34  Gain: 23  Zoff: -535 -559 218 -528
No   Time    G  PAR    F1   F2   F3   F4   Fm1  Fm2  Fm3  Fm4    Y1   Y2   Y3   Y4
 1 16:32:34 23   16   586  623  487  499  1010  899  762  831  0.42 0.31 0.36 0.40
 2 16:32:56 23    1   598  632  491  506   991  896  729  812  0.40 0.29 0.33 0.38
 3 16:33:16 23   64   625  655  502  520   942  895  698  779  0.34 0.27 0.28 0.33
 4 16:33:36 23  128   590  641  491  507   810  839  647  698  0.27 0.24 0.24 0.27
 5 16:33:57 23  192   578  637  487  503   795  854  630  696  0.27 0.25 0.23 0.28
 6 16:34:17 23  256   598  650  499  518   776  838  642  712  0.23 0.22 0.22 0.27
 7 16:34:37 23  320   594  647  502  523   763  816  608  691  0.22 0.21 0.17 0.24
 8 16:34:57 23  384   582  639  495  513   699  814  584  638  0.17 0.21 0.15 0.20
 9 16:35:18 23  448   580  638  494  512   691  780  592  641  0.16 0.18 0.17 0.20
10 16:35:38 23  512   570  633  487  505   673  782  581  617  0.15 0.19 0.16 0.18
11 16:35:58 23  576   579  642  491  512   691  803  560  623  0.16 0.20 0.12 0.18
12 16:36:18 23  640   598  657  500  523   700  803  592  645  0.15 0.18 0.16 0.19
13 16:36:39 23  704   608  659  504  527   713  779  586  650  0.15 0.15 0.14 0.19
14 16:36:59 23  832   562  635  478  521   639  762  563  642  0.12 0.17 0.15 0.19
;            Ch1    Ch2    Ch3    Ch4      blue   green  brown
;  alpha:   0.867  0.623  0.705  0.788     0.598 -0.000  0.801
; ETRmax:   177.4  275.6  179.7  248.7     179.7    0.0  231.1
;     Ik:   204.5  442.5  254.7  315.5     300.5    0.0  288.5
;References: BL_US PMDA0174.REF2 GR_US PMDA0174.REF2 BR_US PMDA0174.REF2

;LTK 40m_10062015

06OCT2015  16:37:05  Gain: 23  Zoff: -535 -559 218 -528
No   Time    G  PAR    F1   F2   F3   F4   Fm1  Fm2  Fm3  Fm4    Y1   Y2   Y3   Y4
;    Time    G  PAR    F1   F2   F3   F4     c(Bl)   c(Gr)   c(Br)   Sum c  Total c  c/F(Bl) c/F(Br)
cF 16:39:53 23    1   319  452  234  281     0.35    ----    0.64    0.99    1.14    1.25    0.75
; Based on Chlorophyll Calibration file default_PMDA0174.cal

06OCT2015  16:40:26  Gain: 23  Zoff: -535 -559 218 -528
No   Time    G  PAR    F1   F2   F3   F4   Fm1  Fm2  Fm3  Fm4    Y1   Y2   Y3   Y4
 1 16:40:27 23   16   572  843  468  478  1060 1349  752  844  0.46 0.38 0.38 0.43
 2 16:40:49 23   16   597  866  474  487   973 1305  724  796  0.39 0.34 0.35 0.39
 3 16:41:09 23   64   616  886  494  511   964 1308  712  812  0.36 0.32 0.31 0.37
 4 16:41:29 23  128   622  890  498  517   927 1285  706  766  0.33 0.31 0.29 0.33
 5 16:41:49 23  192   656  914  523  547   945 1293  710  783  0.31 0.29 0.26 0.30
 6 16:42:10 23  256   672  930  531  558   899 1257  681  769  0.25 0.26 0.22 0.27
 7 16:42:30 23  320   679  937  539  567   890 1233  684  775  0.24 0.24 0.21 0.27
 8 16:42:50 23  384   675  936  540  567   865 1225  668  738  0.22 0.24 0.19 0.23
 9 16:43:10 23  448   682  946  545  572   836 1228  656  719  0.18 0.23 0.17 0.20
10 16:43:31 23  512   683  950  546  574   831 1207  649  724  0.18 0.21 0.16 0.21
11 16:43:51 23  576   674  954  541  570   809 1194  630  714  0.17 0.20 0.14 0.20
12 16:44:11 23  640   681  963  546  575   812 1197  632  717  0.16 0.20 0.14 0.20
13 16:44:31 23  704   693  977  551  581   807 1216  645  711  0.14 0.20 0.15 0.18
14 16:44:52 23  832   668  989  516  575   829 1262  639  735  0.19 0.22 0.19 0.22
;            Ch1    Ch2    Ch3    Ch4      blue   green  brown
;  alpha:   0.970  0.794  0.820  0.924     0.598 -0.000  0.933
; ETRmax:   380.5  667.8  367.2  520.2     304.3    0.0  594.8
;     Ik:   392.2  841.4  447.9  563.2     508.9    0.0  637.6
;References: BL_US PMDA0174.REF2 GR_US PMDA0174.REF2 BR_US PMDA0174.REF2

;LTK 60m_10062015

06OCT2015  16:44:58  Gain: 23  Zoff: -535 -559 218 -528
No   Time    G  PAR    F1   F2   F3   F4   Fm1  Fm2  Fm3  Fm4    Y1   Y2   Y3   Y4
;    Time    G  PAR    F1   F2   F3   F4     c(Bl)   c(Gr)   c(Br)   Sum c  Total c  c/F(Bl) c/F(Br)
cF 16:50:03 23   16   149  164  133  133     0.22    ----    0.25    0.47    0.51    1.25    0.75
; Based on Chlorophyll Calibration file default_PMDA0174.cal

06OCT2015  16:50:36  Gain: 23  Zoff: -535 -559 218 -528
No   Time    G  PAR    F1   F2   F3   F4   Fm1  Fm2  Fm3  Fm4    Y1   Y2   Y3   Y4
 1 16:50:37 23   16   460  514  402  401   681  648  537  592  0.32 0.21 0.25 0.32
 2 16:50:59 23   16   464  522  403  405   694  680  546  606  0.33 0.23 0.26 0.33
 3 16:51:19 23   64   494  536  420  425   670  665  534  577  0.26 0.19 0.21 0.26
 4 16:51:39 23    1   506  540  430  435   627  634  519  560  0.19 0.15 0.17 0.22
 5 16:52:00 23  192   517  545  440  448   629  637  516  556  0.18 0.14 0.15 0.19
 6 16:52:20 23  256   530  557  451  462   626  619  515  556  0.15 0.10 0.12 0.17
 7 16:52:40 23  320   528  549  450  460   616  629  510  548  0.14 0.13 0.12 0.16
 8 16:53:00 23  384   533  551  452  464   621  635  505  542  0.14 0.13 0.10 0.14
 9 16:53:21 23  448   551  565  462  478   621  632  498  551  0.11 0.11 0.07 0.13
10 16:53:41 23  512   547  559  460  474   610  608  524  564  0.10 0.08 0.12 0.16
11 16:54:01 23  576   543  556  460  473   591  608  503  540  0.08 0.09 0.09 0.12
12 16:54:22 23  640   529  546  454  465   590  607  488  523  0.10 0.10 0.07 0.11
13 16:54:42 23  704   524  543  449  461   581  586  477  523  0.10 0.07 0.06 0.12
14 16:55:02 23  832   488  528  427  457   531  603  471  526  0.08 0.12 0.09 0.13
;            Ch1    Ch2    Ch3    Ch4      blue   green  brown
;  alpha:   0.554  0.363  0.456  0.534     0.413 -0.000  0.502
; ETRmax:   123.5  138.3  103.6  169.8     112.0    0.0  139.1
;     Ik:   223.0  381.2  227.1  317.8     271.0    0.0  277.0
;References: BL_US PMDA0174.REF2 GR_US PMDA0174.REF2 BR_US PMDA0174.REF2

;LTK 80m_10062015

06OCT2015  16:55:06  Gain: 23  Zoff: -535 -559 218 -528
No   Time    G  PAR    F1   F2   F3   F4   Fm1  Fm2  Fm3  Fm4    Y1   Y2   Y3   Y4
;    Time    G  PAR    F1   F2   F3   F4     c(Bl)   c(Gr)   c(Br)   Sum c  Total c  c/F(Bl) c/F(Br)
cF 16:57:39 23   16   359  420  329  323     0.53    ----    0.63    1.16    1.27    1.25    0.75
; Based on Chlorophyll Calibration file default_PMDA0174.cal

06OCT2015  16:58:23  Gain: 23  Zoff: -535 -559 218 -528
No   Time    G  PAR    F1   F2   F3   F4   Fm1  Fm2  Fm3  Fm4    Y1   Y2   Y3   Y4
 1 16:58:23 23   16   378  447  345  339   551  573  459  493  0.31 0.22 0.25 0.31
 2 16:58:45 23   16   376  447  343  337   518  564  436  483  0.27 0.21 0.21 0.30
 3 16:59:05 23   64   413  465  365  363   508  551  436  474  0.19 0.16 0.16 0.23
 4 16:59:26 23  128   427  474  374  373   514  537  436  458  0.17 0.12 0.14 0.19
 5 16:59:46 23  192   436  476  382  381   521  539  446  453  0.16 0.12 0.14 0.16
 6 17:00:06 23  256   454  482  398  399   523  534  448  477  0.13 0.10 0.11 0.16
 7 17:00:26 23  320   447  477  391  392   497  534  431  451  0.10 0.11 0.09 0.13
 8 17:00:47 23  384   445  474  395  397   506  531  429  472  0.12 0.11 0.08 0.16
 9 17:01:07 23  448   445  473  395  399   481  520  433  469  0.07 0.09 0.09 0.15
10 17:01:27 23  512   444  473  393  398   480  517  426  466  0.08 0.09 0.08 0.15
11 17:01:48 23  576   445  472  395  399   496  508  425  463  0.10 0.07 0.07 0.14
12 17:02:08 23  640   451  474  398  403   488  512  426  451  0.08 0.07 0.07 0.11
13 17:02:28 23  704   449  473  401  406   486  511  429  473  0.08 0.07 0.07 0.14
14 17:02:48 23  832   422  460  384  409   477  512  431  467  0.12 0.10 0.11 0.12
;            Ch1    Ch2    Ch3    Ch4      blue   green  brown
;  alpha:   0.673  0.462  0.525  0.657     0.483 -0.000  0.623
; ETRmax:   140.6  154.8  134.6  264.9     198.4    0.0  158.6
;     Ik:   209.0  334.8  256.6  403.4     410.6    0.0  254.4
;References: BL_US PMDA0174.REF2 GR_US PMDA0174.REF2 BR_US PMDA0174.REF2

;LTK 100m_10062015

06OCT2015  17:03:01  Gain: 23  Zoff: -535 -559 218 -528
No   Time    G  PAR    F1   F2   F3   F4   Fm1  Fm2  Fm3  Fm4    Y1   Y2   Y3   Y4
;    Time    G  PAR    F1   F2   F3   F4     c(Bl)   c(Gr)   c(Br)   Sum c  Total c  c/F(Bl) c/F(Br)
cF 17:06:06 23   16   245  312  218  228     0.35    ----    0.45    0.80    0.89    1.25    0.75
; Based on Chlorophyll Calibration file default_PMDA0174.cal

06OCT2015  17:06:44  Gain: 23  Zoff: -535 -559 218 -528
No   Time    G  PAR    F1   F2   F3   F4   Fm1  Fm2  Fm3  Fm4    Y1   Y2   Y3   Y4
 1 17:06:45 23   16   360  468  328  319   460  546  393  419  0.22 0.14 0.17 0.24
 2 17:07:06 23   16   356  466  328  318   439  537  393  414  0.19 0.13 0.17 0.23
 3 17:07:27 23   64   368  472  334  327   433  528  388  418  0.15 0.11 0.14 0.22
 4 17:07:47 23  128   377  475  342  335   432  526  389  407  0.13 0.10 0.12 0.18
 5 17:08:07 23  192   387  482  348  342   441  527  387  409  0.12 0.09 0.10 0.16
 6 17:08:27 23  256   395  484  354  350   416  531  397  415  0.05 0.09 0.11 0.16
 7 17:08:48 23  320   393  482  354  349   432  529  394  399  0.09 0.09 0.10 0.13
 8 17:09:08 23  384   390  478  353  349   439  528  379  410  0.11 0.09 0.07 0.15
 9 17:09:28 23  448   399  482  360  356   444  513  394  415  0.10 0.06 0.09 0.14
10 17:09:49 23  512   397  479  359  355   426  517  376  410  0.07 0.07 0.05 0.13
11 17:10:09 23  576   390  472  359  354   432  495  380  412  0.10 0.05 0.06 0.14
12 17:10:29 23  640   386  468  356  351   422  513  387  404  0.09 0.09 0.08 0.13
13 17:10:49 23  704   384  465  357  352   414  500  385  391  0.07 0.07 0.07 0.10
14 17:11:10 23  832   344  443  329  348   385  506  374  405  0.11 0.12 0.12 0.14
;            Ch1    Ch2    Ch3    Ch4      blue   green  brown
;  alpha:   0.433  0.273  0.364  0.514     0.393 -0.000  0.365
; ETRmax:   163.0  272.8  172.0  361.7     303.7    0.0  268.8
;     Ik:   376.3  998.9  472.0  703.8     773.7    0.0  735.8
;References: BL_US PMDA0174.REF2 GR_US PMDA0174.REF2 BR_US PMDA0174.REF2

;LTK 110m_10062015

06OCT2015  17:11:46  Gain: 23  Zoff: -535 -559 218 -528
No   Time    G  PAR    F1   F2   F3   F4   Fm1  Fm2  Fm3  Fm4    Y1   Y2   Y3   Y4
;    Time    G  PAR    F1   F2   F3   F4     c(Bl)   c(Gr)   c(Br)   Sum c  Total c  c/F(Bl) c/F(Br)
cF 17:15:11 23   16   241  311  200  221     0.32    ----    0.45    0.77    0.86    1.25    0.75
; Based on Chlorophyll Calibration file default_PMDA0174.cal

06OCT2015  17:15:43  Gain: 23  Zoff: -535 -559 218 -528
No   Time    G  PAR    F1   F2   F3   F4   Fm1  Fm2  Fm3  Fm4    Y1   Y2   Y3   Y4
 1 17:15:43 23   16   339  461  308  295   387  507  347  377  0.12 0.09 0.11 0.22
 2 17:16:05 23 -460   340  464  309  296   383  513  347  359  0.11 0.10 0.11 0.18
 3 17:16:25 23   64   340  461  309  297   379  500  343  365  0.10 0.08 0.10 0.19
 4 17:16:45 23  128   343  462  313  301   377  496  337  354  0.09 0.07 0.07 0.15
 5 17:17:06 23  192   345  460  315  304   379  496  337  364  0.09 0.07 0.07 0.16
 6 17:17:26 23  256   347  462  318  308   372  500  344  360  0.07 0.08 0.08 0.14
 7 17:17:46 23  320   350  460  321  311   394  511  348  371  0.11 0.10 0.08 0.16
 8 17:18:06 23 -460   344  455  319  309   369  491  344  363  0.07 0.07 0.07 0.15
 9 17:18:27 23  448   341  452  319  309   377  510  334  363  0.10 0.11 0.04 0.15
10 17:18:47 23  512   346  453  323  313   372  484  344  360  0.07 0.06 0.06 0.13
11 17:19:07 23  576   352  456  326  318   381  495  346  361  0.08 0.08 0.06 0.12
12 17:19:28 23  640   351  455  327  319   378  491  357  375  0.07 0.07 0.08 0.15
13 17:19:48 23  704   353  456  332  323   374  490  363  386  0.06 0.07 0.09 0.16
14 17:20:08 23  832   314  435  303  319   349  503  345  379  0.10 0.14 0.12 0.16
;            Ch1    Ch2    Ch3    Ch4      blue   green  brown
;  alpha:   0.229  0.211  0.178  0.374     0.290 -0.000  0.241
; ETRmax:   137.3  812.2 113747.9  469.9     644.2    0.0  574.7
;     Ik:   599.4 3842.7 637930.6 1255.3    2223.7    0.0 2380.3
;References: BL_US PMDA0174.REF2 GR_US PMDA0174.REF2 BR_US PMDA0174.REF2

;LTK 120m_10062015

06OCT2015  17:20:13  Gain: 23  Zoff: -535 -559 218 -528
No   Time    G  PAR    F1   F2   F3   F4   Fm1  Fm2  Fm3  Fm4    Y1   Y2   Y3   Y4
;    Time    G  PAR    F1   F2   F3   F4     c(Bl)   c(Gr)   c(Br)   Sum c  Total c  c/F(Bl) c/F(Br)
cF 17:22:51 23   16   316  429  299  285     0.47    ----    0.59    1.06    1.18    1.25    0.75
; Based on Chlorophyll Calibration file default_PMDA0174.cal

06OCT2015  17:23:05  Gain: 23  Zoff: -535 -559 218 -528
No   Time    G  PAR    F1   F2   F3   F4   Fm1  Fm2  Fm3  Fm4    Y1   Y2   Y3   Y4
 1 17:23:06 23   16   317  430  299  286   391  487  348  376  0.19 0.12 0.14 0.24
 2 17:23:28 23   16   323  433  304  290   394  506  365  376  0.18 0.14 0.17 0.23
 3 17:23:48 23   64   328  435  304  293   371  492  343  356  0.12 0.12 0.11 0.18
 4 17:24:08 23  128   325  433  307  296   373  489  339  373  0.13 0.11 0.09 0.21
 5 17:24:28 23  192   323  428  306  295   361  470  347  358  0.11 0.09 0.12 0.18
 6 17:24:49 23  256   327  431  311  300   361  480  353  372  0.09 0.10 0.12 0.19
 7 17:25:09 23  320   336  433  315  306   368  477  355  367  0.09 0.09 0.11 0.17
 8 17:25:29 23  384   332  430  316  307   372  489  352  370  0.11 0.12 0.10 0.17
 9 17:25:49 23  448   341  436  324  316   378  481  361  375  0.10 0.09 0.10 0.16
10 17:26:10 23  512   336  431  323  314   366  472  346  366  0.08 0.09 0.07 0.14
11 17:26:30 23  576   334  428  321  313   362  477  337  371  0.08 0.10 0.05 0.16
12 17:26:50 23  640   332  425  321  313   360  463  350  372  0.08 0.08 0.08 0.16
13 17:27:11 23  704   333  424  322  314   363  466  347  368  0.08 0.09 0.07 0.15
14 17:27:31 23  832   314  418  312  322   347  478  353  375  0.10 0.13 0.12 0.14
;            Ch1    Ch2    Ch3    Ch4      blue   green  brown
;  alpha:   0.348  0.233  0.260  0.473     0.329 -0.000  0.259
; ETRmax:   101.1 1689.7  141.5  233.9     196.9    0.0  585.6
;     Ik:   290.3 7244.1  543.5  494.0     598.5    0.0 2259.9
;References: BL_US PMDA0174.REF2 GR_US PMDA0174.REF2 BR_US PMDA0174.REF2

;LTK 130m_10062015

06OCT2015  17:27:36  Gain: 23  Zoff: -535 -559 218 -528
No   Time    G  PAR    F1   F2   F3   F4   Fm1  Fm2  Fm3  Fm4    Y1   Y2   Y3   Y4
;    Time    G  PAR    F1   F2   F3   F4     c(Bl)   c(Gr)   c(Br)   Sum c  Total c  c/F(Bl) c/F(Br)
cF 17:30:30 23   16   661  790  397  386     0.42    ----    1.23    1.65    1.98    1.25    0.75
; Based on Chlorophyll Calibration file default_PMDA0174.cal

06OCT2015  17:30:47  Gain: 23  Zoff: -535 -559 218 -528
No   Time    G  PAR    F1   F2   F3   F4   Fm1  Fm2  Fm3  Fm4    Y1   Y2   Y3   Y4
 1 17:30:48 23   16   660  789  398  385   697  825  411  442  0.05 0.04 0.03 0.13
 2 17:31:09 23   16   654  783  394  382   680  819  429  442  0.04 0.04 0.08 0.14
 3 17:31:30 23   64   650  778  392  380   674  814  426  437  0.04 0.04 0.08 0.13
 4 17:31:50 23  128   647  773  394  383   670  816  419  450  0.03 0.05 0.06 0.15
 5 17:32:10 23  192   642  764  394  382   684  801  427  438  0.06 0.05 0.08 0.13
 6 17:32:30 23  256   640  759  396  385   670  802  416  444  0.04 0.05 0.05 0.13
 7 17:32:51 23  320   636  751  397  386   645  787  423  453  0.01 0.05 0.06 0.15
 8 17:33:11 23  384   629  743  396  386   651  782  410  431  0.03 0.05 0.03 0.10
 9 17:33:31 23  448   622  735  395  385   648  772  418  449  0.04 0.05 0.06 0.14
10 17:33:52 23  512   616  731  395  386   644  767  419  448  0.04 0.05 0.06 0.14
11 17:34:12 23  576   615  728  397  389   632  764  428  444  0.03 0.05 0.07 0.12
12 17:34:32 23  640   612  723  399  391   653  754  423  443  0.06 0.04 0.06 0.12
13 17:34:52 23  704   605  713  397  389   628  743  415  441  0.04 0.04 0.04 0.12
14 17:35:13 23  832   538  668  347  365   577  736  408  447  0.07 0.09 0.15 0.18
;            Ch1    Ch2    Ch3    Ch4      blue   green  brown
;  alpha:   0.083  0.077  0.088  0.262     0.365 -0.000  0.127
; ETRmax:   147.4 36484.5  318.0 113619.6    3238.4    0.0 1382.4
;     Ik:  1779.9 475668.6 3629.5 433640.5    8883.6    0.0 10868.4
;References: BL_US PMDA0174.REF2 GR_US PMDA0174.REF2 BR_US PMDA0174.REF2

;LTK 140m_10062015

06OCT2015  17:35:16  Gain: 23  Zoff: -535 -559 218 -528
No   Time    G  PAR    F1   F2   F3   F4   Fm1  Fm2  Fm3  Fm4    Y1   Y2   Y3   Y4
;    Time    G  PAR    F1   F2   F3   F4     c(Bl)   c(Gr)   c(Br)   Sum c  Total c  c/F(Bl) c/F(Br)
cF 17:38:38 23   16  1476 1599  644  639     0.36    ----    2.68    3.04    3.62    1.25    0.75
; Based on Chlorophyll Calibration file default_PMDA0174.cal

06OCT2015  17:39:04  Gain: 23  Zoff: -535 -559 218 -528
No   Time    G  PAR    F1   F2   F3   F4   Fm1  Fm2  Fm3  Fm4    Y1   Y2   Y3   Y4
 1 17:39:04 23   16  1468 1595  639  633  1512 1642  681  720  0.03 0.03 0.06 0.12
 2 17:39:26 23   16  1457 1583  601  600  1530 1653  686  728  0.05 0.04 0.12 0.18
 3 17:39:46 23   64  1452 1582  631  625  1498 1632  666  703  0.03 0.03 0.05 0.11
 4 17:40:07 23  128  1447 1576  633  629  1490 1620  674  697  0.03 0.03 0.06 0.10
 5 17:40:27 23  192  1444 1567  638  635  1491 1608  691  714  0.03 0.03 0.08 0.11
 6 17:40:47 23  256  1440 1559  642  641  1473 1607  686  715  0.02 0.03 0.06 0.10
 7 17:41:07 23  320  1426 1542  638  636  1468 1582  681  694  0.03 0.03 0.06 0.08
 8 17:41:28 23  384  1409 1525  630  629  1453 1571  667  692  0.03 0.03 0.06 0.09
 9 17:41:48 23  448  1404 1517  631  629  1436 1552  665  693  0.02 0.02 0.05 0.09
10 17:42:08 23  512  1394 1508  631  630  1427 1560  658  685  0.02 0.03 0.04 0.08
11 17:42:29 23  576  1374 1490  623  621  1404 1520  663  673  0.02 0.02 0.06 0.08
12 17:42:49 23 -460  1359 1474  619  618  1391 1513  640  678  0.02 0.03 0.03 0.09
13 17:43:09 23  704  1344 1459  614  614  1375 1509  640  668  0.02 0.03 0.04 0.08
14 17:43:29 23  832  1226 1362  519  547  1295 1471  614  662  0.05 0.07 0.15 0.17
;            Ch1    Ch2    Ch3    Ch4      blue   green  brown
;  alpha:   0.051  0.072  0.154  0.191     0.302 -0.000  0.047
; ETRmax:   258.3  814.0  470.0 313874.2    303201.9    0.0 17204.6
;     Ik:  5036.4 11270.6 3059.2 1641720.    1004989.    0.0 367073.7
;References: BL_US PMDA0174.REF2 GR_US PMDA0174.REF2 BR_US PMDA0174.REF2

;LTK 150m_10062015

06OCT2015  17:43:33  Gain: 23  Zoff: -535 -559 218 -528
No   Time    G  PAR    F1   F2   F3   F4   Fm1  Fm2  Fm3  Fm4    Y1   Y2   Y3   Y4
;    Time    G  PAR    F1   F2   F3   F4     c(Bl)   c(Gr)   c(Br)   Sum c  Total c  c/F(Bl) c/F(Br)
cF 17:46:29 23   16  1841 1865  746  735     0.32    ----    3.25    3.57    3.62    1.25    0.75
; Based on Chlorophyll Calibration file default_PMDA0174.cal

06OCT2015  17:46:45  Gain: 23  Zoff: -535 -559 218 -528
No   Time    G  PAR    F1   F2   F3   F4   Fm1  Fm2  Fm3  Fm4    Y1   Y2   Y3   Y4
 1 17:46:45 23   16  1842 1866  748  737  1840 1864  771  791  ---- ---- 0.03 0.07
 2 17:47:07 23    1  1836 1866  744  731  1840 1864  760  786  ---- ---- 0.02 0.07
 3 17:47:27 23   64  1805 1866  733  722  1829 1864  753  783  0.01 ---- 0.03 0.08
 4 17:47:47 23  128  1769 1866  723  712  1773 1864  746  766  ---- ---- 0.03 0.07
 5 17:48:08 23  192  1721 1861  711  700  1719 1864  735  760  ---- ---- 0.03 0.08
 6 17:48:28 23  256  1682 1826  700  690  1703 1836  717  744  0.01 0.01 0.02 0.07
 7 17:48:48 23  320  1642 1783  689  680  1658 1804  712  727  0.01 0.01 0.03 0.06
 8 17:49:08 23  384  1598 1737  677  669  1619 1759  693  721  0.01 0.01 0.02 0.07
 9 17:49:29 23  448  1566 1702  670  662  1580 1711  697  695  0.01 0.01 0.04 0.05
10 17:49:49 23  512  1531 1666  661  652  1546 1691  691  702  0.01 0.01 0.04 0.07
11 17:50:09 23  576  1498 1630  652  645  1507 1646  683  669  0.01 0.01 0.05 0.04
12 17:50:29 23  640  1468 1597  645  637  1473 1613  654  683  ---- 0.01 0.01 0.07
13 17:50:50 23  704  1439 1567  637  630  1454 1589  660  668  0.01 0.01 0.03 0.06
14 17:51:10 23  832  1273 1422  505  529  1348 1533  613  667  0.06 0.07 0.18 0.21
;            Ch1    Ch2    Ch3    Ch4      blue   green  brown
;  alpha:   0.008  0.009  0.026  0.067     0.601 -0.000  0.007
; ETRmax:    10.7   42.4   69.5  174.5     450.9    0.0   15.2
;     Ik:  1282.1 4465.1 2696.3 2587.9     750.5    0.0 2059.9
;References: BL_US PMDA0174.REF2 GR_US PMDA0174.REF2 BR_US PMDA0174.REF2

;LTK 160m_10062015

06OCT2015  17:51:17  Gain: 23  Zoff: -535 -559 218 -528
No   Time    G  PAR    F1   F2   F3   F4   Fm1  Fm2  Fm3  Fm4    Y1   Y2   Y3   Y4
;    Time    G  PAR    F1   F2   F3   F4     c(Bl)   c(Gr)   c(Br)   Sum c  Total c  c/F(Bl) c/F(Br)
cF 17:54:09 23   16  1089 1220  534  522     0.40    ----    1.99    2.39    2.98    1.25    0.75
; Based on Chlorophyll Calibration file default_PMDA0174.cal

06OCT2015  17:54:31  Gain: 23  Zoff: -535 -559 218 -528
No   Time    G  PAR    F1   F2   F3   F4   Fm1  Fm2  Fm3  Fm4    Y1   Y2   Y3   Y4
 1 17:54:32 23   16  1090 1221  536  524  1186 1305  594  627  0.08 0.06 0.10 0.16
 2 17:54:53 23    1  1090 1220  537  526  1187 1313  607  635  0.08 0.07 0.12 0.17
 3 17:55:13 23   64  1086 1212  537  527  1154 1277  593  622  0.06 0.05 0.09 0.15
 4 17:55:34 23  128  1073 1198  534  523  1132 1274  587  607  0.05 0.06 0.09 0.14
 5 17:55:54 23  192  1063 1186  533  522  1112 1251  575  610  0.04 0.05 0.07 0.14
 6 17:56:14 23  256  1050 1171  531  520  1097 1234  580  581  0.04 0.05 0.08 0.10
 7 17:56:34 23  320  1036 1156  528  518  1090 1216  571  590  0.05 0.05 0.08 0.12
 8 17:56:55 23  384  1025 1146  526  517  1063 1196  551  579  0.04 0.04 0.05 0.11
 9 17:57:15 23  448  1016 1132  523  515  1048 1187  555  568  0.03 0.05 0.06 0.09
10 17:57:35 23  512   999 1115  520  511  1042 1158  536  570  0.04 0.04 0.03 0.10
11 17:57:56 23  576   988 1103  518  511  1021 1158  570  581  0.03 0.05 0.09 0.12
12 17:58:16 23 -460   981 1095  518  512  1013 1143  555  577  0.03 0.04 0.07 0.11
13 17:58:36 23  704   970 1082  516  510  1006 1127  550  567  0.04 0.04 0.06 0.10
14 17:58:56 23  832   886 1020  452  473   949 1116  543  568  0.07 0.09 0.17 0.17
;            Ch1    Ch2    Ch3    Ch4      blue   green  brown
;  alpha:   0.096  0.095  0.118  0.265     0.353 -0.000  0.100
; ETRmax:  4059.5  224.2 95952.4 243057.4    270925.4    0.0 25914.6
;     Ik:  42342.0 2360.0 812618.4 917516.9    767627.2    0.0 258719.8
;References: BL_US PMDA0174.REF2 GR_US PMDA0174.REF2 BR_US PMDA0174.REF2

;LTK 170m_10062015

06OCT2015  17:59:02  Gain: 23  Zoff: -535 -559 218 -528
No   Time    G  PAR    F1   F2   F3   F4   Fm1  Fm2  Fm3  Fm4    Y1   Y2   Y3   Y4
;    Time    G  PAR    F1   F2   F3   F4     c(Bl)   c(Gr)   c(Br)   Sum c  Total c  c/F(Bl) c/F(Br)
cF 18:01:57 23   16   887 1021  463  447     0.39    ----    1.63    2.02    2.49    1.25    0.75
; Based on Chlorophyll Calibration file default_PMDA0174.cal

06OCT2015  18:02:23  Gain: 23  Zoff: -535 -559 218 -528
No   Time    G  PAR    F1   F2   F3   F4   Fm1  Fm2  Fm3  Fm4    Y1   Y2   Y3   Y4
 1 18:02:23 23   16   887 1024  464  448   925 1051  503  503  0.04 0.03 0.08 0.11
 2 18:02:45 23   16   880 1016  462  446   913 1056  489  491  0.04 0.04 0.06 0.09
 3 18:03:05 23   64   872 1004  458  443   890 1025  484  503  0.02 0.02 0.05 0.12
 4 18:03:26 23  128   855  985  455  440   886 1025  484  495  0.03 0.04 0.06 0.11
 5 18:03:46 23  192   843  971  454  441   855 1001  476  493  0.01 0.03 0.05 0.11
 6 18:04:06 23  256   833  957  452  439   860  979  482  486  0.03 0.02 0.06 0.10
 7 18:04:26 23  320   819  941  450  436   828  978  477  478  0.01 0.04 0.06 0.09
 8 18:04:47 23  384   808  928  447  434   819  954  471  485  0.01 0.03 0.05 0.11
 9 18:05:07 23  448   796  916  444  433   819  961  472  474  0.03 0.05 0.06 0.09
10 18:05:27 23  512   787  904  444  431   811  940  473  493  0.03 0.04 0.06 0.13
11 18:05:48 23  576   781  895  444  432   803  927  464  487  0.03 0.03 0.04 0.11
12 18:06:08 23  640   770  883  442  431   792  907  469  495  0.03 0.03 0.06 0.13
13 18:06:28 23  704   758  870  439  428   778  891  470  483  0.03 0.02 0.07 0.11
14 18:06:48 23  832   669  804  370  388   735  884  446  476  0.09 0.09 0.17 0.18
;            Ch1    Ch2    Ch3    Ch4      blue   green  brown
;  alpha:   0.071  0.036  0.072  0.179     0.240 -0.000  0.083
; ETRmax:  3331.6   78.8 61722.2 97419.1    337598.9    0.0  279.9
;     Ik:  46712.1 2170.4 852192.5 544978.6    1405571.    0.0 3366.4
;References: BL_US PMDA0174.REF2 GR_US PMDA0174.REF2 BR_US PMDA0174.REF2

;LTK 180m_10062015

06OCT2015  18:07:19  Gain: 23  Zoff: -535 -559 218 -528
No   Time    G  PAR    F1   F2   F3   F4   Fm1  Fm2  Fm3  Fm4    Y1   Y2   Y3   Y4
;    Time    G  PAR    F1   F2   F3   F4     c(Bl)   c(Gr)   c(Br)   Sum c  Total c  c/F(Bl) c/F(Br)
cF 18:09:53 23   16   570  681  356  339     0.39    ----    1.05    1.44    1.72    1.25    0.75
; Based on Chlorophyll Calibration file default_PMDA0174.cal

06OCT2015  18:10:09  Gain: 23  Zoff: -535 -559 218 -528
No   Time    G  PAR    F1   F2   F3   F4   Fm1  Fm2  Fm3  Fm4    Y1   Y2   Y3   Y4
 1 18:10:09 23   16   569  682  355  338   611  726  377  406  0.07 0.06 0.06 0.17
 2 18:10:31 23   16   566  679  356  339   613  729  398  404  0.08 0.07 0.11 0.16
 3 18:10:51 23   64   567  678  357  342   603  730  384  420  0.06 0.07 0.07 0.19
 4 18:11:12 23  128   566  673  360  345   600  725  410  401  0.06 0.07 0.12 0.14
 5 18:11:32 23  192   558  662  359  345   586  705  388  408  0.05 0.06 0.07 0.15
 6 18:11:52 23  256   551  655  359  345   580  707  394  413  0.05 0.07 0.09 0.16
 7 18:12:12 23  320   552  653  361  348   584  695  395  400  0.05 0.06 0.09 0.13
 8 18:12:33 23  384   553  651  364  352   585  696  396  415  0.05 0.06 0.08 0.15
 9 18:12:53 23  448   550  645  365  352   580  679  397  412  0.05 0.05 0.08 0.15
10 18:13:13 23  512   547  641  365  354   565  674  393  417  0.03 0.05 0.07 0.15
11 18:13:33 23 -460   543  634  365  354   573  665  395  401  0.05 0.05 0.08 0.12
12 18:13:54 23  640   535  626  363  353   561  672  385  405  0.05 0.07 0.06 0.13
13 18:14:14 23  704   529  621  364  353   560  660  388  402  0.06 0.06 0.06 0.12
14 18:14:34 23  832   486  595  335  346   529  660  381  409  0.08 0.10 0.12 0.15
;            Ch1    Ch2    Ch3    Ch4      blue   green  brown
;  alpha:   0.107  0.109  0.164  0.345     0.389 -0.000  0.107
; ETRmax:  23943.3  338.2  464.9 1238.3    1048.4    0.0 82146.9
;     Ik:  222803.9 3096.3 2832.5 3585.9    2695.9    0.0 770790.4
;References: BL_US PMDA0174.REF2 GR_US PMDA0174.REF2 BR_US PMDA0174.REF2

;LTK 190m_10062015

06OCT2015  18:14:43  Gain: 23  Zoff: -535 -559 218 -528
No   Time    G  PAR    F1   F2   F3   F4   Fm1  Fm2  Fm3  Fm4    Y1   Y2   Y3   Y4
;    Time    G  PAR    F1   F2   F3   F4     c(Bl)   c(Gr)   c(Br)   Sum c  Total c  c/F(Bl) c/F(Br)
cF 18:17:08 23   16   581  713  369  357     0.42    ----    1.09    1.51    1.79    1.25    0.75
; Based on Chlorophyll Calibration file default_PMDA0174.cal

06OCT2015  18:17:20  Gain: 23  Zoff: -535 -559 218 -528
No   Time    G  PAR    F1   F2   F3   F4   Fm1  Fm2  Fm3  Fm4    Y1   Y2   Y3   Y4
 1 18:17:21 23   16   583  713  370  358   620  749  395  410  0.06 0.05 0.06 0.13
 2 18:17:42 23   16   578  710  371  358   601  752  402  417  0.04 0.06 0.08 0.14
 3 18:18:03 23   64   574  704  368  356   610  748  395  413  0.06 0.06 0.07 0.14
 4 18:18:23 23  128   568  695  369  356   589  731  393  428  0.04 0.05 0.06 0.17
 5 18:18:43 23  192   565  690  370  358   597  734  402  415  0.05 0.06 0.08 0.14
 6 18:19:04 23  256   560  683  370  359   578  721  388  419  0.03 0.05 0.05 0.14
 7 18:19:24 23  320   556  678  372  361   598  709  397  419  0.07 0.04 0.06 0.14
 8 18:19:44 23  384   555  674  373  362   575  707  393  420  0.03 0.05 0.05 0.14
 9 18:20:04 23  448   551  670  375  364   582  705  403  412  0.05 0.05 0.07 0.12
10 18:20:25 23  512   547  665  375  365   578  709  409  420  0.05 0.06 0.08 0.13
11 18:20:45 23  576   544  658  375  366   561  714  396  430  0.03 0.08 0.05 0.15
12 18:21:05 23  640   539  652  374  366   568  683  380  420  0.05 0.05 ---- 0.13
13 18:21:26 23  704   534  647  373  365   552  667  398  416  0.03 0.03 0.06 0.12
14 18:21:46 23  832   472  604  326  344   522  652  382  429  0.10 0.07 0.15 0.20
;            Ch1    Ch2    Ch3    Ch4      blue   green  brown
;  alpha:   0.099  0.129  0.100  0.265     0.372 -0.000  0.139
; ETRmax:  148876.9  816.7  146.5 369315.0     949.2    0.0 1265.0
;     Ik:  1509307. 6340.2 1470.2 1394904.    2554.0    0.0 9107.0
;References: BL_US PMDA0174.REF2 GR_US PMDA0174.REF2 BR_US PMDA0174.REF2

;LTK 200m_10062015

06OCT2015  18:22:03  Gain: 23  Zoff: -535 -559 218 -528
No   Time    G  PAR    F1   F2   F3   F4   Fm1  Fm2  Fm3  Fm4    Y1   Y2   Y3   Y4
;    Time    G  PAR    F1   F2   F3   F4     c(Bl)   c(Gr)   c(Br)   Sum c  Total c  c/F(Bl) c/F(Br)
cF 18:25:16 23   16   447  578  354  342     0.50    ----    0.84    1.34    1.52    1.25    0.75
; Based on Chlorophyll Calibration file default_PMDA0174.cal

06OCT2015  18:25:32  Gain: 23  Zoff: -535 -559 218 -528
No   Time    G  PAR    F1   F2   F3   F4   Fm1  Fm2  Fm3  Fm4    Y1   Y2   Y3   Y4
 1 18:25:33 23    1   448  579  355  343   547  680  424  462  0.18 0.15 0.16 0.26
 2 18:25:54 23   16   449  582  357  344   548  676  431  454  0.18 0.14 0.17 0.24
 3 18:26:14 23   64   457  591  361  351   519  689  423  440  0.12 0.14 0.15 0.20
 4 18:26:35 23  128   473  601  344  344   525  690  415  461  0.10 0.13 0.17 0.25
 5 18:26:55 23  192   457  590  367  357   515  691  423  445  0.11 0.15 0.13 0.20
 6 18:27:15 23  256   458  589  369  361   522  685  428  447  0.12 0.14 0.14 0.19
 7 18:27:36 23  320   460  587  370  362   517  682  412  434  0.11 0.14 0.10 0.17
 8 18:27:56 23  384   456  585  372  363   505  662  423  440  0.10 0.12 0.12 0.17
 9 18:28:16 23  448   456  586  372  363   499  660  421  442  0.09 0.11 0.12 0.18
10 18:28:36 23  512   457  587  374  366   500  670  426  446  0.09 0.12 0.12 0.18
11 18:28:57 23  576   459  588  375  368   498  664  415  435  0.08 0.11 0.10 0.15
12 18:29:17 23  640   460  588  378  370   505  653  413  435  0.09 0.10 0.08 0.15
13 18:29:37 23  704   459  587  379  372   498  654  428  449  0.08 0.10 0.11 0.17
14 18:29:58 23  832   397  548  329  350   461  650  401  448  0.14 0.16 0.18 0.22
;            Ch1    Ch2    Ch3    Ch4      blue   green  brown
;  alpha:   0.351  0.323  0.313  0.543     0.286 -0.000  0.354
; ETRmax:   274.2  690.7 1239.5  792.6    411311.0    0.0  553.2
;     Ik:   781.5 2138.2 3959.2 1459.1    1437764.    0.0 1564.1
;References: BL_US PMDA0174.REF2 GR_US PMDA0174.REF2 BR_US PMDA0174.REF2

