;KGMBAY 0M_10162019

Gain: 21  Zoff: 33 5 47 52

16OCT2019  15:26:09  Gain: 21  Zoff: 33 5 47 52
No   Time    G  PAR    F1   F2   F3   F4   Fm1  Fm2  Fm3  Fm4    Y1   Y2   Y3   Y4
 1 3:30:43 PM 21    1     1    1    0    1    -2    2   -2    1  ---- ---- ---- ----

16OCT2019  15:31:19  Gain: 21  Zoff: 33 5 47 52
No   Time    G  PAR    F1   F2   F3   F4   Fm1  Fm2  Fm3  Fm4    Y1   Y2   Y3   Y4
 1 3:31:19 PM 21    1   344  372  201  208   449  445  274  301  0.23 0.16 0.27 0.31
 2 3:31:41 PM 21    1   353  381  208  215   448  452  282  304  0.21 0.16 0.26 0.29
 3 3:32:01 PM 21    1   352  380  205  214   446  451  278  304  0.21 0.16 0.26 0.30
 4 3:32:22 PM 21    1   355  380  205  215   430  436  267  292  0.17 0.13 0.23 0.26
 5 3:32:42 PM 21    1   355  380  207  216   422  439  265  290  0.16 0.13 0.22 0.26
 6 3:33:02 PM 21    1   353  384  209  218   419  445  263  287  0.16 0.14 0.21 0.24
 7 3:33:22 PM 21    1   359  386  212  221   424  443  266  293  0.15 0.13 0.20 0.25
 8 3:33:43 PM 21    1   354  381  208  217   407  440  256  279  0.13 0.13 0.19 0.22
 9 3:34:03 PM 21    1   353  384  213  222   407  441  266  288  0.13 0.13 0.20 0.23
10 3:34:23 PM 21    1   358  381  213  222   404  426  259  279  0.11 0.11 0.18 0.20
;            Ch1    Ch2    Ch3    Ch4      blue   green  brown
;  alpha:   0.070  0.057  0.091  0.106     0.116 -0.000  0.067
; ETRmax:    44.7   40.7   23.7   22.1      21.3    0.0   53.9
;     Ik:   634.6  709.4  259.9  207.6     183.2    0.0  806.7
;References: BL_US PMDA0174.REF2 GR_US PMDA0174.REF2 BR_US PMDA0174.REF2

;KGMBAY 20M_10162019

16OCT2019  15:39:31  Gain: 21  Zoff: 33 5 47 52
No   Time    G  PAR    F1   F2   F3   F4   Fm1  Fm2  Fm3  Fm4    Y1   Y2   Y3   Y4
 1 3:39:31 PM 21    1   357  374  205  212   485  460  294  322  0.26 0.19 0.30 0.34
 2 3:39:53 PM 21    1   354  371  205  212   474  456  288  319  0.25 0.19 0.29 0.34
 3 3:40:13 PM 21    1   381  391  217  228   549  517  317  362  0.31 0.24 0.32 0.37
 4 3:40:33 PM 21    1   394  407  221  233   494  490  290  325  0.20 0.17 0.24 0.28
 5 3:40:53 PM 21    1   379  397  212  224   520  518  302  347  0.27 0.23 0.30 0.35
 6 3:41:14 PM 21    1   407  416  230  246   532  520  313  355  0.23 0.20 0.27 0.31
 7 3:41:34 PM 21    1   364  382  213  220   430  446  270  289  0.15 0.14 0.21 0.24
 8 3:41:54 PM 21    1   369  386  218  226   462  468  280  305  0.20 0.18 0.22 0.26
 9 3:42:15 PM 21    1   374  388  219  229   456  469  285  308  0.18 0.17 0.23 0.26
10 3:42:35 PM 21    1   378  392  221  231   458  468  281  305  0.17 0.16 0.21 0.24
;            Ch1    Ch2    Ch3    Ch4      blue   green  brown
;  alpha:   0.085  0.076  0.101  0.116     0.125 -0.000  0.085
; ETRmax:    25.1   34.3   23.4   21.2      20.6    0.0   24.5
;     Ik:   295.1  451.1  232.2  183.0     164.2    0.0  288.0
;References: BL_US PMDA0174.REF2 GR_US PMDA0174.REF2 BR_US PMDA0174.REF2

;KGMBAY 40M_10162019

21OCT2019  14:02:48  Gain: 20  Zoff: 218 236 137 137
No   Time    G  PAR    F1   F2   F3   F4   Fm1  Fm2  Fm3  Fm4    Y1   Y2   Y3   Y4
 1 14:02:49 20    1    87  161   65   72   137  248  118  135  0.36 0.35 0.45 0.47
 2 14:03:10 20    1    79  153   63   68   129  248  119  133  0.39 0.38 0.47 0.49
 3 14:03:30 20    1    82  159   64   70   132  251  117  135  0.38 0.37 0.45 0.48
 4 14:03:51 20    1    90  168   69   76   136  254  121  137  0.34 0.34 0.43 0.45
 5 14:04:11 20    1    91  170   72   79   134  255  119  133  0.32 0.33 0.39 0.41
 6 14:04:31 20    1    95  175   76   83   133  256  121  137  0.29 0.32 0.37 0.39
 7 14:04:52 20    1    89  177   76   82   131  247  119  133  0.32 0.28 0.36 0.38
 8 14:05:12 20    1    92  175   75   82   127  248  118  131  0.28 0.29 0.36 0.37
 9 14:05:32 20    1    88  178   76   82   127  250  118  133  0.31 0.29 0.36 0.38
10 14:05:53 20    1    90  177   79   85   126  244  115  136  0.29 0.27 0.31 0.38
;            Ch1    Ch2    Ch3    Ch4      blue   green  brown
;  alpha:   0.134  0.131  0.160  0.170     0.171 -0.000  0.138
; ETRmax:    20.5   19.8   20.5   21.1      21.0    0.0   20.5
;     Ik:   153.3  151.4  128.1  124.1     123.0    0.0  149.0
;References: BL_US PMDA0174.REF2 GR_US PMDA0174.REF2 BR_US PMDA0174.REF2

;KGMBAY 60M_10162019

21OCT2019  14:07:38  Gain: 20  Zoff: 218 236 137 137
No   Time    G  PAR    F1   F2   F3   F4   Fm1  Fm2  Fm3  Fm4    Y1   Y2   Y3   Y4
 1 14:07:39 20    1    23   39   16   22    56   72   49   69  0.59 0.46 ---- 0.68
 2 14:08:00 20    1    18   34   16   20    61   71   53   64  ---- 0.52 ---- ----
 3 14:08:21 20    1    19   35   16   20    59   75   50   64  ---- 0.53 ---- ----
 4 14:08:41 20    1    25   40   18   24    58   74   51   65  0.57 0.46 ---- 0.63
 5 14:09:01 20    1    25   39   20   25    54   64   52   63  0.54 0.39 ---- 0.60
 6 14:09:22 20    1    20   35   19   23    50   64   49   61  ---- 0.45 ---- 0.62
 7 14:09:42 20    1    24   37   22   27    54   60   51   60  0.56 0.38 0.57 0.55
 8 14:10:02 20    1    22   34   22   26    52   62   50   61  0.58 0.45 0.56 0.57
 9 14:10:22 20    1    28   38   25   30    61   63   53   66  0.54 0.40 0.53 0.55
10 14:10:43 20    1    28   38   26   31    53   66   53   67  0.47 0.42 0.51 0.54
;            Ch1    Ch2    Ch3    Ch4      blue   green  brown
;  alpha:   0.229  0.180  0.228  0.251     0.264 -0.000  0.218
; ETRmax:    23.0   21.4   23.1   24.4      24.2    0.0   22.9
;     Ik:   100.6  118.9  101.4   97.2      91.6    0.0  104.9
;References: BL_US PMDA0174.REF2 GR_US PMDA0174.REF2 BR_US PMDA0174.REF2

;KGMBAY 80M_10162019

21OCT2019  14:12:13  Gain: 20  Zoff: 218 236 137 137
No   Time    G  PAR    F1   F2   F3   F4   Fm1  Fm2  Fm3  Fm4    Y1   Y2   Y3   Y4
 1 14:12:13 20    1    43   93   26   33    80  140   62   83  0.46 0.34 0.58 0.60
 2 14:12:35 20    1    25   79   21   25    68  140   63   77  0.63 0.44 0.67 0.68
 3 14:12:55 20    1    35   88   24   30    85  147   67   80  0.59 0.40 0.64 0.63
 4 14:13:16 20    1    43   95   29   35    82  144   63   85  0.48 0.34 0.54 0.59
 5 14:13:36 20    1    38   92   28   34    79  143   62   77  0.52 0.36 0.55 0.56
 6 14:13:56 20    1    40   95   31   38    76  144   67   83  0.47 0.34 0.54 0.54
 7 14:14:16 20    1    34   90   29   35    66  138   61   79  0.48 0.35 0.52 0.56
 8 14:14:37 20    1    31   87   28   33    67  137   61   77  0.54 0.36 0.54 0.57
 9 14:14:57 20    1    48  101   36   43    75  142   68   86  0.36 0.29 0.47 0.50
10 14:15:17 20    1    33   89   32   38    62  129   62   77  0.47 0.31 0.48 0.51
;            Ch1    Ch2    Ch3    Ch4      blue   green  brown
;  alpha:   0.207  0.145  0.225  0.234     0.247 -0.000  0.176
; ETRmax:    22.9   20.8   22.6   23.5      24.3    0.0   21.6
;     Ik:   110.6  143.6  100.4  100.4      98.4    0.0  122.3
;References: BL_US PMDA0174.REF2 GR_US PMDA0174.REF2 BR_US PMDA0174.REF2

;KGMBAY 100M_10162019

21OCT2019  14:16:35  Gain: 20  Zoff: 218 236 137 137
No   Time    G  PAR    F1   F2   F3   F4   Fm1  Fm2  Fm3  Fm4    Y1   Y2   Y3   Y4
 1 14:16:35 20    1    47   54   26   34   100  102   65   87  0.53 0.47 0.60 0.61
 2 14:16:57 20    1    43   51   24   31   100   97   64   77  0.57 0.47 0.63 0.60
 3 14:17:17 20    1    75   76   37   46    88   97   62   77  0.15 0.22 0.40 0.40
 4 14:17:37 20    1    51   58   28   36    84   90   59   77  0.39 0.36 0.53 0.53
 5 14:17:58 20    1    42   51   26   33    75   82   56   75  0.44 0.38 0.54 0.56
 6 14:18:18 20    1    37   44   24   30    63   75   53   68  0.41 0.41 0.55 0.56
 7 14:18:38 20    1    33   41   23   29    62   74   52   69  0.47 0.45 0.56 0.58
 8 14:18:58 20    1    68   71   38   49   112  109   69   89  0.39 0.35 0.45 0.45
 9 14:19:19 20    1    44   48   28   35    75   77   61   74  0.41 0.38 0.54 0.53
10 14:19:39 20    1    67   68   40   50    88   84   63   79  0.24 0.19 0.37 0.37
;            Ch1    Ch2    Ch3    Ch4      blue   green  brown
;  alpha:   0.159  0.143  0.201  0.219     0.245 -0.000  0.153
; ETRmax:    20.5   20.9   22.5   22.7      24.3    0.0   20.7
;     Ik:   129.1  145.9  112.0  103.5      99.0    0.0  135.3
;References: BL_US PMDA0174.REF2 GR_US PMDA0174.REF2 BR_US PMDA0174.REF2

;KGMBAY 120M_10162019

21OCT2019  14:20:56  Gain: 20  Zoff: 218 236 137 137
No   Time    G  PAR    F1   F2   F3   F4   Fm1  Fm2  Fm3  Fm4    Y1   Y2   Y3   Y4
 1 14:20:56 20    1     8   -3    8   10    42   20   41   51  ---- ---- ---- ----
 2 14:21:18 20    1     5   -5    6    8    49   26   45   60  ---- ---- ---- ----
 3 14:21:38 20    1     9   -3    9   11    44   25   44   51  ---- ---- ---- ----
 4 14:21:58 20    1    10   -2   11   13    47   26   44   50  ---- ---- ---- ----
 5 14:22:19 20    1    14   -1   13   16    42   24   43   56  ---- ---- ---- ----
 6 14:22:39 20    1    14   -2   14   17    42   21   45   55  ---- ---- ---- ----
 7 14:22:59 20    1    16   -1   16   19    44   22   45   58  ---- ---- ---- ----
 8 14:23:19 20    1    14   -3   16   19    43   18   45   52  ---- ---- ---- ----
 9 14:23:40 20    1    15   -4   17   20    42   15   46   56  ---- ---- ---- ----
10 14:24:00 20    1    14   -5   18   20    42   16   45   52  ---- ---- ---- ----
;            Ch1    Ch2    Ch3    Ch4      blue   green  brown
;  alpha:  -0.000 -0.000 -0.000 -0.000     0.265  0.336 -0.000
; ETRmax:     0.0    0.0    0.0    0.0      24.2   27.7    0.0
;     Ik:     0.0    0.0    0.0    0.0      91.4   82.5    0.0
;References: BL_US PMDA0174.REF2 GR_US PMDA0174.REF2 BR_US PMDA0174.REF2

;KGMBAY 140M_10162019

21OCT2019  14:25:38  Gain: 20  Zoff: 218 236 137 137
No   Time    G  PAR    F1   F2   F3   F4   Fm1  Fm2  Fm3  Fm4    Y1   Y2   Y3   Y4
 1 14:25:38 20    1   141  134   31   33   162  156   57   69  0.13 0.14 0.46 0.52
 2 14:26:00 20    1   141  133   32   34   165  151   63   70  0.15 0.12 0.49 0.51
 3 14:26:20 20    1   140  134   33   35   162  156   61   72  0.14 0.14 0.46 0.51
 4 14:26:40 20    1   140  133   34   37   160  152   60   74  0.13 0.13 0.43 0.50
 5 14:27:01 20    1   140  132   35   37   162  152   62   77  0.14 0.13 0.44 0.52
 6 14:27:21 20    1   139  130   35   38   166  148   63   74  0.16 0.12 0.44 0.49
 7 14:27:41 20    1   139  128   36   39   162  145   64   72  0.14 0.12 0.44 0.46
 8 14:28:02 20    1   138  127   38   40   160  144   61   75  0.14 0.12 0.38 0.47
 9 14:28:22 20    1   138  125   38   41   160  141   63   74  0.14 0.11 0.40 0.45
10 14:28:42 20    1   137  123   39   42   159  140   61   74  0.14 0.12 0.36 0.43
;            Ch1    Ch2    Ch3    Ch4      blue   green  brown
;  alpha:   0.058  0.053  0.173  0.200    -0.000 -0.000  0.078
; ETRmax:    43.6   34.5   21.6   22.6       0.0    0.0   30.9
;     Ik:   747.2  653.3  124.5  113.0       0.0    0.0  394.6
;References: BL_US PMDA0174.REF2 GR_US PMDA0174.REF2 BR_US PMDA0174.REF2