Gain: 21  Zoff: 268 296 193 194
;LTK_12192017_0m
19DEC2017  14:46:06  Gain: 21  Zoff: 268 296 193 194
No   Time    G  PAR    F1   F2   F3   F4   Fm1  Fm2  Fm3  Fm4    Y1   Y2   Y3   Y4
 1 14:51:29 21 3373   123  134   91  103   198  197  165  195  0.38 0.32 0.45 0.47

19DEC2017  14:51:40  Gain: 21  Zoff: 268 296 193 194
No   Time    G  PAR    F1   F2   F3   F4   Fm1  Fm2  Fm3  Fm4    Y1   Y2   Y3   Y4
 1 14:51:41 21 3390   122  131   95  107   199  199  157  197  0.39 0.34 0.39 0.46
 2 14:52:02 21 3391   116  128   89  100   203  199  167  197  0.43 0.36 0.47 0.49
 3 14:52:23 21 3385   118  130   92  103   201  204  168  200  0.41 0.36 0.45 0.48
 4 14:52:43 21 3386   121  133   95  107   200  197  163  197  0.40 0.32 0.42 0.46
 5 14:53:03 21 3388   121  132   95  108   188  200  155  191  0.36 0.34 0.39 0.43
 6 14:53:23 21 3383   122  134   99  111   191  202  160  192  0.36 0.34 0.38 0.42
 7 14:53:44 21 3388   126  139  104  116   195  209  166  195  0.35 0.33 0.37 0.41
 8 14:54:04 21 3383   129  141  108  120   191  207  166  196  0.32 0.32 0.35 0.39
 9 14:54:24 21 3384   130  139  108  121   186  199  165  200  0.30 0.30 0.35 0.40
10 14:54:45 21 3388   128  136  107  120   180  193  160  192  0.29 0.30 0.33 0.38
;            Ch1    Ch2    Ch3    Ch4      blue   green  brown
;  alpha:   0.340 87444.45 3027234. 207829.3     0.404 -0.000  0.339
; ETRmax:   747.1 3775.3 3381.7 3328.6     801.0    0.0  746.3
;     Ik:  2199.6    0.0    0.0    0.0    1981.7    0.0 2199.8
;References: BL_US PMDA0174.REF2 GR_US PMDA0174.REF2 BR_US PMDA0174.REF2

;LTK_12192017_10m

19DEC2017  14:56:56  Gain: 21  Zoff: 268 296 193 194
No   Time    G  PAR    F1   F2   F3   F4   Fm1  Fm2  Fm3  Fm4    Y1   Y2   Y3   Y4
 1 14:57:21 21 3386    88   96   69   81   208  195  156  203  0.58 0.51 0.56 0.60

19DEC2017  14:57:25  Gain: 21  Zoff: 268 296 193 194
No   Time    G  PAR    F1   F2   F3   F4   Fm1  Fm2  Fm3  Fm4    Y1   Y2   Y3   Y4
 1 14:57:26 21 3391    95   96   76   89   202  189  165  206  0.53 0.49 0.54 0.57
 2 14:57:47 21 3392    87   89   69   80   206  179  152  194  0.58 0.50 0.55 0.59
 3 14:58:07 21 3392    91   94   72   84   208  194  161  206  0.56 0.52 0.55 0.59
 4 14:58:28 21 3386    96   98   77   90   205  204  166  204  0.53 0.52 0.54 0.56
 5 14:58:48 21 3384    97  100   79   93   198  201  158  204  0.51 0.50 0.50 0.54
 6 14:59:08 21 3385    97   99   81   95   188  196  162  192  0.48 0.49 0.50 0.51
 7 14:59:29 21 3387    97   98   82   96   180  188  152  192  0.46 0.48 0.46 0.50
 8 14:59:49 21 3389    99   98   84   99   182  181  155  190  0.46 0.46 0.46 0.48
 9 15:00:09 21 3384   103  100   88  104   183  184  158  190  0.44 0.46 0.44 0.45
10 15:00:29 21 3388   106  101   91  108   179  187  158  188  0.41 0.46 0.42 0.43
;            Ch1    Ch2    Ch3    Ch4      blue   green  brown
;  alpha:   0.489  0.503  0.514  0.551     0.491 -0.000  0.512
; ETRmax:  1223.5  870.1  879.0  904.3     865.1    0.0 1261.3
;     Ik:  2500.0 1730.5 1710.5 1641.2    1761.1    0.0 2465.5
;References: BL_US PMDA0174.REF2 GR_US PMDA0174.REF2 BR_US PMDA0174.REF2


;LTK_12192017_20m
19DEC2017  15:02:22  Gain: 21  Zoff: 268 296 193 194
No   Time    G  PAR    F1   F2   F3   F4   Fm1  Fm2  Fm3  Fm4    Y1   Y2   Y3   Y4
 1 15:02:35 21 3384   141  237  108  120   301  481  237  279  0.53 0.51 0.54 0.57

19DEC2017  15:02:38  Gain: 21  Zoff: 268 296 193 194
No   Time    G  PAR    F1   F2   F3   F4   Fm1  Fm2  Fm3  Fm4    Y1   Y2   Y3   Y4
 1 15:02:39 21 3383   147  243  115  128   302  459  233  282  0.51 0.47 0.51 0.55
 2 15:03:00 21 3391   133  225  106  116   322  470  244  294  0.59 0.52 0.57 0.61
 3 15:03:20 21 3385   141  236  109  121   311  488  240  296  0.55 0.52 0.55 0.59
 4 15:03:41 21 3389   144  241  112  124   298  481  236  285  0.52 0.50 0.53 0.56
 5 15:04:01 21 3385   147  244  116  129   284  470  234  278  0.48 0.48 0.50 0.54
 6 15:04:21 21 3385   151  248  122  137   280  460  233  279  0.46 0.46 0.48 0.51
 7 15:04:42 21 3383   158  254  128  143   274  459  232  278  0.42 0.45 0.45 0.49
 8 15:05:02 21 3387   162  258  133  149   269  460  233  272  0.40 0.44 0.43 0.45
 9 15:05:22 21 3389   166  263  137  153   266  453  230  271  0.38 0.42 0.40 0.44
10 15:05:42 21 3385   168  267  140  157   257  450  229  275  0.35 0.41 0.39 0.43
;            Ch1    Ch2    Ch3    Ch4      blue   green  brown
;  alpha:   0.471  0.472  0.489  0.513     0.454 -0.000  0.482
; ETRmax:   843.1  846.4  867.0 1258.7     840.3    0.0 1193.6
;     Ik:  1789.0 1792.2 1771.8 2451.6    1852.3    0.0 2475.6
;References: BL_US PMDA0174.REF2 GR_US PMDA0174.REF2 BR_US PMDA0174.REF2


;LTK_12192017_30m
19DEC2017  15:07:11  Gain: 21  Zoff: 268 296 193 194
No   Time    G  PAR    F1   F2   F3   F4   Fm1  Fm2  Fm3  Fm4    Y1   Y2   Y3   Y4
 1 15:07:23 21 3386    74   94   64   75   176  194  149  188  0.58 0.52 0.57 0.60

19DEC2017  15:07:27  Gain: 21  Zoff: 268 296 193 194
No   Time    G  PAR    F1   F2   F3   F4   Fm1  Fm2  Fm3  Fm4    Y1   Y2   Y3   Y4
 1 15:07:27 21 3391    79   96   70   82   172  186  149  191  0.54 0.48 0.53 0.57
 2 15:07:48 21 3390    68   87   63   72   183  191  151  192  0.63 0.54 0.58 0.63
 3 15:08:09 21 3397    72   93   65   75   184  203  162  197  0.61 0.54 0.60 0.62
 4 15:08:29 21 3386    77   97   69   80   180  211  155  195  0.57 0.54 0.55 0.59
 5 15:08:49 21 3392    75   97   70   81   166  210  156  188  0.55 0.54 0.55 0.57
 6 15:09:09 21 3394    76   97   73   84   165  207  147  191  0.54 0.53 0.50 0.56
 7 15:09:30 21 3391    78   99   75   86   163  205  149  182  0.52 0.52 0.50 0.53
 8 15:09:50 21 3394    82   99   78   91   155  204  148  186  0.47 0.51 0.47 0.51
 9 15:10:10 21 3388    84  100   82   95   160  200  152  187  0.47 0.50 0.46 0.49
10 15:10:31 21 3383    89  102   86  100   162  196  154  190  0.45 0.48 0.44 0.47
;            Ch1    Ch2    Ch3    Ch4      blue   green  brown
;  alpha:   0.572  0.548 54490.85  0.600    71472.14 -0.000  0.597
; ETRmax:   920.8  901.8 3176.7  939.1    2997.2    0.0  936.7
;     Ik:  1610.0 1646.6    0.1 1564.3       0.0    0.0 1568.1
;References: BL_US PMDA0174.REF2 GR_US PMDA0174.REF2 BR_US PMDA0174.REF2

;LTK_12192017_40m

19DEC2017  15:11:58  Gain: 21  Zoff: 268 296 193 194
No   Time    G  PAR    F1   F2   F3   F4   Fm1  Fm2  Fm3  Fm4    Y1   Y2   Y3   Y4
 1 15:11:58 21 3391    74   78   60   71   161  143  129  162  0.54 0.45 0.53 0.56
 2 15:12:19 21 3395    64   68   55   64   149  141  121  155  0.57 0.52 0.55 0.59
 3 15:12:40 21 3386    64   71   57   67   153  151  124  153  0.58 0.53 0.54 0.56
 4 15:13:00 21 3392    69   76   62   71   152  159  128  164  0.55 0.52 0.52 0.57
 5 15:13:20 21 3391    74   78   65   75   153  152  130  166  0.52 0.49 0.50 0.55
 6 15:13:41 21 3391    74   78   68   79   144  153  133  163  0.49 0.49 0.49 0.52
 7 15:14:01 21 3386    76   78   71   82   148  154  130  160  0.49 0.49 0.45 0.49
 8 15:14:21 21 3389    77   78   72   84   141  149  131  161  0.45 0.48 0.45 0.48
 9 15:14:41 21 3384    79   77   74   87   144  142  132  158  0.45 0.46 0.44 0.45
10 15:15:02 21 3389    78   74   75   87   132  141  130  162  0.41 0.48 0.42 0.46
;            Ch1    Ch2    Ch3    Ch4      blue   green  brown
;  alpha:   0.525  0.483  0.504  0.551     0.481 -0.000  0.551
; ETRmax:   887.6 1192.2  872.2  906.6     851.9    0.0  901.5
;     Ik:  1689.2 2466.2 1730.4 1643.9    1769.4    0.0 1637.1
;References: BL_US PMDA0174.REF2 GR_US PMDA0174.REF2 BR_US PMDA0174.REF2

;LTK_12192017_50m

19DEC2017  15:16:34  Gain: 21  Zoff: 268 296 193 194
No   Time    G  PAR    F1   F2   F3   F4   Fm1  Fm2  Fm3  Fm4    Y1   Y2   Y3   Y4
 1 15:16:44 21 3395   173  266  112  132   324  437  210  259  0.47 0.39 0.47 0.49

19DEC2017  15:16:47  Gain: 21  Zoff: 268 296 193 194
No   Time    G  PAR    F1   F2   F3   F4   Fm1  Fm2  Fm3  Fm4    Y1   Y2   Y3   Y4
 1 15:16:47 21 3385   178  269  117  137   320  429  217  271  0.44 0.37 0.46 0.49
 2 15:17:09 21 3388   154  245  103  120   335  450  222  276  0.54 0.46 0.54 0.57
 3 15:17:29 21 3390   168  258  109  128   335  447  222  274  0.50 0.42 0.51 0.53
 4 15:17:49 21 3385   185  269  118  139   338  450  224  270  0.45 0.40 0.47 0.49
 5 15:18:10 21 3388   196  277  125  148   325  445  221  271  0.40 0.38 0.43 0.45
 6 15:18:30 21 3386   203  284  131  155   320  441  212  268  0.37 0.36 0.38 0.42
 7 15:18:50 21 3385   206  288  134  159   312  437  212  262  0.34 0.34 0.37 0.39
 8 15:19:11 21 3381   208  289  137  162   301  428  209  257  0.31 0.32 0.34 0.37
 9 15:19:31 21 3387   208  290  139  164   295  423  207  255  0.29 0.31 0.33 0.36
10 15:19:51 21 3386   208  293  141  166   282  421  208  251  0.26 0.30 0.32 0.34
;            Ch1    Ch2    Ch3    Ch4      blue   green  brown
;  alpha:   0.374  0.347  0.406  0.438     0.391 -0.000  0.384
; ETRmax:   777.4  752.9  800.0  825.6     787.7    0.0  785.4
;     Ik:  2077.0 2171.1 1970.9 1883.7    2016.3    0.0 2045.2
;References: BL_US PMDA0174.REF2 GR_US PMDA0174.REF2 BR_US PMDA0174.REF2

;LTK_12192017_60m

19DEC2017  15:21:18  Gain: 21  Zoff: 268 296 193 194
No   Time    G  PAR    F1   F2   F3   F4   Fm1  Fm2  Fm3  Fm4    Y1   Y2   Y3   Y4
 1 15:21:29 21 3391   182  195  115  133   327  337  214  260  0.44 0.42 0.46 0.49

19DEC2017  15:21:31  Gain: 21  Zoff: 268 296 193 194
No   Time    G  PAR    F1   F2   F3   F4   Fm1  Fm2  Fm3  Fm4    Y1   Y2   Y3   Y4
 1 15:21:32 21 3397   187  198  119  138   332  330  229  275  0.44 0.40 0.48 0.50
 2 15:21:53 21 3391   165  179  107  122   360  356  236  280  0.54 0.50 0.55 0.56
 3 15:22:13 21 3388   190  198  119  137   364  359  237  282  0.48 0.45 0.50 0.51
 4 15:22:34 21 3390   205  208  131  151   344  345  228  274  0.40 0.40 0.43 0.45
 5 15:22:54 21 3386   208  209  134  155   325  333  217  267  0.36 0.37 0.38 0.42
 6 15:23:14 21 3383   211  211  137  158   312  322  215  258  0.32 0.34 0.36 0.39
 7 15:23:34 21 3384   220  218  143  165   314  323  217  259  0.30 0.33 0.34 0.36
 8 15:23:55 21 3387   230  225  150  174   320  330  214  257  0.28 0.32 0.30 0.32
 9 15:24:15 21 3383   233  231  152  177   310  323  217  264  0.25 0.28 0.30 0.33
10 15:24:35 21 3386   234  232  155  179   305  315  212  263  0.23 0.26 0.27 0.32
;            Ch1    Ch2    Ch3    Ch4      blue   green  brown
;  alpha:  191544.6 357764.7 1201280. 109875.6    334264.9 -0.000 272324.8
; ETRmax:  3111.6 7445.1 2955.7 69912.0    1931.5    0.0 4246.9
;     Ik:     0.0    0.0    0.0    0.6       0.0    0.0    0.0
;References: BL_US PMDA0174.REF2 GR_US PMDA0174.REF2 BR_US PMDA0174.REF2

;LTK_12192017_70m

19DEC2017  15:26:07  Gain: 21  Zoff: 268 296 193 194
No   Time    G  PAR    F1   F2   F3   F4   Fm1  Fm2  Fm3  Fm4    Y1   Y2   Y3   Y4
 1 15:26:19 21 3387   120   96   82   95   212  169  152  187  0.43 0.43 0.46 0.49

19DEC2017  15:26:22  Gain: 21  Zoff: 268 296 193 194
No   Time    G  PAR    F1   F2   F3   F4   Fm1  Fm2  Fm3  Fm4    Y1   Y2   Y3   Y4
 1 15:26:22 21 3388   124   96   86  100   210  164  155  191  0.41 0.41 0.45 0.48
 2 15:26:44 21 3387   101   83   72   84   218  175  158  200  0.54 0.53 0.54 0.58
 3 15:27:04 21 3384   114   92   79   92   213  173  150  187  0.46 0.47 0.47 0.51
 4 15:27:24 21 3386   128   99   87  102   215  164  152  188  0.40 0.40 0.43 0.46
 5 15:27:45 21 3389   135  104   93  108   203  168  150  181  0.33 0.38 0.38 0.40
 6 15:28:05 21 3385   137  106   93  110   204  159  142  173  0.33 0.33 0.35 0.36
 7 15:28:25 21 3382   138  105   96  111   200  157  146  183  0.31 0.33 0.34 0.39
 8 15:28:46 21 3388   138  103   98  114   191  149  139  175  0.28 0.31 0.29 0.35
 9 15:29:06 21 3391   139  103  101  117   189  147  146  176  0.26 0.30 0.31 0.34
10 15:29:26 21 3390   142  104  104  120   192  147  146  178  0.26 0.29 0.29 0.33
;            Ch1    Ch2    Ch3    Ch4      blue   green  brown
;  alpha:   0.333  0.351  0.368  0.410     0.369  0.412  0.347
; ETRmax:   932.6  965.2  771.7  802.3     772.1 1081.4  751.5
;     Ik:  2800.8 2752.2 2098.6 1955.2    2094.9 2623.5 2163.0
;References: BL_US PMDA0174.REF2 GR_US PMDA0174.REF2 BR_US PMDA0174.REF2

;LTK_12192017_80m

19DEC2017  15:31:08  Gain: 21  Zoff: 268 296 193 194
No   Time    G  PAR    F1   F2   F3   F4   Fm1  Fm2  Fm3  Fm4    Y1   Y2   Y3   Y4
 1 15:31:19 21 3389    72   86   59   69   162  167  129  163  0.56 0.49 0.54 0.58

19DEC2017  15:31:22  Gain: 21  Zoff: 268 296 193 194
No   Time    G  PAR    F1   F2   F3   F4   Fm1  Fm2  Fm3  Fm4    Y1   Y2   Y3   Y4
 1 15:31:23 21 3383    77   87   64   74   155  160  131  166  0.50 0.46 0.51 0.55
 2 15:31:44 21 3390    63   78   55   64   163  169  132  163  0.61 0.54 0.58 0.61
 3 15:32:04 21 3389    70   84   59   68   158  173  128  163  0.56 0.51 0.54 0.58
 4 15:32:25 21 3385    75   87   62   72   148  171  130  156  0.49 0.49 0.52 0.54
 5 15:32:45 21 3386    79   89   66   76   154  170  127  157  0.49 0.48 0.48 0.52
 6 15:33:05 21 3388    85   94   71   82   156  175  131  164  0.46 0.46 0.46 0.50
 7 15:33:26 21 3383    88   95   74   87   154  166  131  169  0.43 0.43 0.44 0.49
 8 15:33:46 21 3391    90   95   77   89   149  163  131  160  0.40 0.42 0.41 0.44
 9 15:34:06 21 3391    93   97   81   93   154  163  130  162  0.40 0.40 0.38 0.43
10 15:34:26 21 3385    94   96   82   95   154  159  134  164  0.39 0.40 0.39 0.42
;            Ch1    Ch2    Ch3    Ch4      blue   green  brown
;  alpha:   0.480  0.461  0.478  0.504     0.467 -0.000  0.500
; ETRmax:   853.4  844.0  852.7 1243.1     844.0    0.0  869.7
;     Ik:  1777.0 1829.7 1782.2 2467.2    1805.4    0.0 1737.9
;References: BL_US PMDA0174.REF2 GR_US PMDA0174.REF2 BR_US PMDA0174.REF2

;LTK_12192017_90m

19DEC2017  15:36:42  Gain: 21  Zoff: 268 296 193 194
No   Time    G  PAR    F1   F2   F3   F4   Fm1  Fm2  Fm3  Fm4    Y1   Y2   Y3   Y4
 1 15:36:50 21 3384    59   74   46   52   153  145  115  155  0.61 0.49 0.60 0.66

19DEC2017  15:36:56  Gain: 21  Zoff: 268 296 193 194
No   Time    G  PAR    F1   F2   F3   F4   Fm1  Fm2  Fm3  Fm4    Y1   Y2   Y3   Y4
 1 15:36:56 21 3391    65   74   55   61   154  144  124  158  0.58 0.49 0.56 0.61
 2 15:37:18 21 3386    64   76   52   59   166  155  132  167  0.61 0.51 0.61 0.65
 3 15:37:38 21 3385    72   83   56   64   181  166  138  166  0.60 0.50 0.59 0.61
 4 15:37:58 21 3389    82   90   60   69   174  171  132  161  0.53 0.47 0.55 0.57
 5 15:38:19 21 3389    77   87   58   66   162  161  125  157  0.52 0.46 0.54 0.58
 6 15:38:39 21 3385    72   83   58   66   148  156  115  153  0.51 0.47 0.50 0.57
 7 15:38:59 21 3389    68   81   60   68   132  151  115  158  0.48 0.46 0.48 0.57
 8 15:39:19 21 3389    70   82   65   73   138  152  121  148  0.49 0.46 0.46 0.51
 9 15:39:40 21 3389    74   85   70   77   136  152  127  153  0.46 0.44 0.45 0.50
10 15:40:00 21 3389    78   87   72   81   141  156  127  158  0.45 0.44 0.43 0.49
;            Ch1    Ch2    Ch3    Ch4      blue   green  brown
;  alpha:   0.555 130675.7 1000792. 495791.4    392921.4 -0.000  0.550
; ETRmax:   906.8 3370.2 3263.3 3554.9    3251.1    0.0  901.3
;     Ik:  1633.1    0.0    0.0    0.0       0.0    0.0 1638.7
;References: BL_US PMDA0174.REF2 GR_US PMDA0174.REF2 BR_US PMDA0174.REF2

;LTK_12192017_100m

19DEC2017  15:41:32  Gain: 21  Zoff: 268 296 193 194
No   Time    G  PAR    F1   F2   F3   F4   Fm1  Fm2  Fm3  Fm4    Y1   Y2   Y3   Y4
 1 15:41:43 21 3389    59   71   52   59   153  152  123  158  0.61 0.53 0.58 0.63

19DEC2017  15:41:47  Gain: 21  Zoff: 268 296 193 194
No   Time    G  PAR    F1   F2   F3   F4   Fm1  Fm2  Fm3  Fm4    Y1   Y2   Y3   Y4
 1 15:41:47 21 3388    63   72   57   65   146  140  129  161  0.57 0.49 0.56 0.60
 2 15:42:08 21 3386    51   64   50   56   144  141  123  152  0.65 0.55 0.59 0.63
 3 15:42:29 21 3384    53   68   51   58   149  151  127  158  0.64 0.55 0.60 0.63
 4 15:42:49 21 3389    58   72   55   62   145  160  125  161  0.60 0.55 0.56 0.61
 5 15:43:09 21 3381    62   75   58   67   146  169  126  161  0.58 0.56 0.54 0.58
 6 15:43:29 21 3390    68   77   63   72   152  167  132  161  0.55 0.54 0.52 0.55
 7 15:43:50 21 3389    71   78   67   77   147  160  137  164  0.52 0.51 0.51 0.53
 8 15:44:10 21 3386    72   78   69   79   142  158  128  164  0.49 0.51 0.46 0.52
 9 15:44:30 21 3384    73   78   71   82   140  158  134  164  0.48 0.51 0.47 0.50
10 15:44:50 21 3387    76   79   74   85   140  159  131  164  0.46 0.50 0.44 0.48
;            Ch1    Ch2    Ch3    Ch4      blue   green  brown
;  alpha:   0.599  0.556 285268.7 94969.67    61875.99 -0.000  0.617
; ETRmax:   938.6  911.4 3747.0 3668.2    3491.0    0.0  950.9
;     Ik:  1566.4 1638.5    0.0    0.0       0.1    0.0 1540.5
;References: BL_US PMDA0174.REF2 GR_US PMDA0174.REF2 BR_US PMDA0174.REF2

;LTK_12192017_110m

19DEC2017  15:46:49  Gain: 21  Zoff: 268 296 193 194
No   Time    G  PAR    F1   F2   F3   F4   Fm1  Fm2  Fm3  Fm4    Y1   Y2   Y3   Y4
 1 15:47:02 21 3393    -6    2    3    2    37   38   47   58  ---- ---- ---- ----

19DEC2017  15:47:05  Gain: 21  Zoff: 268 296 193 194
No   Time    G  PAR    F1   F2   F3   F4   Fm1  Fm2  Fm3  Fm4    Y1   Y2   Y3   Y4
 1 15:47:05 21 3387    -3    2    7    7    42   33   55   70  ---- ---- ---- ----
 2 15:47:27 21 3393    -5    1    5    4    38   37   44   66  ---- ---- ---- ----
 3 15:47:47 21 3387    -4    2    5    4    39   36   42   67  ---- ---- ---- ----
 4 15:48:07 21 3389    -2    2    7    6    43   35   45   66  ---- ---- ---- ----
 5 15:48:28 21 3388    -1    1    9    9    39   32   49   66  ---- ---- ---- ----
 6 15:48:48 21 3384     1    1   11   12    42   27   50   63  ---- ---- ---- ----
 7 15:49:08 21 3389     3    1   14   14    35   32   49   66  ---- ---- ---- ----
 8 15:49:28 21 3389     4    0   16   17    42   24   55   72  ---- ---- ---- ----
 9 15:49:49 21 3386     5    0   18   20    40   28   55   74  ---- ---- ---- ----
10 15:50:09 21 3387     6   -1   20   22    39   29   56   72  ---- ---- ---- 0.69
;            Ch1    Ch2    Ch3    Ch4      blue   green  brown
;  alpha:  -0.000 -0.000 -0.000  0.845     0.993 -0.000 -0.000
; ETRmax:     0.0    0.0    0.0 1098.7    1171.1    0.0    0.0
;     Ik:     0.0    0.0    0.0 1299.9    1179.1    0.0    0.0
;References: BL_US PMDA0174.REF2 GR_US PMDA0174.REF2 BR_US PMDA0174.REF2

;LTK_12192017_120m

19DEC2017  15:52:07  Gain: 21  Zoff: 268 296 193 194
No   Time    G  PAR    F1   F2   F3   F4   Fm1  Fm2  Fm3  Fm4    Y1   Y2   Y3   Y4
 1 15:52:24 21 3377   -15  -11   -4   -5    21   20   41   49  ---- ---- ---- ----

19DEC2017  15:52:31  Gain: 21  Zoff: 268 296 193 194
No   Time    G  PAR    F1   F2   F3   F4   Fm1  Fm2  Fm3  Fm4    Y1   Y2   Y3   Y4
 1 15:52:32 21 3381   -12  -14    2    1    27   16   39   52  ---- ---- ---- ----
 2 15:52:53 21 3387   -15  -13   -2   -4    25   22   30   52  ---- ---- ---- ----
 3 15:53:13 21 3384   -15  -12   -2   -4    22   17   39   49  ---- ---- ---- ----
 4 15:53:33 21 3386   -13  -13    0   -1    24   19   37   51  ---- ---- ---- ----
 5 15:53:54 21 3380   -12  -13    2    1    25   15   41   56  ---- ---- ---- ----
 6 15:54:14 21 3387   -10  -13    4    4    25   12   42   52  ---- ---- ---- ----
 7 15:54:34 21 3385    -8  -14    6    6    28   16   33   63  ---- ---- ---- ----
 8 15:54:55 21 3385    -7  -15    9    9    28   17   45   65  ---- ---- ---- ----
 9 15:55:15 21 3390    -6  -16   11   11    29   17   45   66  ---- ---- ---- ----
10 15:55:35 21 3388    -6  -17   12   12    28   15   50   65  ---- ---- ---- ----
;            Ch1    Ch2    Ch3    Ch4      blue   green  brown
;  alpha:  -0.000 -0.000 -0.000 -0.000     1.211 -0.000 -0.000
; ETRmax:     0.0    0.0    0.0    0.0    1271.0    0.0    0.0
;     Ik:     0.0    0.0    0.0    0.0    1050.0    0.0    0.0
;References: BL_US PMDA0174.REF2 GR_US PMDA0174.REF2 BR_US PMDA0174.REF2

;LTK_12192017_130m

19DEC2017  15:57:27  Gain: 21  Zoff: 268 296 193 194
No   Time    G  PAR    F1   F2   F3   F4   Fm1  Fm2  Fm3  Fm4    Y1   Y2   Y3   Y4
 1 15:57:42 21 3388    29   49   38   43    99   99   95  120  0.71 0.51 0.60 0.64

19DEC2017  15:57:45  Gain: 21  Zoff: 268 296 193 194
No   Time    G  PAR    F1   F2   F3   F4   Fm1  Fm2  Fm3  Fm4    Y1   Y2   Y3   Y4
 1 15:57:45 21 3383    32   49   42   48    97   98   98  130  0.67 0.50 0.57 0.63
 2 15:58:06 21 3389    30   46   40   45   100  103   99  129  0.70 0.55 0.60 0.65
 3 15:58:26 21 3386    32   49   41   47   101  106   98  127  0.68 0.54 0.58 0.63
 4 15:58:47 21 3386    34   52   44   49   101  107   95  125  0.66 0.51 0.54 0.61
 5 15:59:07 21 3384    33   53   46   52    90  107  105  127  0.63 0.50 0.56 0.59
 6 15:59:27 21 3382    34   53   48   54    91  106  103  128  0.63 0.50 0.53 0.58
 7 15:59:48 21 3392    37   55   52   59    95  109  101  132  0.61 0.50 0.49 0.55
 8 16:00:08 21 3390    40   57   55   62   102  110  104  133  0.61 0.48 0.47 0.53
 9 16:00:28 21 3388    42   57   58   66    95  110  109  138  0.56 0.48 0.47 0.52
10 16:00:48 21 3385    43   58   60   68    96  108  107  138  0.55 0.46 0.44 0.51
;            Ch1    Ch2    Ch3    Ch4      blue   green  brown
;  alpha:   0.727  0.498  0.524  0.643     0.503 -0.000  0.679
; ETRmax:  1023.1 1238.3 1279.1  966.6    1240.6    0.0  987.6
;     Ik:  1407.0 2486.8 2440.3 1502.9    2467.5    0.0 1454.7
;References: BL_US PMDA0174.REF2 GR_US PMDA0174.REF2 BR_US PMDA0174.REF2

;LTK_12192017_140m

19DEC2017  16:02:42  Gain: 21  Zoff: 268 296 193 194
No   Time    G  PAR    F1   F2   F3   F4   Fm1  Fm2  Fm3  Fm4    Y1   Y2   Y3   Y4
 1 16:02:57 21 3386   184  191   52   53   219  217   91  106  0.16 0.12 0.43 0.50

19DEC2017  16:03:00  Gain: 21  Zoff: 268 296 193 194
No   Time    G  PAR    F1   F2   F3   F4   Fm1  Fm2  Fm3  Fm4    Y1   Y2   Y3   Y4
 1 16:03:01 21 3384   186  189   56   57   219  209   98  115  0.15 0.10 0.43 0.50
 2 16:03:22 21 3390   178  184   52   53   217  209   94  103  0.18 0.12 0.45 0.49
 3 16:03:42 21 3390   175  181   50   51   215  205   85  112  0.19 0.12 0.41 0.54
 4 16:04:02 21 3386   174  177   51   52   208  202   85  107  0.16 0.12 0.40 0.51
 5 16:04:23 21 3389   172  173   52   53   205  203   86  103  0.16 0.15 0.40 0.49
 6 16:04:43 21 3382   170  170   54   55   204  199   87  108  0.17 0.15 0.38 0.49
 7 16:05:03 21 3384   168  166   56   56   202  192   89  113  0.17 0.14 0.37 0.50
 8 16:05:24 21 3393   166  162   56   58   196  187   93  108  0.15 0.13 0.40 0.46
 9 16:05:44 21 3391   165  158   58   60   197  183   90  109  0.16 0.14 0.36 0.45
10 16:06:04 21 3387   163  155   58   61   192  180   93  109  0.15 0.14 0.38 0.44
;            Ch1    Ch2    Ch3    Ch4      blue   green  brown
;  alpha:   0.276  0.277  0.382  0.503    -0.000 -0.000  0.277
; ETRmax:   241.3  204.6  783.4  869.6       0.0    0.0  301.1
;     Ik:   874.9  738.8 2053.4 1728.2       0.0    0.0 1085.6
;References: BL_US PMDA0174.REF2 GR_US PMDA0174.REF2 BR_US PMDA0174.REF2