Gain: 21  Zoff: 264 307 186 210
;LTM 0m_04062017
06APR2017  19:02:11  Gain: 21  Zoff: 264 307 186 210
No   Time    G  PAR    F1   F2   F3   F4   Fm1  Fm2  Fm3  Fm4    Y1   Y2   Y3   Y4
 1 19:10:45 21   64    57   82   60   68   138  157  121  153  0.59 0.48 0.50 0.56

06APR2017  19:10:53  Gain: 21  Zoff: 264 307 186 210
No   Time    G  PAR    F1   F2   F3   F4   Fm1  Fm2  Fm3  Fm4    Y1   Y2   Y3   Y4
 1 19:10:53 21   64    59   82   62   71   139  162  123  154  0.58 0.49 0.50 0.54
 2 19:11:15 21   16    48   73   53   60   132  142  113  140  0.64 0.49 0.53 0.57
 3 19:11:35 21   64    47   77   53   61   128  160  121  147  0.63 0.52 0.56 0.59
 4 19:11:55 21  128    52   82   57   65   126  162  117  147  0.59 0.49 0.51 0.56
 5 19:12:15 21  192    50   81   58   66   106  154  105  129  0.53 0.47 0.45 0.49
 6 19:12:36 21  256    48   79   58   66   100  151   96  132  0.52 0.48 0.40 0.50
 7 19:12:56 21  320    48   79   59   66    95  141  101  124  0.49 0.44 0.42 0.47
 8 19:13:16 21  384    48   79   61   68   100  143  106  128  0.52 0.45 0.42 0.47
 9 19:13:37 21  448    50   80   63   71    97  146  105  127  0.48 0.45 0.40 0.44
10 19:13:57 21  512    53   81   66   74   100  149  111  123  0.47 0.46 0.41 0.40
11 19:14:17 21  576    57   83   70   78   102  151  105  136  0.44 0.45 0.33 0.43
12 19:14:37 21  640    60   85   72   81   100  140  109  135  0.40 0.39 0.34 0.40
13 19:14:58 21  704    62   85   73   83   101  142  109  137  0.39 0.40 0.33 0.39
14 19:15:18 21  832    62   84   76   86    98  137  116  135  0.37 0.39 0.34 0.36
;            Ch1    Ch2    Ch3    Ch4      blue   green  brown
;  alpha:   1.450  1.115  1.190  1.324     1.087 -0.000  1.277
; ETRmax:   920.8  985.5 1504.1 1765.5    1286.6    0.0  894.6
;     Ik:   635.0  883.6 1264.3 1333.9    1183.8    0.0  700.8
;References: BL_US PMDA0174.REF2 GR_US PMDA0174.REF2 BR_US PMDA0174.REF2

;LTM 10m_04062017

06APR2017  19:18:01  Gain: 21  Zoff: 264 307 186 210
No   Time    G  PAR    F1   F2   F3   F4   Fm1  Fm2  Fm3  Fm4    Y1   Y2   Y3   Y4
 1 19:18:16 21   64    48   83   56   64   129  165  120  151  0.63 0.50 0.53 0.58

06APR2017  19:18:26  Gain: 21  Zoff: 264 307 186 210
No   Time    G  PAR    F1   F2   F3   F4   Fm1  Fm2  Fm3  Fm4    Y1   Y2   Y3   Y4
 1 19:18:26 21   64    48   81   57   65   117  169  118  140  0.59 0.52 0.52 0.54
 2 19:18:48 21   16    41   72   51   58   122  140  115  141  0.66 0.49 0.56 0.59
 3 19:19:08 21   64    45   79   55   63   125  169  117  154  0.64 0.53 0.53 0.59
 4 19:19:28 21  128    48   84   59   67   127  172  115  153  0.62 0.51 0.49 0.56
 5 19:19:48 21  192    48   85   60   67   109  166  110  143  0.56 0.49 0.45 0.53
 6 19:20:09 21  256    44   83   60   67   103  166  110  138  0.57 0.50 0.45 0.51
 7 19:20:29 21  320    47   86   63   71    96  158  108  130  0.51 0.46 0.42 0.45
 8 19:20:49 21  384    48   87   66   73   101  158  108  129  0.52 0.45 0.39 0.43
 9 19:21:09 21  448    49   86   65   74    91  152  110  128  0.46 0.43 0.41 0.42
10 19:21:30 21  512    48   85   66   74    83  157  109  130  0.42 0.46 0.39 0.43
11 19:21:50 21  576    47   84   66   74    88  149  104  130  0.47 0.44 0.37 0.43
12 19:22:10 21  640    46   85   68   75    83  148  108  133  0.45 0.43 0.37 0.44
13 19:22:31 21  704    48   86   71   78    86  154  113  127  0.44 0.44 0.37 0.39
14 19:22:51 21  832    52   88   75   83    90  148  117  124  0.42 0.41 0.36 0.33
;            Ch1    Ch2    Ch3    Ch4      blue   green  brown
;  alpha:   1.500  1.179  1.187  1.382     1.330 -0.000  1.392
; ETRmax:  1352.6 3413.9 1751.0 1588.0     709.0    0.0 2813.0
;     Ik:   901.9 2896.2 1474.7 1148.7     533.1    0.0 2021.2
;References: BL_US PMDA0174.REF2 GR_US PMDA0174.REF2 BR_US PMDA0174.REF2

;LTM 20m_04062017

06APR2017  19:25:27  Gain: 21  Zoff: 264 307 186 210
No   Time    G  PAR    F1   F2   F3   F4   Fm1  Fm2  Fm3  Fm4    Y1   Y2   Y3   Y4
 1 19:25:39 21   64    45   95   53   63   128  185  119  148  0.65 0.49 0.55 0.57

06APR2017  19:25:44  Gain: 21  Zoff: 264 307 186 210
No   Time    G  PAR    F1   F2   F3   F4   Fm1  Fm2  Fm3  Fm4    Y1   Y2   Y3   Y4
 1 19:25:44 21   64    47   95   56   67   125  188  122  144  0.62 0.49 0.54 0.53
 2 19:26:06 21   16    46   88   54   63   144  181  122  156  0.68 0.51 0.56 0.60
 3 19:26:26 21   64    50   96   56   66   131  196  124  150  0.62 0.51 0.55 0.56
 4 19:26:47 21  128    49   98   57   67   124  190  110  144  0.60 0.48 0.48 0.53
 5 19:27:07 21  192    50  100   58   70   113  194  112  147  0.56 0.48 0.48 0.52
 6 19:27:27 21  256    52  101   61   73   113  195  113  140  0.54 0.48 0.46 0.48
 7 19:27:47 21  320    54  102   64   76   106  187  117  144  0.49 0.45 0.45 0.47
 8 19:28:08 21  384    52  101   65   75   101  183  108  131  0.49 0.45 0.40 0.43
 9 19:28:28 21  448    49  100   64   74    95  173  106  135  0.48 0.42 0.40 0.45
10 19:28:48 21  512    49  101   65   76    90  177  104  141  0.46 0.43 0.38 0.46
11 19:29:09 21  576    51  102   68   79    91  182  108  130  0.44 0.44 0.37 0.39
12 19:29:29 21  640    54  104   72   82    95  179  108  140  0.43 0.42 0.33 0.41
13 19:29:49 21  704    56  105   74   84    95  171  113  133  0.41 0.39 0.35 0.37
14 19:30:09 21  832    59  105   77   88    99  164  122  132  0.40 0.36 0.37 0.33
;            Ch1    Ch2    Ch3    Ch4      blue   green  brown
;  alpha:   1.460  1.149  1.256  1.295     1.066 -0.000  1.356
; ETRmax:  1799.3  905.3 1445.6  805.8    1316.2    0.0 1286.3
;     Ik:  1232.2  788.0 1151.3  622.2    1234.8    0.0  948.5
;References: BL_US PMDA0174.REF2 GR_US PMDA0174.REF2 BR_US PMDA0174.REF2

;LTM 30m_04062017

06APR2017  19:32:10  Gain: 21  Zoff: 264 307 186 210
No   Time    G  PAR    F1   F2   F3   F4   Fm1  Fm2  Fm3  Fm4    Y1   Y2   Y3   Y4
 1 19:32:22 21   64   116  201   90  104   259  362  181  220  0.55 0.44 0.50 0.53

06APR2017  19:32:28  Gain: 21  Zoff: 264 307 186 210
No   Time    G  PAR    F1   F2   F3   F4   Fm1  Fm2  Fm3  Fm4    Y1   Y2   Y3   Y4
 1 19:32:29 21   64   122  203   93  107   255  370  177  219  0.52 0.45 0.47 0.51
 2 19:32:50 21   16   104  184   80   92   249  346  176  222  0.58 0.47 0.55 0.59
 3 19:33:11 21   64   106  192   84   96   240  360  178  212  0.56 0.47 0.53 0.55
 4 19:33:31 21  128   114  199   90  104   244  356  176  212  0.53 0.44 0.49 0.51
 5 19:33:51 21  192   125  207   96  112   229  355  171  213  0.45 0.42 0.44 0.47
 6 19:34:12 21  256   123  209   97  114   223  350  166  205  0.45 0.40 0.42 0.44
 7 19:34:32 21  320   127  211  100  117   214  343  172  211  0.41 0.38 0.42 0.45
 8 19:34:52 21  384   126  211  101  117   202  338  164  203  0.38 0.38 0.38 0.42
 9 19:35:12 21  448   130  214  103  120   206  336  158  194  0.37 0.36 0.35 0.38
10 19:35:33 21  512   130  214  105  121   193  333  157  199  0.33 0.36 0.33 0.39
11 19:35:53 21  576   120  209  100  114   176  316  147  188  0.32 0.34 0.32 0.39
12 19:36:13 21  640   111  204   98  112   171  307  152  183  0.35 0.34 0.36 0.39
13 19:36:33 21  704   112  204  100  112   174  303  148  173  0.36 0.33 0.32 0.35
14 19:36:54 21  832   120  210  106  120   179  310  158  177  0.33 0.32 0.33 0.32
;            Ch1    Ch2    Ch3    Ch4      blue   green  brown
;  alpha:   1.318  1.057  1.198  1.239     1.064 -0.000  1.229
; ETRmax:  1084.7  851.7  569.7  757.1    1086.2    0.0 1488.7
;     Ik:   822.9  805.8  475.6  610.9    1021.1    0.0 1211.5
;References: BL_US PMDA0174.REF2 GR_US PMDA0174.REF2 BR_US PMDA0174.REF2

;LTM 40m_04062017

06APR2017  19:39:47  Gain: 21  Zoff: 264 307 186 210
No   Time    G  PAR    F1   F2   F3   F4   Fm1  Fm2  Fm3  Fm4    Y1   Y2   Y3   Y4
 1 19:39:58 21   64   150  243  105  119   278  414  198  237  0.46 0.41 0.47 0.50

06APR2017  19:40:03  Gain: 21  Zoff: 264 307 186 210
No   Time    G  PAR    F1   F2   F3   F4   Fm1  Fm2  Fm3  Fm4    Y1   Y2   Y3   Y4
 1 19:40:03 21   64   152  243  108  122   287  410  194  234  0.47 0.41 0.44 0.48
 2 19:40:25 21   16   144  230  103  114   300  406  207  245  0.52 0.43 0.50 0.53
 3 19:40:45 21   64   149  240  106  118   284  415  203  247  0.48 0.42 0.48 0.52
 4 19:41:05 21  128   145  241  105  117   261  393  193  227  0.44 0.39 0.46 0.48
 5 19:41:26 21  192   145  241  106  119   249  396  183  221  0.42 0.39 0.42 0.46
 6 19:41:46 21  256   150  245  111  124   241  386  178  210  0.38 0.37 0.38 0.41
 7 19:42:06 21  320   154  247  114  128   232  372  180  211  0.34 0.34 0.37 0.39
 8 19:42:27 21  384   154  249  116  130   225  379  177  216  0.32 0.34 0.34 0.40
 9 19:42:47 21  448   153  249  117  131   218  368  172  206  0.30 0.32 0.32 0.36
10 19:43:07 21  512   150  248  116  130   209  369  169  200  0.28 0.33 0.31 0.35
11 19:43:27 21  576   149  248  117  130   217  361  170  200  0.31 0.31 0.31 0.35
12 19:43:48 21  640   152  251  121  134   220  357  168  204  0.31 0.30 0.28 0.34
13 19:44:08 21  704   152  252  122  135   207  354  167  202  0.27 0.29 0.27 0.33
14 19:44:28 21  832   154  254  125  140   203  351  166  201  0.24 0.28 0.25 0.30
;            Ch1    Ch2    Ch3    Ch4      blue   green  brown
;  alpha:   1.153  0.972  1.174  1.482     1.144 -0.000  1.091
; ETRmax:   848.9 1387.7  838.5  701.1     748.7    0.0 1246.6
;     Ik:   736.5 1427.6  714.1  473.1     654.5    0.0 1142.6
;References: BL_US PMDA0174.REF2 GR_US PMDA0174.REF2 BR_US PMDA0174.REF2

;LTM 50m_04062017

06APR2017  19:46:44  Gain: 21  Zoff: 264 307 186 210
No   Time    G  PAR    F1   F2   F3   F4   Fm1  Fm2  Fm3  Fm4    Y1   Y2   Y3   Y4
 1 19:46:55 21   64    84  108   61   72   218  227  140  187  0.61 0.52 0.56 0.61

06APR2017  19:47:00  Gain: 21  Zoff: 264 307 186 210
No   Time    G  PAR    F1   F2   F3   F4   Fm1  Fm2  Fm3  Fm4    Y1   Y2   Y3   Y4
 1 19:47:01 21   64    88  109   64   76   220  228  152  196  0.60 0.52 0.58 0.61
 2 19:47:22 21   16    72   98   55   65   230  228  154  193  0.69 0.57 0.64 0.66
 3 19:47:43 21   64    82  106   60   72   213  230  144  192  0.62 0.54 0.58 0.63
 4 19:48:03 21  128    88  109   65   78   208  221  146  183  0.58 0.51 0.55 0.57
 5 19:48:23 21  192    93  113   69   84   188  204  131  184  0.51 0.45 0.47 0.54
 6 19:48:44 21  256    95  114   72   87   183  209  128  169  0.48 0.45 0.44 0.49
 7 19:49:04 21  320    98  117   75   90   173  204  128  160  0.43 0.43 0.41 0.44
 8 19:49:24 21  384   103  118   78   93   173  196  129  169  0.40 0.40 0.40 0.45
 9 19:49:44 21  448   103  118   79   95   164  193  121  160  0.37 0.39 0.35 0.41
10 19:50:05 21  512   103  118   80   95   162  189  124  153  0.36 0.38 0.35 0.38
11 19:50:25 21  576   106  121   82   98   163  187  122  155  0.35 0.35 0.33 0.37
12 19:50:45 21  640   108  122   84   99   158  175  124  149  0.32 0.30 0.32 0.34
13 19:51:06 21  704   109  123   85  101   158  178  119  149  0.31 0.31 0.29 0.32
14 19:51:26 21  832   112  124   89  105   163  179  125  158  0.31 0.31 0.29 0.34
;            Ch1    Ch2    Ch3    Ch4      blue   green  brown
;  alpha:   1.537  1.293  1.454  1.537     1.394 -0.000  1.466
; ETRmax:   897.9  955.9  858.9 1022.4     731.0    0.0 1100.4
;     Ik:   584.1  739.0  590.7  665.4     524.4    0.0  750.4
;References: BL_US PMDA0174.REF2 GR_US PMDA0174.REF2 BR_US PMDA0174.REF2

;LTM 60m_04062017

06APR2017  19:53:17  Gain: 21  Zoff: 264 307 186 210
No   Time    G  PAR    F1   F2   F3   F4   Fm1  Fm2  Fm3  Fm4    Y1   Y2   Y3   Y4
 1 19:53:28 21   64    72   95   57   69   181  191  127  164  0.60 0.50 0.55 0.58

06APR2017  19:53:35  Gain: 21  Zoff: 264 307 186 210
No   Time    G  PAR    F1   F2   F3   F4   Fm1  Fm2  Fm3  Fm4    Y1   Y2   Y3   Y4
 1 19:53:35 21   64    74   96   60   73   181  185  132  162  0.59 0.48 0.55 0.55
 2 19:53:56 21   16    63   88   53   64   194  194  144  172  0.68 0.55 0.63 0.63
 3 19:54:17 21   64    74   96   59   71   192  192  143  182  0.61 0.50 0.59 0.61
 4 19:54:37 21  128    81  101   63   77   186  196  138  167  0.56 0.48 0.54 0.54
 5 19:54:57 21  192    85  105   68   82   170  186  127  172  0.50 0.44 0.46 0.52
 6 19:55:18 21  256    86  104   69   83   167  165  125  161  0.49 0.37 0.45 0.48
 7 19:55:38 21  320    87  105   70   85   154  173  117  150  0.44 0.39 0.40 0.43
 8 19:55:58 21  384    88  106   72   87   149  168  116  149  0.41 0.37 0.38 0.42
 9 19:56:18 21  448    89  106   74   89   151  164  113  143  0.41 0.35 0.35 0.38
10 19:56:39 21  512    91  107   77   92   146  171  120  153  0.38 0.37 0.36 0.40
11 19:56:59 21  576    94  109   79   95   151  169  121  152  0.38 0.36 0.35 0.38
12 19:57:19 21  640    96  111   81   97   146  163  121  149  0.34 0.32 0.33 0.35
13 19:57:40 21  704    99  113   84  100   144  169  124  153  0.31 0.33 0.32 0.35
14 19:58:00 21  832   101  112   88  103   146  164  119  146  0.31 0.32 0.26 0.29
;            Ch1    Ch2    Ch3    Ch4      blue   green  brown
;  alpha:   1.492  1.145  1.431  1.462     1.396 -0.000  1.371
; ETRmax:  1009.4  995.7  887.8 1055.2     734.7    0.0 1259.0
;     Ik:   676.5  869.5  620.2  721.5     526.3    0.0  918.4
;References: BL_US PMDA0174.REF2 GR_US PMDA0174.REF2 BR_US PMDA0174.REF2

;LTM 70m_04062017

06APR2017  20:01:22  Gain: 21  Zoff: 264 307 186 210
No   Time    G  PAR    F1   F2   F3   F4   Fm1  Fm2  Fm3  Fm4    Y1   Y2   Y3   Y4
 1 20:01:45 21   64    54   81   59   70   146  167  125  156  0.63 0.51 0.53 0.55

06APR2017  20:01:52  Gain: 21  Zoff: 264 307 186 210
No   Time    G  PAR    F1   F2   F3   F4   Fm1  Fm2  Fm3  Fm4    Y1   Y2   Y3   Y4
 1 20:01:53 21   64    56   82   62   73   138  172  131  161  0.59 0.52 0.53 0.55
 2 20:02:14 21   16    53   76   60   69   146  163  123  152  0.64 0.53 0.51 0.55
 3 20:02:35 21   64    55   81   61   72   141  177  124  157  0.61 0.54 0.51 0.54
 4 20:02:55 21  128    56   85   63   74   130  168  119  154  0.57 0.49 0.47 0.52
 5 20:03:15 21  192    56   86   64   75   124  171  119  143  0.55 0.50 0.46 0.48
 6 20:03:35 21  256    54   86   65   76   112  157  126  142  0.52 0.45 0.48 0.46
 7 20:03:56 21  320    55   85   67   77   111  163  124  148  0.50 0.48 0.46 0.48
 8 20:04:16 21  384    54   85   68   78   103  155  115  140  0.48 0.45 0.41 0.44
 9 20:04:36 21  448    56   87   71   81   105  157  108  145  0.47 0.45 0.34 0.44
10 20:04:57 21  512    61   89   75   85   106  153  111  148  0.42 0.42 0.32 0.43
11 20:05:17 21  576    66   91   78   89   107  160  118  142  0.38 0.43 0.34 0.37
12 20:05:37 21  640    66   91   80   91   109  154  118  142  0.39 0.41 0.32 0.36
13 20:05:57 21  704    64   90   80   90   105  156  114  148  0.39 0.42 0.30 0.39
14 20:06:18 21  832    64   90   82   92   104  148  119  140  0.38 0.39 0.31 0.34
;            Ch1    Ch2    Ch3    Ch4      blue   green  brown
;  alpha:   1.450  1.170  1.344  1.265     1.043 -0.000  1.377
; ETRmax:  1533.6 2929.2  802.8 1264.8     457.4    0.0 2353.1
;     Ik:  1057.7 2503.5  597.2  999.5     438.7    0.0 1708.6
;References: BL_US PMDA0174.REF2 GR_US PMDA0174.REF2 BR_US PMDA0174.REF2

;LTM 80m_04062017

06APR2017  20:08:45  Gain: 21  Zoff: 264 307 186 210
No   Time    G  PAR    F1   F2   F3   F4   Fm1  Fm2  Fm3  Fm4    Y1   Y2   Y3   Y4
 1 20:08:56 21   64   106  124   68   83   213  220  141  178  0.50 0.44 0.52 0.53

06APR2017  20:09:03  Gain: 21  Zoff: 264 307 186 210
No   Time    G  PAR    F1   F2   F3   F4   Fm1  Fm2  Fm3  Fm4    Y1   Y2   Y3   Y4
 1 20:09:04 21   64   104  120   69   84   205  229  141  177  0.49 0.48 0.51 0.53
 2 20:09:26 21   16    79  102   57   69   221  209  143  182  0.64 0.51 0.60 0.62
 3 20:09:46 21   64    92  115   63   77   218  214  138  177  0.58 0.46 0.54 0.56
 4 20:10:06 21  128   103  124   68   83   204  216  134  174  0.50 0.43 0.49 0.52
 5 20:10:27 21  192   113  130   73   89   194  221  135  160  0.42 0.41 0.46 0.44
 6 20:10:47 21  256   119  135   78   94   193  213  129  163  0.38 0.37 0.40 0.42
 7 20:11:07 21  320   125  138   82   99   196  217  135  170  0.36 0.36 0.39 0.42
 8 20:11:27 21  384   126  140   85  104   190  208  128  170  0.34 0.33 0.34 0.39
 9 20:11:48 21  448   125  140   87  107   182  206  127  173  0.31 0.32 0.31 0.38
10 20:12:08 21  512   122  140   88  108   176  202  126  158  0.31 0.31 0.30 0.32
11 20:12:28 21  576   122  140   89  108   169  199  125  169  0.28 0.30 0.29 0.36
12 20:12:49 21  640   124  140   90  109   171  197  117  153  0.27 0.29 0.23 0.29
13 20:13:09 21  704   128  139   91  110   179  187  128  155  0.28 0.26 0.29 0.29
14 20:13:29 21  832   130  135   93  111   171  178  122  154  0.24 0.24 0.24 0.28
;            Ch1    Ch2    Ch3    Ch4      blue   green  brown
;  alpha:   1.409  1.119  1.392  1.373     1.238 -0.000  1.306
; ETRmax:   663.1  748.5  685.1  899.5     409.0    0.0  692.9
;     Ik:   470.4  669.1  492.2  655.1     330.3    0.0  530.3
;References: BL_US PMDA0174.REF2 GR_US PMDA0174.REF2 BR_US PMDA0174.REF2

;LTM 90m_04062017

06APR2017  20:15:40  Gain: 21  Zoff: 264 307 186 210
No   Time    G  PAR    F1   F2   F3   F4   Fm1  Fm2  Fm3  Fm4    Y1   Y2   Y3   Y4
 1 20:15:52 21   64   110   79   69   86   205  155  132  173  0.46 0.49 0.48 0.50

06APR2017  20:15:57  Gain: 21  Zoff: 264 307 186 210
No   Time    G  PAR    F1   F2   F3   F4   Fm1  Fm2  Fm3  Fm4    Y1   Y2   Y3   Y4
 1 20:15:58 21   64   111   78   71   88   206  147  132  176  0.46 0.47 0.46 0.50
 2 20:16:20 21   16    94   67   63   78   238  168  154  198  0.61 0.60 0.59 0.61
 3 20:16:40 21   64   102   72   67   82   199  149  132  164  0.49 0.52 0.49 0.50
 4 20:17:00 21  128   104   73   69   85   190  139  129  158  0.45 0.47 0.47 0.46
 5 20:17:20 21  192   114   79   75   93   189  139  121  155  0.40 0.43 0.38 0.40
 6 20:17:41 21  256   120   82   79   98   177  141  123  149  0.32 0.42 0.36 0.34
 7 20:18:01 21  320   119   81   80   99   176  123  114  152  0.32 0.34 0.30 0.35
 8 20:18:21 21  384   118   80   81   99   169  125  115  147  0.30 0.36 0.30 0.33
 9 20:18:42 21  448   120   80   82  101   167  125  116  148  0.28 0.36 0.29 0.32
10 20:19:02 21  512   121   79   84  102   163  119  116  152  0.26 0.34 0.28 0.33
11 20:19:22 21  576   120   77   85  103   166  118  117  149  0.28 0.35 0.27 0.31
12 20:19:42 21  640   118   75   85  104   163  111  122  153  0.28 0.32 0.30 0.32
13 20:20:03 21  704   118   73   87  104   155  109  121  150  0.24 0.33 0.28 0.31
14 20:20:23 21  832   118   71   89  107   154  105  124  147  0.23 0.32 0.28 0.27
;            Ch1    Ch2    Ch3    Ch4      blue   green  brown
;  alpha:   1.199  1.168  1.151  1.132     0.845  1.142  1.115
; ETRmax:   658.9 1228.5  679.1 1007.1    3069.3  221.0 2428726.
;     Ik:   549.4 1051.8  590.1  890.0    3633.2  193.5 2178901.
;References: BL_US PMDA0174.REF2 GR_US PMDA0174.REF2 BR_US PMDA0174.REF2

;LTM 100m_04062017

06APR2017  20:22:52  Gain: 21  Zoff: 264 307 186 210
No   Time    G  PAR    F1   F2   F3   F4   Fm1  Fm2  Fm3  Fm4    Y1   Y2   Y3   Y4
 1 20:23:05 21   64    61   60   46   59   128  117   94  124  0.52 0.49 0.51 0.52

06APR2017  20:23:13  Gain: 21  Zoff: 264 307 186 210
No   Time    G  PAR    F1   F2   F3   F4   Fm1  Fm2  Fm3  Fm4    Y1   Y2   Y3   Y4
 1 20:23:13 21   64    60   57   47   60   131  119   98  127  0.54 0.52 0.52 0.53
 2 20:23:35 21   16    48   50   41   51   137  126  109  139  0.65 0.60 0.62 0.63
 3 20:23:55 21   64    55   54   44   56   131  116   93  127  0.58 0.53 0.53 0.56
 4 20:24:15 21  128    58   56   47   59   123  109   93  124  0.53 0.49 0.49 0.52
 5 20:24:36 21  192    62   58   50   62   118  109   91  119  0.47 0.47 0.45 0.48
 6 20:24:56 21  256    66   60   53   66   111  107   91  122  0.41 0.44 0.42 0.46
 7 20:25:16 21  320    68   60   56   69   110  110   97  122  0.38 0.45 0.42 0.43
 8 20:25:36 21  384    69   59   58   71   111  100   92  118  0.38 0.41 0.37 0.40
 9 20:25:57 21  448    68   58   59   72   102  102   96  121  0.33 0.43 0.39 0.40
10 20:26:17 21  512    69   57   60   74   105   99   94  121  0.34 0.42 0.36 0.39
11 20:26:37 21  576    70   57   62   75   103   99   95  120  0.32 0.42 0.35 0.38
12 20:26:58 21  640    71   57   64   78   110   94   98  115  0.35 0.39 0.35 0.32
13 20:27:18 21  704    72   56   66   79   109   92   92  127  0.34 0.39 0.28 0.38
14 20:27:38 21  832    74   55   69   83   106   89   95  123  0.30 0.38 0.27 0.33
;            Ch1    Ch2    Ch3    Ch4      blue   green  brown
;  alpha:   1.362  1.170  1.235  1.312     1.102  0.383  1.055
; ETRmax:   948.8 2445.4  606.0 1299.7    1718.8  382.0 8032892.
;     Ik:   696.5 2090.1  490.9  990.5    1559.4  998.1 7612371.
;References: BL_US PMDA0174.REF2 GR_US PMDA0174.REF2 BR_US PMDA0174.REF2