Gain: 21  Zoff: 33 6 48 53
;LTK 0m_04102017
11APR2017  13:10:33  Gain: 21  Zoff: 33 6 48 53
No   Time    G  PAR    F1   F2   F3   F4   Fm1  Fm2  Fm3  Fm4    Y1   Y2   Y3   Y4
 1 13:20:56 21   64   259  378  185  201   313  456  237  262  0.17 0.17 0.22 0.23

11APR2017  13:21:04  Gain: 21  Zoff: 33 6 48 53
No   Time    G  PAR    F1   F2   F3   F4   Fm1  Fm2  Fm3  Fm4    Y1   Y2   Y3   Y4
 1 13:21:05 21   64   263  379  188  204   317  448  230  270  0.17 0.15 0.18 0.24
 2 13:21:27 21   16   259  372  184  200   314  430  224  263  0.18 0.13 0.18 0.24
 3 13:21:47 21   64   260  378  185  201   317  446  232  277  0.18 0.15 0.20 0.27
 4 13:22:07 21  128   265  383  189  205   316  457  234  267  0.16 0.16 0.19 0.23
 5 13:22:27 21  192   266  385  191  207   311  457  234  271  0.14 0.16 0.18 0.24
 6 13:22:48 21  256   265  385  194  209   303  449  231  264  0.13 0.14 0.16 0.21
 7 13:23:08 21  320   264  385  195  211   306  449  234  265  0.14 0.14 0.17 0.20
 8 13:23:28 21  384   266  386  198  214   307  450  241  276  0.13 0.14 0.18 0.22
 9 13:23:49 21  448   269  387  200  216   314  448  238  264  0.14 0.14 0.16 0.18
10 13:24:09 21  512   271  387  202  219   306  442  241  270  0.11 0.12 0.16 0.19
11 13:24:29 21  576   272  388  203  220   310  443  230  265  0.12 0.12 0.12 0.17
12 13:24:49 21  640   273  388  205  222   319  438  232  265  0.14 0.11 0.12 0.16
13 13:25:10 21  704   275  388  207  224   305  441  238  267  0.10 0.12 0.13 0.16
14 13:25:30 21  832   277  388  211  228   318  438  244  276  0.13 0.11 0.14 0.17
;            Ch1    Ch2    Ch3    Ch4      blue   green  brown
;  alpha:   0.353  0.365  0.481  0.586     0.539 -0.000  0.394
; ETRmax:   826.2  248.5  411.0  736.8     233.9    0.0  738.7
;     Ik:  2341.9  680.8  854.3 1257.4     433.7    0.0 1873.1
;References: BL_US PMDA0174.REF2 GR_US PMDA0174.REF2 BR_US PMDA0174.REF2

;LTK 10m_04102017

11APR2017  13:28:44  Gain: 21  Zoff: 33 6 48 53
No   Time    G  PAR    F1   F2   F3   F4   Fm1  Fm2  Fm3  Fm4    Y1   Y2   Y3   Y4
 1 13:28:57 21   64   245  359  183  200   288  417  225  251  0.15 0.14 0.19 0.20

11APR2017  13:29:01  Gain: 21  Zoff: 33 6 48 53
No   Time    G  PAR    F1   F2   F3   F4   Fm1  Fm2  Fm3  Fm4    Y1   Y2   Y3   Y4
 1 13:29:02 21   64   246  359  185  202   297  418  219  256  0.17 0.14 0.16 0.21
 2 13:29:23 21   16   245  354  182  198   293  412  227  265  0.16 0.14 0.20 0.25
 3 13:29:44 21   64   243  358  183  199   288  422  224  255  0.16 0.15 0.18 0.22
 4 13:30:04 21  128   250  365  187  205   310  434  224  276  0.19 0.16 0.17 0.26
 5 13:30:24 21  192   250  364  188  206   291  421  231  254  0.14 0.14 0.19 0.19
 6 13:30:44 21  256   245  362  189  205   292  421  225  255  0.16 0.14 0.16 0.20
 7 13:31:05 21  320   250  366  193  210   295  422  227  261  0.15 0.13 0.15 0.20
 8 13:31:25 21  384   253  367  195  212   286  432  236  257  0.12 0.15 0.17 0.18
 9 13:31:45 21  448   249  365  195  212   294  422  231  257  0.15 0.14 0.16 0.18
10 13:32:06 21  512   256  369  198  216   296  418  230  267  0.14 0.12 0.14 0.19
11 13:32:26 21  576   261  371  202  220   295  424  232  268  0.12 0.13 0.13 0.18
12 13:32:46 21  640   262  373  204  222   293  423  235  274  0.11 0.12 0.13 0.19
13 13:33:06 21  704   263  373  206  225   290  424  241  273  0.09 0.12 0.15 0.18
14 13:33:27 21  832   262  371  208  227   296  419  244  276  0.11 0.11 0.15 0.18
;            Ch1    Ch2    Ch3    Ch4      blue   green  brown
;  alpha:   0.374  0.315  0.417  0.440     0.432 -0.000  0.339
; ETRmax:   203.3  230.3  831.4 1785.6     656.5    0.0  180.4
;     Ik:   543.8  731.6 1996.0 4056.9    1518.9    0.0  531.5
;References: BL_US PMDA0174.REF2 GR_US PMDA0174.REF2 BR_US PMDA0174.REF2

;LTK 20m_04102017

11APR2017  13:35:46  Gain: 21  Zoff: 33 6 48 53
No   Time    G  PAR    F1   F2   F3   F4   Fm1  Fm2  Fm3  Fm4    Y1   Y2   Y3   Y4
 1 13:35:57 21   64   281  373  200  219   340  452  256  287  0.17 0.17 0.22 0.24

11APR2017  13:36:02  Gain: 21  Zoff: 33 6 48 53
No   Time    G  PAR    F1   F2   F3   F4   Fm1  Fm2  Fm3  Fm4    Y1   Y2   Y3   Y4
 1 13:36:02 21   64   279  371  201  220   329  440  253  294  0.15 0.16 0.21 0.25
 2 13:36:24 21   16   274  362  198  216   364  431  262  302  0.25 0.16 0.24 0.28
 3 13:36:44 21   64   278  370  199  217   337  451  246  294  0.18 0.18 0.19 0.26
 4 13:37:04 21  128   274  371  198  216   339  450  245  279  0.19 0.18 0.19 0.23
 5 13:37:24 21  192   278  374  202  220   329  445  245  285  0.16 0.16 0.18 0.23
 6 13:37:45 21  256   279  374  204  223   335  449  251  295  0.17 0.17 0.19 0.24
 7 13:38:05 21  320   282  377  208  226   333  448  246  288  0.15 0.16 0.15 0.22
 8 13:38:25 21  384   279  376  207  225   316  437  240  282  0.12 0.14 0.14 0.20
 9 13:38:46 21  448   277  375  208  226   318  432  249  288  0.13 0.13 0.16 0.22
10 13:39:06 21    1   287  386  207  246   335  433  251  287  0.14 0.11 0.18 0.14
11 13:39:26 21  576   284  378  215  233   322  434  245  278  0.12 0.13 0.12 0.16
12 13:39:46 21  640   281  375  216  234   312  431  251  285  0.10 0.13 0.14 0.18
13 13:40:07 21  704   285  377  218  237   321  436  251  286  0.11 0.14 0.13 0.17
14 13:40:27 21  832   289  463  223  193   326  424  251  288  0.11 ---- 0.11 0.33
;            Ch1    Ch2    Ch3    Ch4      blue   green  brown
;  alpha:   0.478  0.432  0.454  0.517     0.493 -0.000  0.495
; ETRmax:   354.8  498.2  250.9 3032.8     290.8    0.0  417.5
;     Ik:   742.4 1152.1  553.2 5868.4     589.6    0.0  843.3
;References: BL_US PMDA0174.REF2 GR_US PMDA0174.REF2 BR_US PMDA0174.REF2

;LTK 30m_04102017

11APR2017  13:42:44  Gain: 21  Zoff: 33 6 48 53
No   Time    G  PAR    F1   F2   F3   F4   Fm1  Fm2  Fm3  Fm4    Y1   Y2   Y3   Y4
 1 13:43:13 21   64   288  392  206  222   374  506  269  306  0.23 0.23 0.23 0.27

11APR2017  13:43:18  Gain: 21  Zoff: 33 6 48 53
No   Time    G  PAR    F1   F2   F3   F4   Fm1  Fm2  Fm3  Fm4    Y1   Y2   Y3   Y4
 1 13:43:18 21   64   291  394  209  225   383  487  269  302  0.24 0.19 0.22 0.25
 2 13:43:40 21   16   290  389  205  222   398  487  269  312  0.27 0.20 0.24 0.29
 3 13:44:00 21   64   292  396  207  225   389  500  269  314  0.25 0.21 0.23 0.28
 4 13:44:21 21  128   294  400  212  229   371  500  263  304  0.21 0.20 0.19 0.25
 5 13:44:41 21  192   286  397  209  225   358  488  258  292  0.20 0.19 0.19 0.23
 6 13:45:01 21  256   287  399  211  229   351  482  264  305  0.18 0.17 0.20 0.25
 7 13:45:21 21  320   290  400  216  233   341  474  268  304  0.15 0.16 0.19 0.23
 8 13:45:42 21  384   295  403  222  239   351  474  265  305  0.16 0.15 0.16 0.22
 9 13:46:02 21  448   306  409  229  247   355  474  270  308  0.14 0.14 0.15 0.20
10 13:46:22 21  512   303  408  230  248   349  467  264  307  0.13 0.13 0.13 0.19
11 13:46:42 21  576   305  409  233  251   349  475  272  312  0.13 0.14 0.14 0.20
12 13:47:03 21    1   306  410  235  253   342  476  270  306  0.11 0.14 0.13 0.17
13 13:47:23 21  704   296  406  230  248   335  467  263  290  0.12 0.13 0.13 0.14
14 13:47:43 21  832   296  407  231  249   336  467  264  296  0.12 0.13 0.13 0.16
;            Ch1    Ch2    Ch3    Ch4      blue   green  brown
;  alpha:   0.409  0.366  0.395  0.476     0.308 -0.000  0.467
; ETRmax:   127.8  178.8  133.6  174.4      93.0    0.0  253.3
;     Ik:   312.5  488.9  338.6  366.6     301.6    0.0  542.8
;References: BL_US PMDA0174.REF2 GR_US PMDA0174.REF2 BR_US PMDA0174.REF2

;LTK 40m_04102017

11APR2017  13:51:03  Gain: 21  Zoff: 33 6 48 53
No   Time    G  PAR    F1   F2   F3   F4   Fm1  Fm2  Fm3  Fm4    Y1   Y2   Y3   Y4
 1 13:51:14 21   64   369  593  258  277   516  775  364  414  0.28 0.23 0.29 0.33

11APR2017  13:51:20  Gain: 21  Zoff: 33 6 48 53
No   Time    G  PAR    F1   F2   F3   F4   Fm1  Fm2  Fm3  Fm4    Y1   Y2   Y3   Y4
 1 13:51:20 21   64   367  592  259  278   504  777  355  406  0.27 0.24 0.27 0.32
 2 13:51:42 21   16   337  561  241  257   492  757  351  400  0.32 0.26 0.31 0.36
 3 13:52:02 21   64   351  580  249  267   504  792  350  410  0.30 0.27 0.29 0.35
 4 13:52:23 21  128   368  594  261  280   517  791  362  419  0.29 0.25 0.28 0.33
 5 13:52:43 21  192   377  601  267  287   498  782  354  407  0.24 0.23 0.25 0.29
 6 13:53:03 21  256   369  600  263  283   488  773  340  394  0.24 0.22 0.23 0.28
 7 13:53:24 21  320   373  603  267  287   484  778  348  398  0.23 0.22 0.23 0.28
 8 13:53:44 21  384   386  612  276  298   484  777  356  393  0.20 0.21 0.22 0.24
 9 13:54:04 21  448   393  616  281  304   483  777  350  401  0.19 0.21 0.20 0.24
10 13:54:24 21  512   393  617  282  305   479  773  348  406  0.18 0.20 0.19 0.25
11 13:54:45 21  576   384  614  279  301   464  751  336  384  0.17 0.18 0.17 0.22
12 13:55:05 21  640   389  614  276  304   453  752  335  378  0.14 0.18 0.18 0.20
13 13:55:25 21  704   386  618  280  303   452  744  333  375  0.15 0.17 0.16 0.19
14 13:55:46 21  832   384  619  281  303   441  747  344  375  0.13 0.17 0.18 0.19
;            Ch1    Ch2    Ch3    Ch4      blue   green  brown
;  alpha:   0.745  0.577  0.696  0.850     0.597 -0.000  0.711
; ETRmax:   244.6  364.8  593.5  651.6     304.8    0.0  357.3
;     Ik:   328.4  631.8  852.6  766.6     510.6    0.0  502.8
;References: BL_US PMDA0174.REF2 GR_US PMDA0174.REF2 BR_US PMDA0174.REF2

;LTK 50m_04102017

11APR2017  13:59:01  Gain: 21  Zoff: 33 6 48 53
No   Time    G  PAR    F1   F2   F3   F4   Fm1  Fm2  Fm3  Fm4    Y1   Y2   Y3   Y4
 1 13:59:20 21   64   367  499  237  259   524  658  334  392  0.30 0.24 0.29 0.34

11APR2017  13:59:27  Gain: 21  Zoff: 33 6 48 53
No   Time    G  PAR    F1   F2   F3   F4   Fm1  Fm2  Fm3  Fm4    Y1   Y2   Y3   Y4
 1 13:59:28 21   64   369  498  240  261   521  658  338  393  0.29 0.24 0.29 0.34
 2 13:59:49 21   16   348  481  227  246   540  662  339  397  0.36 0.27 0.33 0.38
 3 14:00:10 21   64   366  497  237  258   535  674  339  398  0.32 0.26 0.30 0.35
 4 14:00:30 21  128   377  506  245  267   524  663  340  395  0.28 0.24 0.28 0.32
 5 14:00:50 21  192   385  513  251  274   507  650  344  391  0.24 0.21 0.27 0.30
 6 14:01:11 21  256   391  517  256  281   503  646  330  378  0.22 0.20 0.22 0.26
 7 14:01:31 21  320   397  522  262  287   506  649  338  385  0.22 0.20 0.22 0.25
 8 14:01:51 21  384   401  526  266  292   496  652  327  374  0.19 0.19 0.19 0.22
 9 14:02:11 21  448   407  530  269  295   494  633  323  380  0.18 0.16 0.17 0.22
10 14:02:32 21  512   408  531  271  298   485  634  328  372  0.16 0.16 0.17 0.20
11 14:02:52 21  576   408  531  272  298   484  622  323  360  0.16 0.15 0.16 0.17
12 14:03:12 21  640   406  531  272  299   473  620  316  360  0.14 0.14 0.14 0.17
13 14:03:32 21  704   405  531  273  300   473  614  321  354  0.14 0.14 0.15 0.15
14 14:03:53 21  832   408  534  278  304   469  606  323  367  0.13 0.12 0.14 0.17
;            Ch1    Ch2    Ch3    Ch4      blue   green  brown
;  alpha:   0.807  0.632  0.784  0.907     0.740 -0.000  0.765
; ETRmax:   352.9  271.9  307.5  444.3     211.7    0.0  414.4
;     Ik:   437.5  430.3  392.3  490.1     286.2    0.0  541.6
;References: BL_US PMDA0174.REF2 GR_US PMDA0174.REF2 BR_US PMDA0174.REF2

;LTK 60m_04102017

11APR2017  14:08:36  Gain: 21  Zoff: 33 6 48 53
No   Time    G  PAR    F1   F2   F3   F4   Fm1  Fm2  Fm3  Fm4    Y1   Y2   Y3   Y4
 1 14:08:57 21   64   394  480  264  287   592  632  388  445  0.33 0.24 0.32 0.36

11APR2017  14:09:05  Gain: 21  Zoff: 33 6 48 53
No   Time    G  PAR    F1   F2   F3   F4   Fm1  Fm2  Fm3  Fm4    Y1   Y2   Y3   Y4
 1 14:09:06 21   64   397  479  267  291   590  630  390  449  0.33 0.24 0.32 0.35
 2 14:09:27 21   16   367  461  248  269   598  627  400  461  0.39 0.26 0.38 0.42
 3 14:09:48 21   64   395  480  265  289   596  624  385  449  0.34 0.23 0.31 0.36
 4 14:10:08 21  128   413  492  276  302   571  615  374  429  0.28 0.20 0.26 0.30
 5 14:10:28 21  192   425  499  284  311   563  616  377  435  0.25 0.19 0.25 0.29
 6 14:10:48 21  256   441  507  296  326   560  608  371  439  0.21 0.17 0.20 0.26
 7 14:11:09 21  320   433  514  296  320   545  600  363  419  0.21 0.14 0.18 0.24
 8 14:11:29 21  384   454  513  307  337   544  605  358  415  0.17 0.15 0.14 0.19
 9 14:11:49 21  448   454  513  308  338   533  580  356  411  0.15 0.12 0.13 0.18
10 14:12:10 21  512   452  510  306  336   514  576  368  407  0.12 0.11 0.17 0.17
11 14:12:30 21  576   452  511  307  337   511  578  355  408  0.12 0.12 0.14 0.17
12 14:12:50 21  640   453  512  310  340   521  576  355  400  0.13 0.11 0.13 0.15
13 14:13:10 21  704   457  515  314  344   520  575  358  411  0.12 0.10 0.12 0.16
14 14:13:31 21  832   462  518  320  351   510  571  362  414  0.09 0.09 0.12 0.15
;            Ch1    Ch2    Ch3    Ch4      blue   green  brown
;  alpha:   0.933  0.593  0.833  0.910     0.749 -0.000  0.823
; ETRmax:   185.4  257.0  269.9  374.6     335.2    0.0  213.0
;     Ik:   198.8  433.6  324.2  411.5     447.7    0.0  258.9
;References: BL_US PMDA0174.REF2 GR_US PMDA0174.REF2 BR_US PMDA0174.REF2

;LTK 70m_04102017

11APR2017  14:15:31  Gain: 21  Zoff: 33 6 48 53
No   Time    G  PAR    F1   F2   F3   F4   Fm1  Fm2  Fm3  Fm4    Y1   Y2   Y3   Y4
 1 14:15:42 21   64     0    0    0    0    -1    2   -2    1  ---- ---- ---- ----

11APR2017  14:15:49  Gain: 21  Zoff: 33 6 48 53
No   Time    G  PAR    F1   F2   F3   F4   Fm1  Fm2  Fm3  Fm4    Y1   Y2   Y3   Y4
 1 14:15:58 21   64     1    0    0    1   260  308  116  243  ---- ---- ---- ----
 2 14:16:20 21   16   383  436  248  267   616  600  388  452  0.38 0.27 0.36 0.41
 3 14:16:40 21   64   432  472  278  300   595  590  378  440  0.27 0.20 0.26 0.32
 4 14:17:01 21  128   445  479  287  311   569  577  365  421  0.22 0.17 0.21 0.26
 5 14:17:21 21  192   457  486  296  322   563  576  366  411  0.19 0.16 0.19 0.22
 6 14:17:41 21  256   462  488  300  325   546  574  369  408  0.15 0.15 0.19 0.20
 7 14:18:02 21  320   471  493  307  334   551  573  366  411  0.15 0.14 0.16 0.19
 8 14:18:22 21  384   476  496  312  339   544  557  367  411  0.13 0.11 0.15 0.18
 9 14:18:42 21  448   478  495  315  343   554  557  365  399  0.14 0.11 0.14 0.14
10 14:19:02 21  512   475  493  313  341   525  556  345  395  0.10 0.11 0.09 0.14
11 14:19:23 21  576   475  492  314  340   539  555  353  395  0.12 0.11 0.11 0.14
12 14:19:43 21  640   477  491  315  342   526  543  360  402  0.09 0.10 0.13 0.15
13 14:20:03 21  704   474  490  315  342   529  543  352  405  0.10 0.10 0.11 0.16
14 14:20:24 21  832   478  491  320  348   522  544  359  401  0.08 0.10 0.11 0.13
;            Ch1    Ch2    Ch3    Ch4      blue   green  brown
;  alpha:   0.875  0.575  0.799  0.906     0.784 -0.000  0.777
; ETRmax:   168.3  211.2  207.6  261.9     238.1    0.0  193.9
;     Ik:   192.5  367.4  259.7  289.0     303.8    0.0  249.4
;References: BL_US PMDA0174.REF2 GR_US PMDA0174.REF2 BR_US PMDA0174.REF2

;LTK 80m_04102017

11APR2017  14:23:26  Gain: 21  Zoff: 33 6 48 53
No   Time    G  PAR    F1   F2   F3   F4   Fm1  Fm2  Fm3  Fm4    Y1   Y2   Y3   Y4
 1 14:23:38 21   64   421  460  283  304   586  586  387  444  0.28 0.22 0.27 0.32

11APR2017  14:23:42  Gain: 21  Zoff: 33 6 48 53
No   Time    G  PAR    F1   F2   F3   F4   Fm1  Fm2  Fm3  Fm4    Y1   Y2   Y3   Y4
 1 14:23:42 21   64   423  460  285  308   584  586  397  451  0.28 0.22 0.28 0.32
 2 14:24:04 21   16   383  438  261  279   624  612  420  480  0.39 0.28 0.38 0.42
 3 14:24:24 21   64   421  459  284  306   611  594  398  452  0.31 0.23 0.29 0.32
 4 14:24:45 21  128   433  466  293  317   571  570  382  439  0.24 0.18 0.23 0.28
 5 14:25:05 21  192   447  472  302  327   552  566  385  423  0.19 0.17 0.22 0.23
 6 14:25:25 21  256   457  478  310  335   553  565  377  426  0.17 0.15 0.18 0.21
 7 14:25:46 21  320   460  480  314  341   539  556  368  420  0.15 0.14 0.15 0.19
 8 14:26:06 21  384   461  481  315  342   541  546  366  408  0.15 0.12 0.14 0.16
 9 14:26:26 21  448   464  482  318  344   533  548  370  414  0.13 0.12 0.14 0.17
10 14:26:46 21  512   466  481  320  348   528  545  364  408  0.12 0.12 0.12 0.15
11 14:27:07 21  576   466  482  321  349   526  537  367  403  0.11 0.10 0.13 0.13
12 14:27:27 21  640   467  483  324  350   522  543  363  409  0.11 0.11 0.11 0.14
13 14:27:47 21  704   472  485  327  354   533  544  368  410  0.11 0.11 0.11 0.14
14 14:28:08 21  832   476  486  331  360   524  534  368  411  0.09 0.09 0.10 0.12
;            Ch1    Ch2    Ch3    Ch4      blue   green  brown
;  alpha:   0.857  0.552  0.767  0.839     0.714 -0.000  0.751
; ETRmax:   197.8  244.6  227.5  293.0     250.3    0.0  229.3
;     Ik:   230.7  443.1  296.7  349.3     350.7    0.0  305.4
;References: BL_US PMDA0174.REF2 GR_US PMDA0174.REF2 BR_US PMDA0174.REF2

;LTK 90m_04102017

11APR2017  14:30:21  Gain: 21  Zoff: 33 6 48 53
No   Time    G  PAR    F1   F2   F3   F4   Fm1  Fm2  Fm3  Fm4    Y1   Y2   Y3   Y4
 1 14:30:32 21   64   215  298  159  165   255  322  191  205  0.16 0.07 0.17 0.20

11APR2017  14:30:37  Gain: 21  Zoff: 33 6 48 53
No   Time    G  PAR    F1   F2   F3   F4   Fm1  Fm2  Fm3  Fm4    Y1   Y2   Y3   Y4
 1 14:30:37 21   64   216  297  161  167   250  334  194  211  0.14 0.11 0.17 0.21
 2 14:30:59 21   16   214  297  158  163   254  331  191  208  0.16 0.10 0.17 0.22
 3 14:31:19 21   64   217  299  160  166   252  332  186  202  0.14 0.10 0.14 0.18
 4 14:31:39 21  128   218  299  162  168   253  332  188  205  0.14 0.10 0.14 0.18
 5 14:32:00 21  192   219  298  164  170   254  330  201  219  0.14 0.10 0.18 0.22
 6 14:32:20 21  256   221  298  168  174   248  321  189  218  0.11 0.07 0.11 0.20
 7 14:32:40 21  320   222  297  169  175   247  323  188  216  0.10 0.08 0.10 0.19
 8 14:33:00 21  384   222  296  169  177   242  321  198  216  0.08 0.08 0.15 0.18
 9 14:33:21 21  448   223  295  171  179   240  327  196  211  0.07 0.10 0.13 0.15
10 14:33:41 21  512   225  295  173  180   257  319  193  218  0.12 0.08 0.10 0.17
11 14:34:01 21  576   226  294  175  183   257  321  198  219  0.12 0.08 0.12 0.16
12 14:34:21 21  640   227  293  177  185   260  321  196  233  0.13 0.09 0.10 0.21
13 14:34:42 21  704   228  293  179  186   250  320  203  227  0.09 0.08 0.12 0.18
14 14:35:02 21  832   230  292  182  190   253  311  202  224  0.09 0.06 0.10 0.15
;            Ch1    Ch2    Ch3    Ch4      blue   green  brown
;  alpha:   0.312  0.225  0.334  0.468     0.491 -0.000  0.278
; ETRmax:   484.2  164.9  211.8 1211.8     667.5    0.0  526.5
;     Ik:  1554.2  731.5  633.4 2591.3    1360.5    0.0 1896.9
;References: BL_US PMDA0174.REF2 GR_US PMDA0174.REF2 BR_US PMDA0174.REF2

;LTK 100m_04102017

11APR2017  14:39:49  Gain: 21  Zoff: 33 6 48 53
No   Time    G  PAR    F1   F2   F3   F4   Fm1  Fm2  Fm3  Fm4    Y1   Y2   Y3   Y4
 1 14:40:08 21   64   220  295  159  167   258  330  197  217  0.15 0.11 0.19 0.23

11APR2017  14:40:20  Gain: 21  Zoff: 33 6 48 53
No   Time    G  PAR    F1   F2   F3   F4   Fm1  Fm2  Fm3  Fm4    Y1   Y2   Y3   Y4
 1 14:40:20 21   64   223  295  162  170   267  338  198  218  0.16 0.13 0.18 0.22
 2 14:40:42 21   16   218  294  160  166   274  333  197  225  0.20 0.12 0.19 0.26
 3 14:41:02 21   64   223  296  162  168   263  343  197  213  0.15 0.14 0.18 0.21
 4 14:41:22 21  128   225  297  164  171   260  335  189  214  0.13 0.11 0.13 0.20
 5 14:41:42 21  192   225  296  165  173   260  325  196  216  0.13 0.09 0.16 0.20
 6 14:42:03 21  256   227  295  167  175   254  319  188  215  0.11 0.08 0.11 0.19
 7 14:42:23 21  320   228  296  170  177   259  328  195  211  0.12 0.10 0.13 0.16
 8 14:42:43 21  384   230  295  171  178   260  326  198  212  0.12 0.10 0.14 0.16
 9 14:43:04 21  448   230  293  173  180   257  329  199  210  0.11 0.11 0.13 0.14
10 14:43:24 21  512   231  293  175  183   263  323  198  220  0.12 0.09 0.12 0.17
11 14:43:44 21  576   233  292  177  185   254  326  196  221  0.08 0.10 0.10 0.16
12 14:44:04 21  640   233  292  178  187   253  318  202  222  0.08 0.08 0.12 0.16
13 14:44:25 21  704   234  289  179  188   258  319  200  224  0.09 0.09 0.11 0.16
14 14:44:45 21  832   235  289  183  192   251  311  208  226  0.06 0.07 0.12 0.15
;            Ch1    Ch2    Ch3    Ch4      blue   green  brown
;  alpha:   0.343  0.201  0.369  0.478     0.425 -0.000  0.335
; ETRmax:   141.2  109.4  504.1  792.8    1037.6    0.0  213.0
;     Ik:   411.7  544.3 1365.0 1660.2    2443.0    0.0  635.2
;References: BL_US PMDA0174.REF2 GR_US PMDA0174.REF2 BR_US PMDA0174.REF2
