;LTM 0m_04282016

28APR2016  19:40:05  Gain: 20  Zoff: 120 146 120 110
No   Time    G  PAR    F1   F2   F3   F4   Fm1  Fm2  Fm3  Fm4    Y1   Y2   Y3   Y4
 1 19:53:11 20   64   129  157   90   99   236  284  167  200  0.45 0.45 0.46 0.51

28APR2016  19:53:20  Gain: 20  Zoff: 120 146 120 110
No   Time    G  PAR    F1   F2   F3   F4   Fm1  Fm2  Fm3  Fm4    Y1   Y2   Y3   Y4
 1 19:53:20 20   64   134  160   95  104   251  291  174  210  0.47 0.45 0.45 0.50
 2 19:53:42 20   16   125  148   90   97   251  265  176  217  0.50 0.44 0.49 0.55
 3 19:54:02 20   64   135  161   98  106   248  294  182  224  0.46 0.45 0.46 0.53
 4 19:54:23 20  128   132  162   97  106   231  290  174  204  0.43 0.44 0.44 0.48
 5 19:54:43 20  192   130  162   96  105   215  279  169  194  0.40 0.42 0.43 0.46
 6 19:55:03 20  256   131  163   98  107   215  279  166  193  0.39 0.42 0.41 0.45
 7 19:55:23 20  320   133  164  103  112   207  275  171  200  0.36 0.40 0.40 0.44
 8 19:55:44 20  384   134  165  108  117   206  269  169  195  0.35 0.39 0.36 0.40
 9 19:56:04 20  448   134  165  111  120   201  264  164  191  0.33 0.38 0.32 0.37
10 19:56:24 20  512   134  164  110  119   193  255  163  187  0.31 0.36 0.33 0.36
11 19:56:45 20  576   132  163  107  117   185  247  150  179  0.29 0.34 0.29 0.35
12 19:57:05 20  640   129  162  104  114   179  247  147  177  0.28 0.34 0.29 0.36
13 19:57:25 20  704   127  161  102  111   176  245  147  168  0.28 0.34 0.31 0.34
14 19:57:45 20  832   128  163  103  112   170  240  142  164  0.25 0.32 0.27 0.32
;            Ch1    Ch2    Ch3    Ch4      blue   green  brown
;  alpha:   1.103  1.064  1.139  1.493     1.135 -0.000  1.124
; ETRmax:   764.2 1796.2 1008.3  767.5     895.3    0.0 1467.2
;     Ik:   692.6 1688.0  885.3  514.1     788.6    0.0 1305.9
;References: BL_US PMDA0174.REF2 GR_US PMDA0174.REF2 BR_US PMDA0174.REF2

;LTM 20m_04282016

28APR2016  20:01:55  Gain: 20  Zoff: 120 146 120 110
No   Time    G  PAR    F1   F2   F3   F4   Fm1  Fm2  Fm3  Fm4    Y1   Y2   Y3   Y4
 1 20:02:17 20   64   127  157   92  101   240  272  182  210  0.47 0.42 0.49 0.52

28APR2016  20:02:24  Gain: 20  Zoff: 120 146 120 110
No   Time    G  PAR    F1   F2   F3   F4   Fm1  Fm2  Fm3  Fm4    Y1   Y2   Y3   Y4
 1 20:02:24 20   64   128  157   94  103   238  269  175  208  0.46 0.42 0.46 0.50
 2 20:02:46 20   16   119  143   87   95   247  247  179  209  0.52 0.42 0.51 0.55
 3 20:03:06 20   64   119  150   90   98   232  261  178  213  0.49 0.43 0.49 0.54
 4 20:03:26 20  128   117  152   90   98   208  262  164  191  0.44 0.42 0.45 0.49
 5 20:03:47 20  192   116  154   90   98   195  254  150  184  0.41 0.39 0.40 0.47
 6 20:04:07 20  256   116  157   92  100   192  246  152  184  0.40 0.36 0.39 0.46
 7 20:04:27 20  320   119  159   95  104   188  246  148  176  0.37 0.35 0.36 0.41
 8 20:04:48 20  384   122  163   98  107   189  244  144  176  0.35 0.33 0.32 0.39
 9 20:05:08 20  448   123  164  100  109   181  245  147  174  0.32 0.33 0.32 0.37
10 20:05:28 20  512   124  166  101  111   171  234  148  169  0.27 0.29 0.32 0.34
11 20:05:48 20  576   122  166  101  111   168  238  146  170  0.27 0.30 0.31 0.35
12 20:06:09 20  640   122  167  102  111   164  234  142  165  0.26 0.29 0.28 0.33
13 20:06:29 20  704   121  168  103  111   164  233  142  170  0.26 0.28 0.27 0.35
14 20:06:49 20  832   122  169  105  113   160  230  142  164  0.24 0.27 0.26 0.31
;            Ch1    Ch2    Ch3    Ch4      blue   green  brown
;  alpha:   1.183  1.043  1.175  1.269     1.155 -0.000  1.132
; ETRmax:   505.9 1074.0  879.6 1178.4     920.9    0.0  552.4
;     Ik:   427.5 1030.0  748.4  928.3     797.1    0.0  488.2
;References: BL_US PMDA0174.REF2 GR_US PMDA0174.REF2 BR_US PMDA0174.REF2

;LTM 40m_04282016

28APR2016  20:10:08  Gain: 20  Zoff: 120 146 120 110
No   Time    G  PAR    F1   F2   F3   F4   Fm1  Fm2  Fm3  Fm4    Y1   Y2   Y3   Y4
 1 20:10:28 20   64    99  161   73   81   186  269  138  175  0.47 0.40 0.47 0.54

28APR2016  20:10:36  Gain: 20  Zoff: 120 146 120 110
No   Time    G  PAR    F1   F2   F3   F4   Fm1  Fm2  Fm3  Fm4    Y1   Y2   Y3   Y4
 1 20:10:36 20   64   100  160   75   83   188  268  139  168  0.47 0.40 0.46 0.51
 2 20:10:58 20   16    81  144   63   69   179  255  140  168  0.55 0.44 0.55 0.59
 3 20:11:18 20   64    90  153   70   77   184  268  139  169  0.51 0.43 0.50 0.54
 4 20:11:38 20  128    96  158   75   82   178  261  134  168  0.46 0.39 0.44 0.51
 5 20:11:59 20  192    95  158   74   82   164  260  132  160  0.42 0.39 0.44 0.49
 6 20:12:19 20  256    98  160   77   85   167  252  127  155  0.41 0.37 0.39 0.45
 7 20:12:39 20  320   101  162   81   89   166  249  134  157  0.39 0.35 0.40 0.43
 8 20:13:00 20  384   102  163   82   91   157  254  133  156  0.35 0.36 0.38 0.42
 9 20:13:20 20  448   102  163   83   92   160  244  124  156  0.36 0.33 0.33 0.41
10 20:13:40 20  512   101  163   83   92   152  243  128  148  0.34 0.33 0.35 0.38
11 20:14:00 20  576   103  166   84   94   147  244  132  151  0.30 0.32 0.36 0.38
12 20:14:21 20  640   105  168   86   96   156  237  132  152  0.33 0.29 0.35 0.37
13 20:14:41 20  704   107  170   89   99   150  243  127  151  0.29 0.30 0.30 0.34
14 20:15:01 20  832   109  173   93  103   146  240  126  154  0.25 0.28 0.26 0.33
;            Ch1    Ch2    Ch3    Ch4      blue   green  brown
;  alpha:   1.214  0.988  1.147  1.281     1.130 -0.000  1.138
; ETRmax:   821.4 1415.7  943.3 1407.1    1209.5    0.0  946.2
;     Ik:   676.4 1432.6  822.5 1098.5    1069.9    0.0  831.2
;References: BL_US PMDA0174.REF2 GR_US PMDA0174.REF2 BR_US PMDA0174.REF2

;LTM 60m_04282016

28APR2016  20:21:16  Gain: 20  Zoff: 120 146 120 110
No   Time    G  PAR    F1   F2   F3   F4   Fm1  Fm2  Fm3  Fm4    Y1   Y2   Y3   Y4
 1 20:21:27 20   64    66   61   48   55   128  113   94  119  0.48 0.46 0.49 0.54

28APR2016  20:21:36  Gain: 20  Zoff: 120 146 120 110
No   Time    G  PAR    F1   F2   F3   F4   Fm1  Fm2  Fm3  Fm4    Y1   Y2   Y3   Y4
 1 20:21:37 20   64    67   59   50   56   123  116   95  114  0.46 0.49 0.47 0.51
 2 20:21:59 20   16    53   52   41   45   130  115   98  122  0.59 0.55 0.58 0.63
 3 20:22:19 20   64    61   56   46   52   120  110   90  107  0.49 0.49 0.49 0.51
 4 20:22:39 20  128    62   57   48   54   108  106   92  106  0.43 0.46 0.48 0.49
 5 20:22:59 20  192    62   57   49   55   111  103   78  103  0.44 0.45 0.37 0.47
 6 20:23:20 20  256    64   57   51   57   112  102   85  106  0.43 0.44 0.40 0.46
 7 20:23:40 20  320    65   58   53   59   102   95   86  101  0.36 0.39 0.38 0.42
 8 20:24:00 20  384    66   58   56   62   103  100   86  104  0.36 0.42 0.35 0.40
 9 20:24:20 20  448    68   59   58   64   100  102   89  110  0.32 0.42 0.35 0.42
10 20:24:41 20  512    69   59   61   67   104   93   93  112  0.34 0.37 0.34 0.40
11 20:25:01 20  576    70   59   63   69   101   99   94  109  0.31 0.40 0.33 0.37
12 20:25:21 20  640    71   59   65   71    96   93   96  112  0.26 0.37 0.32 0.37
13 20:25:42 20  704    71   59   66   72   100   90   95  110  0.29 0.34 0.31 0.35
14 20:26:02 20  832    73   59   69   75    97   92   93  112  0.25 0.36 0.26 0.33
;            Ch1    Ch2    Ch3    Ch4      blue   green  brown
;  alpha:   1.306  1.108  1.139  1.538     0.970 -0.000  1.071
; ETRmax:   712.4 1131.7  782.4  724.4    2653.2    0.0 5088.4
;     Ik:   545.7 1021.5  687.1  471.1    2734.8    0.0 4753.2
;References: BL_US PMDA0174.REF2 GR_US PMDA0174.REF2 BR_US PMDA0174.REF2

;LTM 80m_04282016

28APR2016  20:38:37  Gain: 20  Zoff: 120 146 120 110
No   Time    G  PAR    F1   F2   F3   F4   Fm1  Fm2  Fm3  Fm4    Y1   Y2   Y3   Y4
 1 20:38:54 20   64    46   42   39   42    91   86   80   94  0.49 0.51 0.51 0.55

28APR2016  20:39:05  Gain: 20  Zoff: 120 146 120 110
No   Time    G  PAR    F1   F2   F3   F4   Fm1  Fm2  Fm3  Fm4    Y1   Y2   Y3   Y4
 1 20:39:06 20   64    46   41   40   43    95   82   86   96  0.52 0.50 0.53 0.55
 2 20:39:28 20   16    38   36   35   37    93   86   83  105  0.59 0.58 0.58 0.65
 3 20:39:48 20   64    44   41   39   42    93   87   77   93  0.53 0.53 0.49 0.55
 4 20:40:08 20  128    47   42   41   45    88   86   76   96  0.47 0.51 0.46 0.53
 5 20:40:29 20  192    48   42   43   47    89   84   76   93  0.46 0.50 0.43 0.49
 6 20:40:49 20  256    49   42   44   48    84   77   71   94  0.42 0.45 0.38 0.49
 7 20:41:09 20  320    49   41   45   49    84   79   78   96  0.42 0.48 0.42 0.49
 8 20:41:29 20  384    50   40   47   50    80   78   76   93  0.38 0.49 0.38 0.46
 9 20:41:50 20  448    50   40   47   51    77   70   71   92  0.35 0.43 0.34 0.45
10 20:42:10 20  512    51   39   48   52    79   75   78   89  0.35 0.48 0.38 0.42
11 20:42:30 20  576    51   39   49   53    80   70   78   91  0.36 0.44 0.37 0.42
12 20:42:51 20  640    51   38   50   54    78   69   77   91  0.35 0.45 0.35 0.41
13 20:43:11 20  704    52   37   51   55    80   64   74  101  0.35 0.42 0.31 0.46
14 20:43:31 20  832    53   37   53   58    80   70   79   95  0.34 0.47 0.33 0.39
;            Ch1    Ch2    Ch3    Ch4      blue   green  brown
;  alpha:   1.182  1.164  1.390  1.255     1.058 -0.000  1.103
; ETRmax:  1187.6 4880.0  731.4 2413.3    4493.2    0.0 1139980.
;     Ik:  1004.5 4192.6  526.0 1923.0    4245.5    0.0 1033061.
;References: BL_US PMDA0174.REF2 GR_US PMDA0174.REF2 BR_US PMDA0174.REF2

;LTM 100m_04282016

28APR2016  20:47:20  Gain: 20  Zoff: 120 146 120 110
No   Time    G  PAR    F1   F2   F3   F4   Fm1  Fm2  Fm3  Fm4    Y1   Y2   Y3   Y4
 1 20:47:32 20   64    15   17   14   15    42   46   45   49  ---- ---- ---- ----

28APR2016  20:47:42  Gain: 20  Zoff: 120 146 120 110
No   Time    G  PAR    F1   F2   F3   F4   Fm1  Fm2  Fm3  Fm4    Y1   Y2   Y3   Y4
 1 20:47:43 20   64    16   16   16   17    48   51   41   54  ---- ---- ---- ----
 2 20:48:05 20   16    14   15   14   15    45   49   47   54  ---- ---- ---- ----
 3 20:48:25 20   64    16   17   15   16    47   49   40   55  ---- ---- ---- ----
 4 20:48:45 20  128    17   17   17   18    48   47   46   56  ---- ---- ---- ----
 5 20:49:05 20  192    18   17   18   19    48   51   48   59  ---- ---- ---- ----
 6 20:49:26 20  256    19   16   20   21    46   46   45   63  ---- ---- ---- 0.67
 7 20:49:46 20  320    20   16   21   23    49   46   52   58  ---- ---- 0.60 0.60
 8 20:50:06 20  384    21   15   22   24    45   44   46   62  0.53 ---- 0.52 0.61
 9 20:50:27 20  448    22   14   24   25    45   42   51   60  0.51 ---- 0.53 0.58
10 20:50:47 20  512    22   14   25   26    47   45   47   64  0.53 ---- 0.47 0.59
11 20:51:07 20  576    22   13   26   28    48   44   50   63  0.54 ---- 0.48 0.56
12 20:51:27 20  640    23   12   27   29    49   44   54   58  0.53 ---- 0.50 0.50
13 20:51:48 20  704    23   12   28   30    49   41   53   65  0.53 ---- 0.47 0.54
14 20:52:08 20  832    24   11   30   33    48   36   54   64  0.50 ---- 0.44 0.48
;            Ch1    Ch2    Ch3    Ch4      blue   green  brown
;  alpha:   3.391 -0.000  1.545  1.709     1.393  1.468  1.476
; ETRmax:   948.2    0.0 2198.1 1585.5     519.3 4446.1 1474094.
;     Ik:   279.6    0.0 1422.6  928.0     372.7 3028.9 998688.5
;References: BL_US PMDA0174.REF2 GR_US PMDA0174.REF2 BR_US PMDA0174.REF2

;LTM 110m_04282016

28APR2016  20:56:34  Gain: 20  Zoff: 120 146 120 110
No   Time    G  PAR    F1   F2   F3   F4   Fm1  Fm2  Fm3  Fm4    Y1   Y2   Y3   Y4
 1 20:56:50 20   64   203  207   69   71   236  238   94  108  0.14 0.13 0.27 0.34

28APR2016  20:56:59  Gain: 20  Zoff: 120 146 120 110
No   Time    G  PAR    F1   F2   F3   F4   Fm1  Fm2  Fm3  Fm4    Y1   Y2   Y3   Y4
 1 20:56:59 20   64   203  206   70   73   230  230   98  105  0.12 0.10 0.29 0.30
 2 20:57:21 20   16   201  205   68   71   231  232   94  112  0.13 0.12 0.28 0.37
 3 20:57:41 20   64   200  204   68   71   228  236   94  111  0.12 0.14 0.28 0.36
 4 20:58:02 20  128   200  202   69   72   225  230   99  114  0.11 0.12 0.30 0.37
 5 20:58:22 20  192   198  200   70   73   224  228   90  113  0.12 0.12 0.22 0.35
 6 20:58:42 20  256   197  197   70   73   221  226   93  110  0.11 0.13 0.25 0.34
 7 20:59:03 20  320   196  194   71   74   220  221   97  110  0.11 0.12 0.27 0.33
 8 20:59:23 20  384   194  192   72   74   218  220   95  106  0.11 0.13 0.24 0.30
 9 20:59:43 20  448   192  188   72   75   215  212   96  107  0.11 0.11 0.25 0.30
10 21:00:03 20  512   191  185   73   76   215  210   96  107  0.11 0.12 0.24 0.29
11 21:00:24 20  576   189  183   73   77   212  211   95  112  0.11 0.13 0.23 0.31
12 21:00:44 20  640   188  180   74   77   209  205   95  109  0.10 0.12 0.22 0.29
13 21:01:04 20  704   187  178   75   78   210  195  100  114  0.11 0.09 0.25 0.32
14 21:01:24 20  832   186  174   76   80   207  198   94  106  0.10 0.12 0.19 0.25
;            Ch1    Ch2    Ch3    Ch4      blue   green  brown
;  alpha:   0.266  0.290  0.585  0.844     0.289 -0.000  0.342
; ETRmax:  1357.2  893.5 1251.0 1196.7     103.2    0.0  135.3
;     Ik:  5103.0 3082.4 2137.1 1418.5     357.5    0.0  395.7
;References: BL_US PMDA0174.REF2 GR_US PMDA0174.REF2 BR_US PMDA0174.REF2

;LTM 120m_04282016

28APR2016  21:04:39  Gain: 20  Zoff: 120 146 120 110
No   Time    G  PAR    F1   F2   F3   F4   Fm1  Fm2  Fm3  Fm4    Y1   Y2   Y3   Y4
 1 21:04:59 20   64   233  236   73   74   261  261  102  111  0.11 0.10 0.28 0.33

28APR2016  21:05:06  Gain: 20  Zoff: 120 146 120 110
No   Time    G  PAR    F1   F2   F3   F4   Fm1  Fm2  Fm3  Fm4    Y1   Y2   Y3   Y4
 1 21:05:06 20   64   233  235   75   76   262  259  102  106  0.11 0.09 0.26 0.28
 2 21:05:28 20   16   230  234   74   74   256  262   96  112  0.10 0.11 0.23 0.34
 3 21:05:48 20   64   229  232   73   74   252  256  102  104  0.09 0.09 0.28 0.29
 4 21:06:09 20  128   228  229   74   74   256  255   96  110  0.11 0.10 0.23 0.33
 5 21:06:29 20  192   226  227   74   75   247  254   94  112  0.09 0.11 0.21 0.33
 6 21:06:49 20  256   225  223   75   76   250  248  105  112  0.10 0.10 0.29 0.32
 7 21:07:10 20  320   223  220   76   77   248  241  102  108  0.10 0.09 0.25 0.29
 8 21:07:30 20  384   221  217   76   78   242  245  102  109  0.09 0.11 0.25 0.28
 9 21:07:50 20  448   219  213   77   79   240  241  102  110  0.09 0.12 0.25 0.28
10 21:08:10 20  512   217  210   77   79   240  231   99  112  0.10 0.09 0.22 0.29
11 21:08:31 20  576   215  206   78   80   237  224  102  113  0.09 0.08 0.24 0.29
12 21:08:51 20  640   213  203   78   80   232  227  104  112  0.08 0.11 0.25 0.29
13 21:09:11 20  704   211  200   79   81   226  225  102  113  0.07 0.11 0.23 0.28
14 21:09:32 20  832   209  196   80   83   229  213  102  109  0.09 0.08 0.22 0.24
;            Ch1    Ch2    Ch3    Ch4      blue   green  brown
;  alpha:   0.248  0.217  0.490  0.768     3.292 -0.000  0.266
; ETRmax:   492.2  140.2  269.9  892.4    1070.8    0.0  112.9
;     Ik:  1984.6  644.5  550.5 1161.7     325.2    0.0  424.9
;References: BL_US PMDA0174.REF2 GR_US PMDA0174.REF2 BR_US PMDA0174.REF2

;LTM 130_04282016

28APR2016  21:13:43  Gain: 20  Zoff: 120 146 120 110
No   Time    G  PAR    F1   F2   F3   F4   Fm1  Fm2  Fm3  Fm4    Y1   Y2   Y3   Y4
 1 21:13:58 20   64   116  115   39   39   142  146   67   76  0.18 0.21 0.42 0.49

28APR2016  21:14:10  Gain: 20  Zoff: 120 146 120 110
No   Time    G  PAR    F1   F2   F3   F4   Fm1  Fm2  Fm3  Fm4    Y1   Y2   Y3   Y4
 1 21:14:10 20   64   114  113   39   39   139  142   61   75  0.18 0.20 0.36 0.48
 2 21:14:32 20   16   113  114   38   37   148  141   65   72  0.24 0.19 0.42 0.49
 3 21:14:53 20   64   114  113   38   38   136  142   69   75  0.16 0.20 0.45 0.49
 4 21:15:13 20  128   113  111   39   38   141  135   61   70  0.20 0.18 0.36 0.46
 5 21:15:33 20  192   111  108   39   39   134  134   59   79  0.17 0.19 0.34 0.51
 6 21:15:53 20  256   109  106   40   40   136  134   64   76  0.20 0.21 0.38 0.47
 7 21:16:14 20  320   108  103   40   40   132  132   62   74  0.18 0.22 0.35 0.46
 8 21:16:34 20  384   107  101   41   41   132  128   65   75  0.19 0.21 0.37 0.45
 9 21:16:54 20  448   106   98   42   42   129  125   65   73  0.18 0.22 0.35 0.42
10 21:17:14 20  512   106   96   43   43   132  121   70   74  0.20 0.21 0.39 0.42
11 21:17:35 20  576   106   95   44   44   128  118   66   79  0.17 0.19 0.33 0.44
12 21:17:55 20  640   105   93   45   46   134  117   64   81  0.22 0.21 0.30 0.43
13 21:18:15 20  704   105   91   47   47   129  114   72   80  0.19 0.20 0.35 0.41
14 21:18:36 20  832   106   89   49   51   128  116   72   86  0.17 0.23 0.32 0.41
;            Ch1    Ch2    Ch3    Ch4      blue   green  brown
;  alpha:   0.411  0.428  0.773  1.125     2.567 -0.000  0.577
; ETRmax:   431.1  389.5  523.5 3752.3    1837.8    0.0  410.3
;     Ik:  1049.3  910.8  677.4 3335.5     715.9    0.0  711.4
;References: BL_US PMDA0174.REF2 GR_US PMDA0174.REF2 BR_US PMDA0174.REF2

;LTM 140m_04282016

28APR2016  21:22:17  Gain: 20  Zoff: 120 146 120 110
No   Time    G  PAR    F1   F2   F3   F4   Fm1  Fm2  Fm3  Fm4    Y1   Y2   Y3   Y4
 1 21:22:29 20   64   145  147   46   46   176  176   75   88  0.18 0.16 0.39 0.48

28APR2016  21:22:38  Gain: 20  Zoff: 120 146 120 110
No   Time    G  PAR    F1   F2   F3   F4   Fm1  Fm2  Fm3  Fm4    Y1   Y2   Y3   Y4
 1 21:22:38 20   64   144  144   47   47   172  166   73   80  0.16 0.13 0.36 0.41
 2 21:23:00 20   16   140  142   46   45   169  166   78   86  0.17 0.14 0.41 0.48
 3 21:23:20 20   64   138  139   45   45   168  165   73   78  0.18 0.16 0.38 0.42
 4 21:23:41 20  128   135  135   44   45   160  161   66   78  0.16 0.16 0.33 0.42
 5 21:24:01 20  192   133  131   45   45   158  161   70   83  0.16 0.19 0.36 0.46
 6 21:24:21 20  256   130  127   46   45   153  147   71   76  0.15 0.14 0.35 0.41
 7 21:24:41 20  320   127  123   46   46   152  151   70   82  0.16 0.19 0.34 0.44
 8 21:25:02 20  384   125  119   46   46   149  136   74   80  0.16 0.13 0.38 0.42
 9 21:25:22 20  448   123  116   47   47   144  138   70   80  0.15 0.16 0.33 0.41
10 21:25:42 20  512   121  112   47   48   150  137   70   80  0.19 0.18 0.33 0.40
11 21:26:03 20  576   119  109   48   48   145  137   70   80  0.18 0.20 0.31 0.40
12 21:26:23 20  640   117  106   48   49   144  132   70   83  0.19 0.20 0.31 0.41
13 21:26:43 20  704   115  102   48   50   139  128   71   85  0.17 0.20 0.32 0.41
14 21:27:03 20  832   114   99   50   52   139  118   71   84  0.18 0.16 0.30 0.38
;            Ch1    Ch2    Ch3    Ch4      blue   green  brown
;  alpha:   0.336  0.295  0.826  0.972     1.799 -0.000  0.475
; ETRmax:  5041.0  188.1  804.4 1199.0    1146.9    0.0  327.2
;     Ik:  15002.1  637.4  973.8 1234.1     637.4    0.0  689.0
;References: BL_US PMDA0174.REF2 GR_US PMDA0174.REF2 BR_US PMDA0174.REF2

;LTM 150m_04282016

28APR2016  21:30:43  Gain: 20  Zoff: 120 146 120 110
No   Time    G  PAR    F1   F2   F3   F4   Fm1  Fm2  Fm3  Fm4    Y1   Y2   Y3   Y4
 1 21:31:01 20   64   117  118   37   38   140  146   62   76  0.16 0.19 0.40 0.50

28APR2016  21:31:11  Gain: 20  Zoff: 120 146 120 110
No   Time    G  PAR    F1   F2   F3   F4   Fm1  Fm2  Fm3  Fm4    Y1   Y2   Y3   Y4
 1 21:31:12 20   64   117  116   39   39   144  142   62   72  0.19 0.18 0.37 0.46
 2 21:31:34 20   16   115  117   38   37   147  146   63   72  0.22 0.20 0.40 0.49
 3 21:31:54 20   64   115  115   37   37   144  144   62   73  0.20 0.20 0.40 0.49
 4 21:32:14 20  128   114  113   38   38   136  135   64   72  0.16 0.16 0.41 0.47
 5 21:32:35 20  192   113  111   39   39   144  139   65   80  0.22 0.20 0.40 0.51
 6 21:32:55 20  256   112  109   40   40   136  135   62   76  0.18 0.19 0.35 0.47
 7 21:33:15 20  320   111  107   41   41   136  134   68   77  0.18 0.20 0.40 0.47
 8 21:33:36 20  384   110  104   42   42   136  132   69   72  0.19 0.21 0.39 0.42
 9 21:33:56 20  448   109  102   42   43   131  128   68   75  0.17 0.20 0.38 0.43
10 21:34:16 20  512   109  100   43   44   128  124   72   76  0.15 0.19 0.40 0.42
11 21:34:36 20  576   108   98   44   45   130  124   68   82  0.17 0.21 0.35 0.45
12 21:34:57 20  640   107   95   45   46   136  119   70   82  0.21 0.20 0.36 0.44
13 21:35:17 20  704   106   93   46   47   132  119   62   84  0.20 0.22 0.26 0.44
14 21:35:37 20  832   106   91   48   49   131  116   70   80  0.19 0.22 0.31 0.39
;            Ch1    Ch2    Ch3    Ch4      blue   green  brown
;  alpha:   0.414  0.403  0.766  1.175     2.029 -0.000  0.593
; ETRmax:  451488.5  721.2  340.1 2991.6     798.1    0.0 1151.4
;     Ik:  1090776. 1790.3  444.1 2546.6     393.4    0.0 1942.2
;References: BL_US PMDA0174.REF2 GR_US PMDA0174.REF2 BR_US PMDA0174.REF2

;LTM 160m_04282016

28APR2016  21:39:15  Gain: 20  Zoff: 120 146 120 110
No   Time    G  PAR    F1   F2   F3   F4   Fm1  Fm2  Fm3  Fm4    Y1   Y2   Y3   Y4
 1 21:39:27 20   64    96   95   30   29   125  124   50   69  0.23 0.23 0.40 0.58

28APR2016  21:39:33  Gain: 20  Zoff: 120 146 120 110
No   Time    G  PAR    F1   F2   F3   F4   Fm1  Fm2  Fm3  Fm4    Y1   Y2   Y3   Y4
 1 21:39:34 20   64    97   94   32   31   124  122   57   70  0.22 0.23 0.44 0.56
 2 21:39:55 20   16    93   93   30   29   125  119   57   75  0.26 0.22 0.47 0.61
 3 21:40:16 20   64    92   90   29   28   123  121   54   72  0.25 0.26 0.46 0.61
 4 21:40:36 20  128    88   86   27   26   116  114   54   63  0.24 0.25 0.50 0.59
 5 21:40:56 20  192    87   83   28   27   120  106   54   58  0.28 0.22 0.48 0.53
 6 21:41:16 20  256    86   81   29   28   114  110   53   64  0.25 0.26 0.45 0.56
 7 21:41:37 20  320    84   78   29   29   111  104   53   68  0.24 0.25 0.45 0.57
 8 21:41:57 20  384    82   75   30   29   106   97   48   64  0.23 0.23 0.38 0.55
 9 21:42:17 20  448    81   72   30   30   104   97   58   64  0.22 0.26 0.48 0.53
10 21:42:38 20  512    80   69   31   31   110   94   54   63  0.27 0.27 0.43 0.51
11 21:42:58 20  576    79   66   32   31   102   93   59   65  0.23 0.29 0.46 0.52
12 21:43:18 20  640    78   65   33   32    99   90   59   64  0.21 0.28 0.44 0.50
13 21:43:38 20  704    77   63   33   33   102   85   57   64  0.25 0.26 0.42 0.48
14 21:43:59 20  832    77   60   36   36   103   86   57   64  0.25 0.30 0.37 0.44
;            Ch1    Ch2    Ch3    Ch4      blue   green  brown
;  alpha:   0.567  0.501  1.016  1.346     2.281 -0.000  0.741
; ETRmax:  4588.1 1036.6  809.3 1096.4    1259.7    0.0 2186.2
;     Ik:  8097.0 2069.6  796.5  814.3     552.3    0.0 2951.5
;References: BL_US PMDA0174.REF2 GR_US PMDA0174.REF2 BR_US PMDA0174.REF2

;LTM 170m_04282016

28APR2016  21:47:24  Gain: 20  Zoff: 120 146 120 110
No   Time    G  PAR    F1   F2   F3   F4   Fm1  Fm2  Fm3  Fm4    Y1   Y2   Y3   Y4
 1 21:47:41 20   64    74   77   24   23   103  107   47   66  0.28 0.28 0.49 0.65

28APR2016  21:47:52  Gain: 20  Zoff: 120 146 120 110
No   Time    G  PAR    F1   F2   F3   F4   Fm1  Fm2  Fm3  Fm4    Y1   Y2   Y3   Y4
 1 21:47:52 20   64    74   75   25   25    96   97   54   66  0.23 0.23 0.54 0.62
 2 21:48:14 20   16    72   75   24   23    96  109   47   61  0.25 0.31 0.49 0.62
 3 21:48:34 20   64    72   74   23   23    96  104   49   58  0.25 0.29 0.53 0.60
 4 21:48:55 20  128    71   73   24   24    95  102   46   64  0.25 0.28 0.48 0.63
 5 21:49:15 20  192    71   71   25   25    95  102   54   63  0.25 0.30 0.54 0.60
 6 21:49:35 20  256    70   69   26   26    93   94   51   57  0.25 0.27 0.49 0.54
 7 21:49:56 20  320    70   67   27   27    96   94   54   60  0.27 0.29 0.50 0.55
 8 21:50:16 20  384    70   66   29   29    96   93   54   66  0.27 0.29 0.46 0.56
 9 21:50:36 20  448    70   64   29   30    88   91   54   66  0.20 0.30 0.46 0.55
10 21:50:56 20  512    69   62   31   31    92   93   51   68  0.25 0.33 0.39 0.54
11 21:51:17 20  576    69   61   31   32    96   85   56   70  0.28 0.28 0.45 0.54
12 21:51:37 20  640    69   59   33   33    89   85   62   68  0.22 0.31 0.47 0.51
13 21:51:57 20  704    69   58   34   34    93   78   54   64  0.26 0.26 0.37 0.47
14 21:52:18 20  832    69   56   36   37    92   81   57   69  0.25 0.31 0.37 0.46
;            Ch1    Ch2    Ch3    Ch4      blue   green  brown
;  alpha:   0.575  0.632  1.236  1.302     2.052 -0.000  0.825
; ETRmax:  9547.6  827.5 1227.9  969.3    1054.4    0.0 1485.4
;     Ik:  16611.8 1308.5  993.6  744.3     513.8    0.0 1799.9
;References: BL_US PMDA0174.REF2 GR_US PMDA0174.REF2 BR_US PMDA0174.REF2

;LTM 180m_04282016

28APR2016  21:56:08  Gain: 20  Zoff: 120 146 120 110
No   Time    G  PAR    F1   F2   F3   F4   Fm1  Fm2  Fm3  Fm4    Y1   Y2   Y3   Y4
 1 21:56:22 20   64    54   53   16   15    81   81   42   46  0.33 0.35 ---- ----

28APR2016  21:56:32  Gain: 20  Zoff: 120 146 120 110
No   Time    G  PAR    F1   F2   F3   F4   Fm1  Fm2  Fm3  Fm4    Y1   Y2   Y3   Y4
 1 21:56:33 20   64    54   51   17   16    77   79   38   52  0.30 0.35 ---- ----
 2 21:56:54 20   16    52   51   16   14    78   77   43   51  0.33 0.34 ---- ----
 3 21:57:15 20   64    51   50   16   14    76   78   41   49  0.33 0.36 ---- ----
 4 21:57:35 20  128    51   48   16   15    69   76   39   51  0.26 0.37 ---- ----
 5 21:57:55 20  192    50   47   17   16    76   76   45   54  0.34 0.38 ---- ----
 6 21:58:16 20  256    50   45   18   17    78   70   42   55  0.36 0.36 ---- ----
 7 21:58:36 20  320    50   43   19   18    76   69   45   55  0.34 0.38 ---- ----
 8 21:58:56 20  384    50   41   20   20    74   67   43   54  0.32 0.39 ---- ----
 9 21:59:16 20  448    50   40   21   21    77   69   46   61  0.35 0.42 0.54 0.66
10 21:59:37 20  512    50   39   22   22    72   62   43   56  0.31 0.37 0.49 0.61
11 21:59:57 20  576    50   37   23   23    68   57   46   56  0.26 0.35 0.50 0.59
12 22:00:17 20  640    50   36   25   24    74   59   47   56  0.32 0.39 0.47 0.57
13 22:00:38 20  704    50   35   26   26    75   60   46   55  0.33 0.42 0.43 0.53
14 22:00:58 20  832    50   33   28   28    72   51   52   57  0.31 0.35 0.46 0.51
;            Ch1    Ch2    Ch3    Ch4      blue   green  brown
;  alpha:   0.697  0.768  1.496  1.988     2.209  1.560  0.948
; ETRmax:   547.3  559.7 1676.3 1145.2    1763.3  742.2  691.5
;     Ik:   785.7  728.8 1120.5  575.9     798.1  475.9  729.1
;References: BL_US PMDA0174.REF2 GR_US PMDA0174.REF2 BR_US PMDA0174.REF2

;LTM 190m_04282016

28APR2016  22:05:56  Gain: 20  Zoff: 120 146 120 110
No   Time    G  PAR    F1   F2   F3   F4   Fm1  Fm2  Fm3  Fm4    Y1   Y2   Y3   Y4
 1 22:06:08 20   64    35   32    8    6    56   60   35   43  0.38 0.47 ---- ----

28APR2016  22:06:14  Gain: 20  Zoff: 120 146 120 110
No   Time    G  PAR    F1   F2   F3   F4   Fm1  Fm2  Fm3  Fm4    Y1   Y2   Y3   Y4
 1 22:06:14 20   64    36   31   10    8    64   62   38   42  0.44 0.50 ---- ----
 2 22:06:36 20   16    34   31    8    6    59   60   34   40  0.42 0.48 ---- ----
 3 22:06:56 20   64    34   31    8    5    61   58   35   43  0.44 0.47 ---- ----
 4 22:07:17 20  128    34   30    9    6    62   58   33   44  0.45 0.48 ---- ----
 5 22:07:37 20  192    35   29   10    8    57   57   33   44  0.39 0.49 ---- ----
 6 22:07:57 20  256    35   28   12   10    63   54   33   45  0.44 0.48 ---- ----
 7 22:08:17 20  320    36   27   13   11    63   54   38   46  0.43 0.50 ---- ----
 8 22:08:38 20  384    36   26   14   13    60   53   42   49  0.40 0.51 ---- ----
 9 22:08:58 20  448    37   25   15   14    64   48   40   49  0.42 0.48 ---- ----
10 22:09:18 20  512    37   25   17   15    61   50   39   50  0.39 0.50 ---- ----
11 22:09:39 20  576    38   24   18   17    63   53   41   49  0.40 0.55 ---- ----
12 22:09:59 20  640    39   23   19   18    62   46   44   56  0.37 0.50 ---- ----
13 22:10:19 20  704    39   22   20   19    63   49   40   46  0.38 0.55 ---- ----
14 22:10:39 20  832    41   21   23   22    64   39   49   53  0.36 0.46 0.53 0.58
;            Ch1    Ch2    Ch3    Ch4      blue   green  brown
;  alpha:   0.885  1.071  2.873  3.531    -0.000  1.657  0.881
; ETRmax:   569.9 1111.6  995.2 1110.4       0.0  459.8  381.1
;     Ik:   644.3 1038.2  346.4  314.5       0.0  277.4  432.5
;References: BL_US PMDA0174.REF2 GR_US PMDA0174.REF2 BR_US PMDA0174.REF2

;LTM 200m_04282016

28APR2016  22:28:16  Gain: 20  Zoff: 120 146 120 110
No   Time    G  PAR    F1   F2   F3   F4   Fm1  Fm2  Fm3  Fm4    Y1   Y2   Y3   Y4
 1 22:28:56 20   64    34   30    6    5    68   59   31   43  0.50 0.49 ---- ----

28APR2016  22:29:07  Gain: 20  Zoff: 120 146 120 110
No   Time    G  PAR    F1   F2   F3   F4   Fm1  Fm2  Fm3  Fm4    Y1   Y2   Y3   Y4
 1 22:29:07 20   64    35   29    8    7    58   55   34   44  0.40 0.47 ---- ----
 2 22:29:29 20   16    33   30    7    6    62   60   32   48  0.47 0.50 ---- ----
 3 22:29:49 20   64    34   30    7    6    62   62   30   43  0.45 0.52 ---- ----
 4 22:30:09 20  128    34   29    8    7    57   61   31   45  0.40 0.52 ---- ----
 5 22:30:30 20  192    35   29    9    9    59   62   31   46  0.41 0.53 ---- ----
 6 22:30:50 20  256    35   27   10   10    65   60   40   47  0.46 0.55 ---- ----
 7 22:31:10 20  320    36   27   12   11    66   54   38   47  0.45 0.50 ---- ----
 8 22:31:31 20  384    36   26   13   13    64   58   37   48  0.44 0.55 ---- ----
 9 22:31:51 20  448    37   25   14   15    60   53   44   53  0.38 0.53 ---- ----
10 22:32:11 20  512    38   24   16   16    64   46   38   48  0.41 0.48 ---- ----
11 22:32:31 20  576    38   24   17   17    63   50   39   51  0.40 0.52 ---- ----
12 22:32:52 20  640    39   23   18   19    62   46   42   51  0.37 0.50 ---- ----
13 22:33:12 20  704    40   22   20   20    61   46   46   51  0.34 0.52 ---- ----
14 22:33:32 20  832    41   21   22   23    64   47   43   56  0.36 0.55 0.49 0.59
;            Ch1    Ch2    Ch3    Ch4      blue   green  brown
;  alpha:   1.480  1.187  2.427  3.583    -0.000  4.552  1.177
; ETRmax:   680.1 67571.6  914.6 1119.9       0.0 1134.1 1070346.
;     Ik:   459.6 56911.1  376.9  312.6       0.0  249.1 909623.6
;References: BL_US PMDA0174.REF2 GR_US PMDA0174.REF2 BR_US PMDA0174.REF2


;LTM 60m_04282016

28APR2016  22:37:08  Gain: 20  Zoff: 120 146 120 110
No   Time    G  PAR    F1   F2   F3   F4   Fm1  Fm2  Fm3  Fm4    Y1   Y2   Y3   Y4
 1 22:37:27 20   64    66   63   49   57   122  110   95  119  0.46 0.43 0.48 0.52

28APR2016  22:37:35  Gain: 20  Zoff: 120 146 120 110
No   Time    G  PAR    F1   F2   F3   F4   Fm1  Fm2  Fm3  Fm4    Y1   Y2   Y3   Y4
 1 22:37:35 20   64    66   62   51   58   120  115   96  116  0.45 0.46 0.47 0.50
 2 22:37:57 20   16    54   54   42   48   132  118  101  125  0.59 0.54 0.58 0.62
 3 22:38:17 20   64    62   59   47   54   112  120   90  109  0.45 0.51 0.48 0.50
 4 22:38:37 20  128    64   60   48   55   110  106   86  108  0.42 0.43 0.44 0.49
 5 22:38:58 20  192    65   61   50   57   104  103   85  107  0.38 0.41 0.41 0.47
 6 22:39:18 20  256    66   61   52   60   104  101   86  103  0.37 0.40 0.40 0.42
 7 22:39:38 20  320    68   62   54   62   108  102   85  103  0.37 0.39 0.36 0.40
 8 22:39:58 20  384    70   62   56   64   104  102   89  109  0.33 0.39 0.37 0.41
 9 22:40:19 20  448    71   63   58   67   107  100   88  110  0.34 0.37 0.34 0.39
10 22:40:39 20  512    73   64   60   69   104   97   91  108  0.30 0.34 0.34 0.36
11 22:40:59 20  576    75   64   62   71   107  100   89  107  0.30 0.36 0.30 0.34
12 22:41:20 20  640    76   64   64   73   107   96   94  112  0.29 0.33 0.32 0.35
13 22:41:40 20  704    77   64   66   75   108   95   91  105  0.29 0.33 0.27 0.29
14 22:42:00 20  832    79   64   69   78   107   98   97  113  0.26 0.35 0.29 0.31
;            Ch1    Ch2    Ch3    Ch4      blue   green  brown
;  alpha:   1.032  1.091  1.122  1.213     1.110 -0.000  0.997
; ETRmax:   641.6 1628.9 1124.1  777.0    1254.4    0.0 3612.8
;     Ik:   621.6 1493.0 1002.0  640.3    1130.2    0.0 3622.2
;References: BL_US PMDA0174.REF2 GR_US PMDA0174.REF2 BR_US PMDA0174.REF2

;LTM 40m_04282016

28APR2016  22:46:00  Gain: 20  Zoff: 120 146 120 110
No   Time    G  PAR    F1   F2   F3   F4   Fm1  Fm2  Fm3  Fm4    Y1   Y2   Y3   Y4
 1 22:46:21 20   64    98  163   75   84   183  266  142  173  0.46 0.39 0.47 0.51

28APR2016  22:46:38  Gain: 20  Zoff: 120 146 120 110
No   Time    G  PAR    F1   F2   F3   F4   Fm1  Fm2  Fm3  Fm4    Y1   Y2   Y3   Y4
 1 22:46:39 20   64    96  160   75   84   180  267  141  173  0.47 0.40 0.47 0.51
 2 22:47:00 20   16    84  149   67   74   188  261  147  176  0.55 0.43 0.54 0.58
 3 22:47:21 20   64    93  157   72   81   184  269  144  176  0.49 0.42 0.50 0.54
 4 22:47:41 20  128    97  160   75   85   177  262  142  166  0.45 0.39 0.47 0.49
 5 22:48:01 20  192    99  162   78   87   170  262  135  163  0.42 0.38 0.42 0.47
 6 22:48:21 20  256   100  163   79   90   168  254  132  161  0.40 0.36 0.40 0.44
 7 22:48:42 20  320   101  164   81   92   160  255  128  160  0.37 0.36 0.37 0.42
 8 22:49:02 20  384   103  166   83   94   160  249  132  159  0.36 0.33 0.37 0.41
 9 22:49:22 20  448   105  167   86   97   160  244  130  155  0.34 0.32 0.34 0.37
10 22:49:43 20  512   106  169   88   99   153  243  135  157  0.31 0.30 0.35 0.37
11 22:50:03 20  576   107  170   90  101   151  242  134  155  0.29 0.30 0.33 0.35
12 22:50:23 20  640   107  171   91  102   153  236  127  154  0.30 0.28 0.28 0.34
13 22:50:43 20  704   108  172   93  104   148  243  131  156  0.27 0.29 0.29 0.33
14 22:51:04 20  832   109  173   95  106   146  237  127  156  0.25 0.27 0.25 0.32
;            Ch1    Ch2    Ch3    Ch4      blue   green  brown
;  alpha:   1.290  0.976  1.208  1.260     1.205 -0.000  1.118
; ETRmax:   732.4 1230.9  829.9 1245.8     917.9    0.0 1167.6
;     Ik:   567.7 1260.5  686.7  988.6     761.6    0.0 1044.2
;References: BL_US PMDA0174.REF2 GR_US PMDA0174.REF2 BR_US PMDA0174.REF2

;LTM 20m_04282016

28APR2016  22:54:22  Gain: 20  Zoff: 120 146 120 110
No   Time    G  PAR    F1   F2   F3   F4   Fm1  Fm2  Fm3  Fm4    Y1   Y2   Y3   Y4
 1 22:54:37 20   64   106  150   80   88   196  253  153  177  0.46 0.41 0.48 0.50

28APR2016  22:54:46  Gain: 20  Zoff: 120 146 120 110
No   Time    G  PAR    F1   F2   F3   F4   Fm1  Fm2  Fm3  Fm4    Y1   Y2   Y3   Y4
 1 22:54:46 20   64   107  150   82   90   199  251  152  181  0.46 0.40 0.46 0.50
 2 22:55:08 20   16   102  141   77   84   216  242  157  185  0.53 0.42 0.51 0.55
 3 22:55:28 20   64   106  150   80   88   204  259  158  180  0.48 0.42 0.49 0.51
 4 22:55:49 20  128   106  153   82   90   184  257  143  172  0.42 0.40 0.43 0.48
 5 22:56:09 20  192   106  156   83   91   177  245  137  164  0.40 0.36 0.39 0.45
 6 22:56:29 20  256   106  158   85   92   173  238  141  163  0.39 0.34 0.40 0.44
 7 22:56:49 20  320   105  159   86   93   164  242  134  159  0.36 0.34 0.36 0.42
 8 22:57:10 20  384   106  161   88   95   163  242  133  160  0.35 0.33 0.34 0.41
 9 22:57:30 20  448   106  164   90   98   156  235  137  153  0.32 0.30 0.34 0.36
10 22:57:50 20  512   105  165   91   99   152  234  136  150  0.31 0.29 0.33 0.34
11 22:58:11 20  576   106  168   93  100   148  235  134  152  0.28 0.29 0.31 0.34
12 22:58:31 20  640   106  170   94  102   150  235  129  152  0.29 0.28 0.27 0.33
13 22:58:51 20  704   107  171   96  103   147  233  128  148  0.27 0.27 0.25 0.30
14 22:59:11 20  832   109  172   98  106   143  230  134  152  0.24 0.25 0.27 0.30
;            Ch1    Ch2    Ch3    Ch4      blue   green  brown
;  alpha:   1.142  0.983  1.151  1.216     1.130 -0.000  1.111
; ETRmax:   772.0 1069.8  771.2  811.1     886.2    0.0 1062.2
;     Ik:   676.2 1088.3  670.2  667.2     783.9    0.0  956.2
;References: BL_US PMDA0174.REF2 GR_US PMDA0174.REF2 BR_US PMDA0174.REF2

