;LTK_0M07192019

Gain: 20  Zoff: 170 184 112 109

19JUL2019  15:40:26  Gain: 20  Zoff: 170 184 112 109
No   Time    G  PAR    F1   F2   F3   F4   Fm1  Fm2  Fm3  Fm4    Y1   Y2   Y3   Y4
 1 15:45:49 20    1   194  229  104  122   288  344  180  218  0.33 0.33 0.42 0.44

19JUL2019  15:46:20  Gain: 20  Zoff: 170 184 112 109
No   Time    G  PAR    F1   F2   F3   F4   Fm1  Fm2  Fm3  Fm4    Y1   Y2   Y3   Y4
 1 15:46:20 20    1   231  260  114  136   351  393  186  239  0.34 0.34 0.39 0.43
 2 15:46:42 20    1   190  221   99  117   345  346  198  239  0.45 0.36 0.50 0.51
 3 15:47:02 20    1   191  234  104  122   311  369  182  219  0.39 0.37 0.43 0.44
 4 15:47:22 20    1   184  230  101  117   275  340  169  206  0.33 0.32 0.40 0.43
 5 15:47:43 20    1   196  240  108  125   303  362  183  221  0.35 0.34 0.41 0.43
 6 15:48:03 20    1   221  259  113  135   307  364  173  210  0.28 0.29 0.35 0.36
 7 15:48:23 20    1   195  241  105  123   265  327  161  190  0.26 0.26 0.35 0.35
 8 15:48:44 20    1   208  252  111  131   285  346  171  207  0.27 0.27 0.35 0.37
 9 15:49:04 20    1   211  260  116  136   276  354  166  206  0.24 0.27 0.30 0.34
10 15:49:24 20    1   209  263  118  139   278  346  169  199  0.25 0.24 0.30 0.30
11 15:49:44 20    1   212  262  119  138   267  343  163  189  0.21 0.24 0.27 0.27
12 15:50:05 20    1   192  254  112  129   241  332  156  185  0.20 0.23 0.28 0.30
13 15:50:25 20    1   199  261  117  135   261  341  163  194  0.24 0.23 0.28 0.30
14 15:50:45 20    1   219  273  127  148   269  345  166  201  0.19 0.21 0.23 0.26
No   Time    G  PAR    F1   F2   F3   F4   Fm1  Fm2  Fm3  Fm4    Y1   Y2   Y3   Y4
15 15:51:05 20    1   223  274  128  150   253  338  161  193  0.12 0.19 0.20 0.22
16 15:51:26 20    1   220  274  128  150   261  332  169  192  0.16 0.17 0.24 0.22
17 15:51:46 20    1   222  276  131  151   252  331  157  191  0.12 0.17 0.17 0.21
18 15:52:06 20    1   204  267  126  143    95  224   46  124  ---- ---- ---- ----
;            Ch1    Ch2    Ch3    Ch4      blue   green  brown
;  alpha:   0.099  0.100  0.122  0.131     0.138 -0.000  0.107
; ETRmax:    22.5   22.3   21.1   20.1      20.4    0.0   21.7
;     Ik:   227.8  223.7  172.3  153.3     148.4    0.0  202.4
;References: BL_US PMDA0174.REF2 GR_US PMDA0174.REF2 BR_US PMDA0174.REF2

;LTK_10M07192019

19JUL2019  15:56:17  Gain: 20  Zoff: 170 184 112 109
No   Time    G  PAR    F1   F2   F3   F4   Fm1  Fm2  Fm3  Fm4    Y1   Y2   Y3   Y4
 1 15:56:17 20    1   318  265  151  183   608  490  303  372  0.48 0.46 0.50 0.51
 2 15:56:39 20    1   267  224  130  154   539  407  279  337  0.50 0.45 0.53 0.54
 3 15:56:59 20    1   266  226  126  150   513  426  265  329  0.48 0.47 0.52 0.54
 4 15:57:19 20    1   280  237  136  162   497  428  253  319  0.44 0.45 0.46 0.49
 5 15:57:40 20    1   277  241  133  159   500  439  242  309  0.45 0.45 0.45 0.49
 6 15:58:00 20    1   319  267  153  184   420  384  228  273  0.24 0.30 0.33 0.33
 7 15:58:20 20    1   253  223  127  151   410  378  223  264  0.38 0.41 0.43 0.43
 8 15:58:40 20    1   248  222  127  151   380  348  205  247  0.35 0.36 0.38 0.39
 9 15:59:01 20    1   234  211  128  149   344  327  197  237  0.32 0.35 0.35 0.37
10 15:59:21 20    1   234  214  126  147   346  332  193  238  0.32 0.36 0.35 0.38
11 15:59:41 20    1   256  229  132  156   357  336  192  238  0.28 0.32 0.31 0.34
12 16:00:02 20    1   249  223  130  155   337  324  186  232  0.26 0.31 0.30 0.33
13 16:00:22 20    1   233  212  125  147   307  302  173  209  0.24 0.30 0.28 0.30
14 16:00:42 20    1   221  204  123  143   291  282  166  203  0.24 0.28 0.26 0.30
No   Time    G  PAR    F1   F2   F3   F4   Fm1  Fm2  Fm3  Fm4    Y1   Y2   Y3   Y4
15 16:01:02 20    1   222  205  127  149   285  285  170  209  0.22 0.28 0.25 0.29
16 16:01:23 20    1   229  209  133  155   287  284  172  210  0.20 0.26 0.23 0.26
17 16:01:43 20    1   242  219  142  164   309  298  185  218  0.22 0.27 0.23 0.25
18 16:02:03 20    1   254  225  144  168   154  189   55  145  ---- ---- ---- ----
;            Ch1    Ch2    Ch3    Ch4      blue   green  brown
;  alpha:   0.128  0.139  0.144  0.149     0.125 -0.000  0.136
; ETRmax:    20.5   20.8   20.9   20.6      20.8    0.0   20.1
;     Ik:   160.5  149.4  144.8  138.6     166.1    0.0  148.3
;References: BL_US PMDA0174.REF2 GR_US PMDA0174.REF2 BR_US PMDA0174.REF2

;LTK_20M07192019
19JUL2019  16:05:57  Gain: 20  Zoff: 170 184 112 109
No   Time    G  PAR    F1   F2   F3   F4   Fm1  Fm2  Fm3  Fm4    Y1   Y2   Y3   Y4
 1 16:05:57 20    1   208  200   98  116   372  359  197  240  0.44 0.44 0.50 0.52
 2 16:06:19 20    1   172  169   84  100   393  335  205  249  0.56 0.50 0.59 0.60
 3 16:06:39 20    1   228  215  109  132   491  455  245  308  0.54 0.53 0.56 0.57
 4 16:06:59 20    1   248  229  113  137   406  396  211  264  0.39 0.42 0.46 0.48
 5 16:07:20 20    1   206  203  105  126   393  395  208  260  0.48 0.49 0.50 0.52
 6 16:07:40 20    1   213  209  106  126   349  367  188  233  0.39 0.43 0.44 0.46
 7 16:08:00 20    1   215  214  110  131   353  373  195  248  0.39 0.43 0.44 0.47
 8 16:08:21 20    1   230  223  118  142   361  379  192  249  0.36 0.41 0.39 0.43
 9 16:08:41 20    1   233  230  115  139   373  383  194  245  0.38 0.40 0.41 0.43
10 16:09:01 20    1   294  271  135  168   423  411  212  267  0.30 0.34 0.36 0.37
11 16:09:21 20    1   236  231  120  144   322  343  175  219  0.27 0.33 0.31 0.34
12 16:09:42 20    1   220  226  117  139   314  347  181  217  0.30 0.35 0.35 0.36
13 16:10:02 20    1   223  226  118  140   313  338  177  215  0.29 0.33 0.33 0.35
14 16:10:22 20    1   222  223  119  142   295  331  170  207  0.25 0.33 0.30 0.31
No   Time    G  PAR    F1   F2   F3   F4   Fm1  Fm2  Fm3  Fm4    Y1   Y2   Y3   Y4
15 16:10:42 20    1   217  223  122  144   285  311  170  205  0.24 0.28 0.28 0.30
16 16:11:03 20    1   229  226  131  155   298  318  181  215  0.23 0.29 0.28 0.28
17 16:11:23 20    1   226  225  130  154   280  300  168  201  0.19 0.25 0.23 0.23
18 16:11:43 20    1   217  218  125  146   171  222   83  159  ---- ---- ---- 0.08
;            Ch1    Ch2    Ch3    Ch4      blue   green  brown
;  alpha:   0.137  0.152  0.156  0.150     0.136 -0.000  0.150
; ETRmax:    20.2   20.7   20.4   21.0      20.1    0.0   20.7
;     Ik:   147.7  136.2  130.8  140.6     147.4    0.0  138.2
;References: BL_US PMDA0174.REF2 GR_US PMDA0174.REF2 BR_US PMDA0174.REF2

;LTK_30M07192019

19JUL2019  16:14:39  Gain: 20  Zoff: 170 184 112 109
No   Time    G  PAR    F1   F2   F3   F4   Fm1  Fm2  Fm3  Fm4    Y1   Y2   Y3   Y4
 1 16:14:40 20    1   221  220  108  129   447  452  239  293  0.51 0.51 0.55 0.56
 2 16:15:01 20    1   201  198   98  118   463  397  242  300  0.57 0.50 0.60 0.61
 3 16:15:21 20    1   230  224  114  136   468  466  249  312  0.51 0.52 0.54 0.56
 4 16:15:42 20    1   222  222  111  133   415  431  221  276  0.47 0.48 0.50 0.52
 5 16:16:02 20    1   223  223  113  135   399  426  215  265  0.44 0.48 0.47 0.49
 6 16:16:22 20    1   228  230  115  138   399  422  210  260  0.43 0.45 0.45 0.47
 7 16:16:42 20    1   266  253  125  150   428  435  213  263  0.38 0.42 0.41 0.43
 8 16:17:03 20    1   241  236  119  143   360  391  195  243  0.33 0.40 0.39 0.41
 9 16:17:23 20    1   239  240  122  147   377  409  203  256  0.37 0.41 0.40 0.43
10 16:17:43 20    1   266  257  134  162   387  402  205  258  0.31 0.36 0.35 0.37
11 16:18:04 20    1   247  243  125  151   351  379  194  234  0.30 0.36 0.36 0.35
12 16:18:24 20    1   235  237  120  145   325  364  181  217  0.28 0.35 0.34 0.33
13 16:18:44 20    1   233  239  121  145   333  372  186  220  0.30 0.36 0.35 0.34
14 16:19:04 20    1   248  252  132  157   331  369  188  227  0.25 0.32 0.30 0.31
No   Time    G  PAR    F1   F2   F3   F4   Fm1  Fm2  Fm3  Fm4    Y1   Y2   Y3   Y4
15 16:19:25 20    1   247  251  132  158   311  358  174  216  0.21 0.30 0.24 0.27
16 16:19:45 20    1   254  260  133  159   325  360  182  217  0.22 0.28 0.27 0.27
17 16:20:05 20    1   261  272  137  167   325  368  180  224  0.20 0.26 0.24 0.25
18 16:20:26 20    1   271  275  142  170   215  281   82  166  ---- ---- ---- ----
;            Ch1    Ch2    Ch3    Ch4      blue   green  brown
;  alpha:   0.143  0.157  0.159  0.164     0.134 -0.000  0.160
; ETRmax:    21.1   20.9   20.6   21.1      20.2    0.0   20.5
;     Ik:   147.9  133.2  129.9  128.9     150.5    0.0  127.7
;References: BL_US PMDA0174.REF2 GR_US PMDA0174.REF2 BR_US PMDA0174.REF2

;LTK_40M07192019

19JUL2019  16:23:20  Gain: 20  Zoff: 170 184 112 109
No   Time    G  PAR    F1   F2   F3   F4   Fm1  Fm2  Fm3  Fm4    Y1   Y2   Y3   Y4
 1 16:23:20 20    1   194  210  101  119   383  404  213  268  0.49 0.48 0.53 0.56
 2 16:23:42 20    1   240  229  111  133   586  490  282  355  0.59 0.53 0.61 0.63
 3 16:24:02 20    1   240  239  114  135   412  436  229  277  0.42 0.45 0.50 0.51
 4 16:24:23 20    1   217  228  108  127   426  450  229  283  0.49 0.49 0.53 0.55
 5 16:24:43 20    1   254  255  125  149   456  472  242  300  0.44 0.46 0.48 0.50
 6 16:25:03 20    1   263  260  130  155   418  448  229  280  0.37 0.42 0.43 0.45
 7 16:25:23 20    1   265  265  130  156   420  450  222  276  0.37 0.41 0.41 0.43
 8 16:25:44 20    1   259  263  129  154   395  428  209  261  0.34 0.39 0.38 0.41
 9 16:26:04 20    1   261  264  129  154   394  428  208  254  0.34 0.38 0.38 0.39
10 16:26:24 20    1   271  271  136  162   393  425  205  253  0.31 0.36 0.34 0.36
11 16:26:45 20    1   266  270  133  160   379  415  203  245  0.30 0.35 0.34 0.35
12 16:27:05 20    1   262  270  135  160   360  407  194  250  0.27 0.34 0.30 0.36
13 16:27:25 20    1   265  275  139  165   367  408  200  250  0.28 0.33 0.30 0.34
14 16:27:45 20    1   300  302  152  185   402  436  213  264  0.25 0.31 0.29 0.30
No   Time    G  PAR    F1   F2   F3   F4   Fm1  Fm2  Fm3  Fm4    Y1   Y2   Y3   Y4
15 16:28:06 20    1   332  326  164  203   413  441  210  272  0.20 0.26 0.22 0.25
16 16:28:26 20    1   334  319  162  198   388  402  199  249  0.14 0.21 0.19 0.20
17 16:28:46 20    1   287  291  148  177   340  371  183  227  0.16 0.22 0.19 0.22
18 16:29:07 20    1   273  285  148  175   214  301   90  176  ---- 0.05 ---- ----
;            Ch1    Ch2    Ch3    Ch4      blue   green  brown
;  alpha:   0.129  0.139  0.145  0.155     0.143 -0.000  0.145
; ETRmax:    20.7   21.0   20.6   20.8      21.2    0.0   20.6
;     Ik:   160.5  150.9  141.9  134.4     148.6    0.0  141.6
;References: BL_US PMDA0174.REF2 GR_US PMDA0174.REF2 BR_US PMDA0174.REF2

;LTK_50M07192019

19JUL2019  16:37:45  Gain: 20  Zoff: 170 184 112 109
No   Time    G  PAR    F1   F2   F3   F4   Fm1  Fm2  Fm3  Fm4    Y1   Y2   Y3   Y4
 1 16:37:45 20    1   288  302  116  143   631  632  279  362  0.54 0.52 0.58 0.60
 2 16:38:07 20    1   224  251   96  117   517  507  236  305  0.57 0.50 0.59 0.62
 3 16:38:27 20    1   215  255   94  113   493  548  229  291  0.56 0.53 0.59 0.61
 4 16:38:47 20    1   261  287  108  132   579  608  253  315  0.55 0.53 0.57 0.58
 5 16:39:07 20    1   315  326  124  155   597  625  259  327  0.47 0.48 0.52 0.53
 6 16:39:28 20    1   321  334  129  161   556  603  245  318  0.42 0.45 0.47 0.49
 7 16:39:48 20    1   313  328  129  161   513  552  225  290  0.39 0.41 0.43 0.44
 8 16:40:08 20    1   310  326  129  162   470  528  217  281  0.34 0.38 0.41 0.42
 9 16:40:28 20    1   297  318  128  159   445  505  212  265  0.33 0.37 0.40 0.40
10 16:40:49 20    1   276  305  123  152   402  473  198  245  0.31 0.36 0.38 0.38
11 16:41:09 20    1   259  296  121  148   369  453  192  234  0.30 0.35 0.37 0.37
12 16:41:29 20    1   259  298  124  151   368  447  189  238  0.30 0.33 0.34 0.37
13 16:41:50 20    1   263  301  126  154   365  447  191  230  0.28 0.33 0.34 0.33
14 16:42:10 20    1   270  308  130  158   363  442  189  235  0.26 0.30 0.31 0.33
No   Time    G  PAR    F1   F2   F3   F4   Fm1  Fm2  Fm3  Fm4    Y1   Y2   Y3   Y4
15 16:42:30 20    1   274  314  133  162   357  432  184  228  0.23 0.27 0.28 0.29
16 16:42:50 20    1   281  323  139  168   362  442  185  231  0.22 0.27 0.25 0.27
17 16:43:11 20    1   298  338  146  180   373  440  191  246  0.20 0.23 0.24 0.27
18 16:43:31 20    1   330  362  157  192   263  373   89  192  ---- 0.03 ---- ----
;            Ch1    Ch2    Ch3    Ch4      blue   green  brown
;  alpha:   0.145  0.142  0.165  0.170     0.147 -0.000  0.153
; ETRmax:    20.7   21.3   21.1   21.1      20.6    0.0   20.9
;     Ik:   143.2  149.7  127.9  124.0     140.1    0.0  136.7
;References: BL_US PMDA0174.REF2 GR_US PMDA0174.REF2 BR_US PMDA0174.REF2

;LTK_60M07192019

19JUL2019  16:50:22  Gain: 20  Zoff: 170 184 112 109
No   Time    G  PAR    F1   F2   F3   F4   Fm1  Fm2  Fm3  Fm4    Y1   Y2   Y3   Y4
 1 16:50:22 20    1   251  278  103  130   511  552  224  291  0.51 0.50 0.54 0.55
 2 16:50:43 20    1   201  234   88  108   478  481  223  283  0.58 0.51 0.61 0.62
 3 16:51:04 20    1   218  254   97  119   411  478  205  260  0.47 0.47 0.53 0.54
 4 16:51:24 20    1   237  268  102  128   515  556  234  305  0.54 0.52 0.56 0.58
 5 16:51:44 20    1   271  292  114  143   403  470  189  255  0.33 0.38 0.40 0.44
 6 16:52:04 20    1   201  245   93  114   341  436  178  221  0.41 0.44 0.48 0.48
 7 16:52:25 20    1   234  270  106  131   389  461  195  249  0.40 0.41 0.46 0.47
 8 16:52:45 20    1   265  294  118  148   402  472  194  253  0.34 0.38 0.39 0.42
 9 16:53:05 20    1   240  278  113  140   360  444  183  236  0.33 0.37 0.38 0.41
10 16:53:26 20    1   264  299  122  151   380  469  195  242  0.31 0.36 0.37 0.38
11 16:53:46 20    1   258  296  119  147   354  443  182  228  0.27 0.33 0.35 0.36
12 16:54:06 20    1   261  299  121  148   365  442  181  225  0.28 0.32 0.33 0.34
13 16:54:26 20    1   254  295  121  147   325  418  173  210  0.22 0.29 0.30 0.30
14 16:54:47 20    1   231  285  119  143   305  398  169  208  0.24 0.28 0.30 0.31
No   Time    G  PAR    F1   F2   F3   F4   Fm1  Fm2  Fm3  Fm4    Y1   Y2   Y3   Y4
15 16:55:07 20    1   235  288  121  145   304  396  170  206  0.23 0.27 0.29 0.30
16 16:55:27 20    1   255  301  128  156   325  407  176  216  0.22 0.26 0.27 0.28
17 16:55:48 20    1   270  309  135  164   318  396  176  213  0.15 0.22 0.23 0.23
18 16:56:08 20    1   234  287  127  152   175  301   83  157  ---- 0.05 ---- ----
;            Ch1    Ch2    Ch3    Ch4      blue   green  brown
;  alpha:   0.132  0.129  0.152  0.159     0.149 -0.000  0.147
; ETRmax:    20.0   20.0   20.6   20.6      20.7    0.0   20.5
;     Ik:   151.8  155.1  135.5  129.5     138.2    0.0  139.2
;References: BL_US PMDA0174.REF2 GR_US PMDA0174.REF2 BR_US PMDA0174.REF2

;LTK_70M07192019

19JUL2019  16:58:38  Gain: 20  Zoff: 170 184 112 109
No   Time    G  PAR    F1   F2   F3   F4   Fm1  Fm2  Fm3  Fm4    Y1   Y2   Y3   Y4
 1 16:58:39 20    1   201  138   90  109   343  247  170  206  0.41 0.44 0.47 0.47
 2 16:59:00 20    1   135   94   64   76   305  201  161  197  0.56 0.53 0.60 0.61
 3 16:59:21 20    1   180  121   84  101   308  218  157  194  0.42 0.44 0.46 0.48
 4 16:59:41 20    1   168  112   82   97   242  171  127  166  0.31 0.35 0.35 0.42
 5 17:00:01 20    1   159  105   81   96   239  170  133  156  0.33 0.38 0.39 0.38
 6 17:00:22 20    1   179  119   89  106   248  176  133  164  0.28 0.32 0.33 0.35
 7 17:00:42 20    1   185  125   92  111   262  192  141  177  0.29 0.35 0.35 0.37
 8 17:01:02 20    1   223  156  107  134   298  215  148  193  0.25 0.27 0.28 0.31
 9 17:01:22 20    1   225  149  107  130   277  194  138  177  0.19 0.23 0.22 0.27
10 17:01:43 20    1   271  188  122  153   366  263  170  214  0.26 0.29 0.28 0.29
11 17:02:03 20    1   260  171  117  144   248  179  133  168  ---- ---- 0.12 0.14
12 17:02:23 20    1   183  121   95  113   234  167  122  152  0.22 0.28 0.22 0.26
13 17:02:44 20    1   198  129  101  122   239  173  131  161  0.17 0.25 0.23 0.24
14 17:03:04 20    1   195  125  100  120   221  155  124  148  0.12 0.19 0.19 0.19
No   Time    G  PAR    F1   F2   F3   F4   Fm1  Fm2  Fm3  Fm4    Y1   Y2   Y3   Y4
15 17:03:24 20    1   171  108   94  111   209  138  122  153  0.18 0.22 0.23 0.27
16 17:03:44 20    1   170  105   95  111   200  137  120  140  0.15 0.23 0.21 0.21
17 17:04:05 20    1   174  106   99  116   211  135  121  145  0.18 0.21 0.18 0.20
18 17:04:25 20    1   175  105  100  117   145   99   82  137  ---- ---- ---- 0.15
;            Ch1    Ch2    Ch3    Ch4      blue   green  brown
;  alpha:   0.107  0.128  0.126  0.129     0.149  0.109  0.157
; ETRmax:    21.5   20.6   20.5   20.0      20.5   21.7   20.5
;     Ik:   202.3  160.6  162.4  155.0     138.1  198.7  130.1
;References: BL_US PMDA0174.REF2 GR_US PMDA0174.REF2 BR_US PMDA0174.REF2

;LTK_80M07192019

19JUL2019  17:07:00  Gain: 20  Zoff: 170 184 112 109
No   Time    G  PAR    F1   F2   F3   F4   Fm1  Fm2  Fm3  Fm4    Y1   Y2   Y3   Y4
 1 17:07:01 20    1   173  125   81   96   344  250  169  209  0.50 0.50 0.52 0.54
 2 17:07:22 20    1   185  138   79   95   430  303  196  252  0.57 0.54 0.60 0.62
 3 17:07:43 20    1   166  117   77   91   255  189  135  167  0.35 0.38 0.43 0.46
 4 17:08:03 20    1   163  117   78   93   277  205  141  175  0.41 0.43 0.45 0.47
 5 17:08:23 20    1   213  155   97  117   301  234  152  184  0.29 0.34 0.36 0.36
 6 17:08:44 20    1   217  154   98  118   285  215  146  172  0.24 0.28 0.33 0.31
 7 17:09:04 20    1   196  140   95  113   253  193  133  164  0.23 0.27 0.29 0.31
 8 17:09:24 20    1   173  120   88  104   226  168  124  147  0.23 0.29 0.29 0.29
 9 17:09:44 20    1   163  112   84   99   205  159  117  140  0.20 0.30 0.28 0.29
10 17:10:05 20    1   164  113   86  101   215  159  122  144  0.24 0.29 0.30 0.30
11 17:10:25 20    1   173  119   92  109   224  162  125  163  0.23 0.27 0.26 0.33
12 17:10:45 20    1   176  119   94  111   213  158  127  148  0.17 0.25 0.26 0.25
13 17:11:06 20    1   158  107   86  100   189  141  114  135  0.16 0.24 0.25 0.26
14 17:11:26 20    1   154  102   86  100   187  138  110  137  0.18 0.26 0.22 0.27
No   Time    G  PAR    F1   F2   F3   F4   Fm1  Fm2  Fm3  Fm4    Y1   Y2   Y3   Y4
15 17:11:46 20    1   153  101   88  102   181  129  115  136  0.15 0.22 0.23 0.25
16 17:12:06 20    1   157  103   91  106   192  141  117  137  0.18 0.27 0.22 0.23
17 17:12:27 20    1   163  106   95  111   193  135  117  145  0.16 0.21 0.19 0.23
18 17:12:47 20    1   167  106   99  115   152  117   91  141  ---- 0.09 ---- 0.18
;            Ch1    Ch2    Ch3    Ch4      blue   green  brown
;  alpha:   0.097  0.112  0.120  0.122     0.179  0.146  0.161
; ETRmax:    23.0   21.6   21.8   21.0      21.3   20.5   20.9
;     Ik:   237.2  191.9  182.5  171.7     119.0  140.6  129.8
;References: BL_US PMDA0174.REF2 GR_US PMDA0174.REF2 BR_US PMDA0174.REF2

;LTK_90M07192019

19JUL2019  17:15:28  Gain: 20  Zoff: 170 184 112 109
No   Time    G  PAR    F1   F2   F3   F4   Fm1  Fm2  Fm3  Fm4    Y1   Y2   Y3   Y4
 1 17:15:28 20    1    90   63   45   53   143  105   80  103  0.37 0.40 0.44 0.49
 2 17:15:50 20    1    78   59   37   45   181  133  103  122  0.57 0.56 0.64 0.63
 3 17:16:10 20    1   170  125   72   90   282  215  126  169  0.40 0.42 0.43 0.47
 4 17:16:30 20    1   223  158   88  108   263  188  122  153  0.15 0.16 0.28 0.29
 5 17:16:51 20    1   138   96   63   75   172  128   90  114  0.20 0.25 0.30 0.34
 6 17:17:11 20    1   119   80   59   70   157  119   92  112  0.24 0.33 0.36 0.38
 7 17:17:31 20    1   122   81   62   73   165  111   98  113  0.26 0.27 0.37 0.35
 8 17:17:51 20    1   132   88   65   77   173  131   95  120  0.24 0.33 0.32 0.36
 9 17:18:12 20    1   156  106   74   89   192  141  105  125  0.19 0.25 0.30 0.29
10 17:18:32 20    1   170  116   78   94   211  150  109  132  0.19 0.23 0.28 0.29
11 17:18:52 20    1   175  122   81   97   205  156  104  131  0.15 0.22 0.22 0.26
12 17:19:13 20    1   186  128   85  102   221  164  109  134  0.16 0.22 0.22 0.24
13 17:19:33 20    1   179  124   84  101   213  151  109  138  0.16 0.18 0.23 0.27
14 17:19:53 20    1   183  120   86  104   200  145  108  130  0.09 0.17 0.20 0.20
No   Time    G  PAR    F1   F2   F3   F4   Fm1  Fm2  Fm3  Fm4    Y1   Y2   Y3   Y4
15 17:20:13 20    1   172  110   85  101   197  140  108  138  0.13 0.21 0.21 0.27
16 17:20:34 20    1   170  105   86  102   186  123  108  126  0.09 0.15 0.20 0.19
17 17:20:54 20    1   173  105   88  105   202  129  113  136  0.14 0.19 0.22 0.23
18 17:21:14 20    1   176  104   91  108   155  107   80  129  ---- ---- ---- 0.16
;            Ch1    Ch2    Ch3    Ch4      blue   green  brown
;  alpha:   0.084  0.104  0.119  0.122     0.232  0.118  0.127
; ETRmax:    26.2   22.2   22.1   20.9      23.5   21.0   20.9
;     Ik:   311.2  212.8  185.2  172.2     101.3  177.8  164.4
;References: BL_US PMDA0174.REF2 GR_US PMDA0174.REF2 BR_US PMDA0174.REF2

;LTK_100M07192019

19JUL2019  17:24:20  Gain: 20  Zoff: 170 184 112 109
No   Time    G  PAR    F1   F2   F3   F4   Fm1  Fm2  Fm3  Fm4    Y1   Y2   Y3   Y4
 1 17:24:20 20    1    67   50   33   40   117   91   69   89  0.43 0.45 0.52 0.55
 2 17:24:42 20    1    54   43   26   31   132   98   73   97  0.59 0.56 0.64 0.68
 3 17:25:02 20    1    71   52   35   42   124   93   73   85  0.43 0.44 0.52 0.51
 4 17:25:22 20    1    70   52   36   42   114   90   68   91  0.39 0.42 0.47 0.54
 5 17:25:43 20    1    73   52   38   45   112   94   76   91  0.35 0.45 0.50 0.51
 6 17:26:03 20    1    75   52   40   48   106   87   74   82  0.29 0.40 0.46 0.41
 7 17:26:23 20    1    74   51   41   48   109   87   69   89  0.32 0.41 0.41 0.46
 8 17:26:43 20    1    76   53   44   50   113   88   73   90  0.33 0.40 0.40 0.44
 9 17:27:04 20    1    80   56   46   53   110   88   78   89  0.27 0.36 0.41 0.40
10 17:27:24 20    1    82   54   46   55   117   83   74   94  0.30 0.35 0.38 0.41
11 17:27:44 20    1    81   52   47   54   114   82   73   89  0.29 0.37 0.36 0.39
12 17:28:05 20    1    79   50   46   54   108   79   72   84  0.27 0.37 0.36 0.36
13 17:28:25 20    1    79   50   48   55   112   78   74   91  0.29 0.36 0.35 0.40
14 17:28:45 20    1    84   52   52   60   110   81   81   89  0.24 0.36 0.36 0.33
No   Time    G  PAR    F1   F2   F3   F4   Fm1  Fm2  Fm3  Fm4    Y1   Y2   Y3   Y4
15 17:29:05 20    1    88   54   56   65   111   79   79   96  0.21 0.32 0.29 0.32
16 17:29:26 20    1    91   53   59   68   116   79   81   97  0.22 0.33 0.27 0.30
17 17:29:46 20    1    95   55   62   71   118   82   85  101  0.19 0.33 0.27 0.30
18 17:30:06 20    1   103   59   65   77   111   76   76  106  ---- 0.22 0.14 0.27
;            Ch1    Ch2    Ch3    Ch4      blue   green  brown
;  alpha:   0.123  0.149  0.151  0.163     0.224  0.159  0.214
; ETRmax:    20.8   20.5   20.9   21.1      22.5   20.7   22.7
;     Ik:   168.8  137.9  138.3  128.9     100.5  129.8  106.1
;References: BL_US PMDA0174.REF2 GR_US PMDA0174.REF2 BR_US PMDA0174.REF2

;LTK_110M07192019

19JUL2019  17:32:50  Gain: 20  Zoff: 170 184 112 109
No   Time    G  PAR    F1   F2   F3   F4   Fm1  Fm2  Fm3  Fm4    Y1   Y2   Y3   Y4
 1 17:32:51 20    1    35   35   12   16    68   70   40   55  0.49 0.50 ---- ----
 2 17:33:12 20    1    35   36   12   15    75   74   41   63  0.53 0.51 ---- ----
 3 17:33:32 20    1    40   39   16   19    72   71   42   56  0.44 0.45 ---- ----
 4 17:33:53 20    1    41   38   16   21    75   68   43   61  0.45 0.44 ---- 0.66
 5 17:34:13 20    1    41   38   17   21    75   67   43   54  0.45 0.43 ---- 0.61
 6 17:34:33 20    1    41   37   18   22    76   63   41   57  0.46 0.41 ---- 0.61
 7 17:34:54 20    1    43   37   19   23    73   65   41   57  0.41 0.43 ---- 0.60
 8 17:35:14 20    1    41   35   19   23    65   63   41   59  0.37 0.44 ---- 0.61
 9 17:35:34 20    1    41   34   21   25    69   63   42   57  0.41 0.46 0.50 0.56
10 17:35:54 20    1    44   36   23   28    69   66   44   60  0.36 0.45 0.48 0.53
11 17:36:15 20    1    46   36   25   29    66   56   45   57  0.30 0.36 0.44 0.49
12 17:36:35 20    1    48   36   26   30    69   62   45   56  0.30 0.42 0.42 0.46
13 17:36:55 20    1    48   35   27   32    69   57   45   59  0.30 0.39 0.40 0.46
14 17:37:16 20    1    49   34   29   34    72   58   55   62  0.32 0.41 0.47 0.45
No   Time    G  PAR    F1   F2   F3   F4   Fm1  Fm2  Fm3  Fm4    Y1   Y2   Y3   Y4
15 17:37:36 20    1    49   32   31   36    69   55   53   65  0.29 0.42 0.42 0.45
16 17:37:56 20    1    50   31   33   38    69   53   48   65  0.28 0.42 0.31 0.42
17 17:38:16 20    1    50   29   36   40    71   54   52   71  0.30 0.46 0.31 0.44
18 17:38:37 20    1    52   28   38   43    61   50   57   68  0.15 0.44 0.33 0.37
;            Ch1    Ch2    Ch3    Ch4      blue   green  brown
;  alpha:   0.139  0.184  0.185  0.213     0.279 -0.000  0.265
; ETRmax:    20.6   21.8   21.6   22.9      25.1    0.0   24.2
;     Ik:   148.6  118.4  116.9  107.6      90.0    0.0   91.4
;References: BL_US PMDA0174.REF2 GR_US PMDA0174.REF2 BR_US PMDA0174.REF2

;LTK_120M07192019

19JUL2019  17:49:29  Gain: 20  Zoff: 170 184 112 109
No   Time    G  PAR    F1   F2   F3   F4   Fm1  Fm2  Fm3  Fm4    Y1   Y2   Y3   Y4
 1 17:49:29 20    1    15   16    7    8    45   47   31   49  ---- ---- ---- ----
 2 17:49:51 20    1    14   16    7    7    53   50   35   49  ---- ---- ---- ----
 3 17:50:11 20    1    19   19    9   10    50   50   36   46  ---- ---- ---- ----
 4 17:50:31 20    1    18   18    9   10    49   47   37   49  ---- ---- ---- ----
 5 17:50:51 20    1    17   17    9   11    42   45   37   43  ---- ---- ---- ----
 6 17:51:12 20    1    19   16   10   12    47   40   34   48  ---- ---- ---- ----
 7 17:51:32 20    1    21   17   13   14    44   47   45   47  0.52 ---- ---- ----
 8 17:51:52 20    1    22   17   15   16    53   41   37   49  0.58 ---- ---- ----
 9 17:52:12 20    1    22   16   15   17    48   39   37   47  0.54 ---- ---- ----
10 17:52:33 20    1    22   16   17   18    45   39   38   54  0.51 ---- ---- ----
11 17:52:53 20    1    23   15   17   20    47   39   40   49  0.51 ---- ---- ----
12 17:53:13 20    1    23   15   18   21    49   36   42   52  0.53 ---- ---- 0.60
13 17:53:34 20    1    24   14   19   22    46   37   43   50  0.48 ---- ---- 0.56
14 17:53:54 20    1    27   14   22   25    49   37   42   54  0.45 ---- 0.48 0.54
No   Time    G  PAR    F1   F2   F3   F4   Fm1  Fm2  Fm3  Fm4    Y1   Y2   Y3   Y4
15 17:54:14 20    1    29   13   25   28    51   32   44   54  0.43 ---- 0.43 0.48
16 17:54:34 20    1    32   13   28   31    53   34   48   58  0.40 ---- 0.42 0.47
17 17:54:55 20    1    33   13   31   34    50   33   53   65  0.34 ---- 0.42 0.48
18 17:55:15 20    1    35   11   32   36    55   31   53   59  0.36 ---- 0.40 0.39
;            Ch1    Ch2    Ch3    Ch4      blue   green  brown
;  alpha:   0.191 -0.000  0.179  0.213     0.259  0.218  0.283
; ETRmax:    21.9    0.0   21.4   22.9      24.4   23.1   25.6
;     Ik:   114.5    0.0  119.2  107.3      94.0  105.8   90.4
;References: BL_US PMDA0174.REF2 GR_US PMDA0174.REF2 BR_US PMDA0174.REF2

;LTK_130M07192019


19JUL2019  17:58:12  Gain: 20  Zoff: 170 184 112 109
No   Time    G  PAR    F1   F2   F3   F4   Fm1  Fm2  Fm3  Fm4    Y1   Y2   Y3   Y4
 1 17:58:13 20    1    57   60   17   20    98   95   46   59  0.42 0.37 ---- ----
 2 17:58:34 20    1    54   57   16   18    90   87   51   57  0.40 0.34 ---- ----
 3 17:58:55 20    1    53   57   15   17    86   93   45   56  0.38 0.39 ---- ----
 4 17:59:15 20    1    53   56   16   18    82   87   43   54  0.35 0.36 ---- ----
 5 17:59:35 20    1    54   56   18   20    86   90   45   56  0.37 0.38 ---- ----
 6 17:59:55 20    1    54   55   19   21    85   84   43   56  0.36 0.35 ---- 0.63
 7 18:00:16 20    1    55   54   21   22    85   82   46   57  0.35 0.34 0.54 0.61
 8 18:00:36 20    1    55   54   22   24    85   83   46   57  0.35 0.35 0.52 0.58
 9 18:00:56 20    1    56   53   23   25    77   81   45   61  0.27 0.35 0.49 0.59
10 18:01:17 20    1    55   52   24   26    84   79   51   56  0.35 0.34 0.53 0.54
11 18:01:37 20    1    56   51   24   27    81   83   49   57  0.31 0.39 0.51 0.53
12 18:01:57 20    1    56   50   25   27    79   82   48   54  0.29 0.39 0.48 0.50
13 18:02:17 20    1    56   50   26   29    77   73   45   58  0.27 0.32 0.42 0.50
14 18:02:38 20    1    58   49   29   31    77   73   49   62  0.25 0.33 0.41 0.50
No   Time    G  PAR    F1   F2   F3   F4   Fm1  Fm2  Fm3  Fm4    Y1   Y2   Y3   Y4
15 18:02:58 20    1    59   49   31   34    76   71   51   63  0.22 0.31 0.39 0.46
16 18:03:18 20    1    60   48   34   36    82   74   50   58  0.27 0.35 0.32 0.38
17 18:03:39 20    1    62   46   36   39    81   69   57   67  0.23 0.33 0.37 0.42
18 18:03:59 20    1    62   44   37   41    70   64   54   65  ---- 0.31 0.31 0.37
;            Ch1    Ch2    Ch3    Ch4      blue   green  brown
;  alpha:   0.135  0.137  0.185  0.215     0.274 -0.000  0.145
; ETRmax:    20.0   20.5   21.8   22.9      25.0    0.0   20.8
;     Ik:   147.9  148.9  117.5  106.4      91.2    0.0  143.1
;References: BL_US PMDA0174.REF2 GR_US PMDA0174.REF2 BR_US PMDA0174.REF2

;LTK_140M07192019

19JUL2019  18:06:38  Gain: 20  Zoff: 170 184 112 109
No   Time    G  PAR    F1   F2   F3   F4   Fm1  Fm2  Fm3  Fm4    Y1   Y2   Y3   Y4
 1 18:07:12 20    1     7    7    0    1    33   31   27   32  ---- ---- ---- ----
 2 18:07:34 20    1     5    7    0    0    36   31   28   33  ---- ---- ---- ----
 3 18:07:54 20    1     6    7    0    0    30   35   23   33  ---- ---- ---- ----
 4 18:08:14 20    1     5    5    0    1    29   30   25   33  ---- ---- ---- ----
 5 18:08:35 20    1     6    5    2    2    32   28   29   33  ---- ---- ---- ----
 6 18:08:55 20    1     7    5    4    5    36   32   29   40  ---- ---- ---- ----
 7 18:09:15 20    1     9    5    6    6    32   31   31   40  ---- ---- ---- ----
 8 18:09:35 20    1    10    4    7    7    37   27   32   35  ---- ---- ---- ----
 9 18:09:56 20    1    10    4    7    8    34   29   31   38  ---- ---- ---- ----
10 18:10:16 20    1    11    3    8    9    35   30   29   40  ---- ---- ---- ----
11 18:10:36 20    1    13    3   10   11    33   23   31   41  ---- ---- ---- ----
12 18:10:56 20    1    14    3   11   12    37   27   35   42  ---- ---- ---- ----
13 18:11:17 20    1    15    3   13   14    35   23   34   41  ---- ---- ---- ----
14 18:11:37 20    1    17    2   15   17    37   23   37   41  ---- ---- ---- ----
No   Time    G  PAR    F1   F2   F3   F4   Fm1  Fm2  Fm3  Fm4    Y1   Y2   Y3   Y4
15 18:11:57 20    1    18    1   18   20    36   25   37   49  ---- ---- ---- ----
16 18:12:18 20    1    20    0   20   22    41   18   40   43  ---- ---- ---- 0.49
17 18:12:38 20    1    20   -1   23   25    40   16   37   53  ---- ---- 0.38 0.53
18 18:12:58 20    1    22   -1   25   27    39   23   48   56  0.44 ---- 0.48 0.52
;            Ch1    Ch2    Ch3    Ch4      blue   green  brown
;  alpha:   0.183 -0.000 -0.000  0.218     0.255  0.265 -0.000
; ETRmax:    21.6    0.0    0.0   23.0      24.2   24.3    0.0
;     Ik:   117.9    0.0    0.0  105.9      95.1   91.5    0.0
;References: BL_US PMDA0174.REF2 GR_US PMDA0174.REF2 BR_US PMDA0174.REF2