;KGMBAY 0M_09182019
Gain: 20  Zoff: 188 213 117 120

18SEP2019  16:11:58  Gain: 20  Zoff: 188 213 117 120
No   Time    G  PAR    F1   F2   F3   F4   Fm1  Fm2  Fm3  Fm4    Y1   Y2   Y3   Y4
 1 16:17:38 20    1    81   78   58   65   179  151  127  152  0.55 0.48 0.54 0.57

18SEP2019  16:18:07  Gain: 20  Zoff: 188 213 117 120
No   Time    G  PAR    F1   F2   F3   F4   Fm1  Fm2  Fm3  Fm4    Y1   Y2   Y3   Y4
 1 16:18:07 20    1    83   80   58   65   173  152  120  148  0.52 0.47 0.52 0.56
 2 16:18:29 20    1    89   86   60   68   186  170  128  148  0.52 0.49 0.53 0.54
 3 16:18:49 20    1    87   88   60   67   171  167  121  146  0.49 0.47 0.50 0.54
 4 16:19:09 20    1    92   92   61   70   184  182  128  152  0.50 0.49 0.52 0.54
 5 16:19:29 20    1   110  104   69   81   201  196  131  160  0.45 0.47 0.47 0.49
 6 16:19:50 20    1   115  111   71   83   201  207  129  159  0.43 0.46 0.45 0.48
 7 16:20:10 20    1   118  110   72   84   200  195  123  159  0.41 0.44 0.41 0.47
 8 16:20:30 20    1   116  107   71   83   192  189  121  150  0.40 0.43 0.41 0.45
 9 16:20:51 20    1   110  101   69   80   181  179  119  142  0.39 0.44 0.42 0.44
10 16:21:11 20    1   121  109   84   95   204  185  142  166  0.41 0.41 0.41 0.43
;            Ch1    Ch2    Ch3    Ch4      blue   green  brown
;  alpha:   0.179  0.186  0.186  0.205     0.179 -0.000  0.192
; ETRmax:    21.3   21.8   21.8   22.6      21.3    0.0   22.0
;     Ik:   118.9  117.4  117.2  109.9     119.2    0.0  114.4
;References: BL_US PMDA0174.REF2 GR_US PMDA0174.REF2 BR_US PMDA0174.REF2

;KGMBAY 20M_09182019

18SEP2019  16:29:37  Gain: 20  Zoff: 188 213 117 120
No   Time    G  PAR    F1   F2   F3   F4   Fm1  Fm2  Fm3  Fm4    Y1   Y2   Y3   Y4
 1 16:29:38 20    1   120  133   76   82   254  247  163  192  0.53 0.46 0.53 0.57
 2 16:29:59 20    1   118  136   75   80   238  259  159  185  0.50 0.47 0.53 0.57
 3 16:30:20 20    1   121  142   77   83   229  264  154  180  0.47 0.46 0.50 0.54
 4 16:30:40 20    1   124  146   80   88   220  273  154  182  0.44 0.47 0.48 0.52
 5 16:31:00 20    1   117  143   77   84   199  261  144  164  0.41 0.45 0.47 0.49
 6 16:31:20 20    1   117  143   77   84   195  251  136  161  0.40 0.43 0.43 0.48
 7 16:31:41 20    1   121  144   79   86   192  244  137  161  0.37 0.41 0.42 0.47
 8 16:32:01 20    1   119  145   80   88   183  243  138  158  0.35 0.40 0.42 0.44
 9 16:32:21 20    1   122  149   84   91   186  246  138  156  0.34 0.39 0.39 0.42
10 16:32:42 20    1   126  151   86   95   187  242  140  159  0.33 0.38 0.39 0.40
;            Ch1    Ch2    Ch3    Ch4      blue   green  brown
;  alpha:   0.174  0.176  0.192  0.205     0.183 -0.000  0.187
; ETRmax:    21.7   21.5   22.1   22.8      21.5    0.0   21.8
;     Ik:   124.8  122.2  115.5  110.9     117.5    0.0  116.5
;References: BL_US PMDA0174.REF2 GR_US PMDA0174.REF2 BR_US PMDA0174.REF2

;KGMBAY 40M_09182019

18SEP2019  16:35:41  Gain: 20  Zoff: 188 213 117 120
No   Time    G  PAR    F1   F2   F3   F4   Fm1  Fm2  Fm3  Fm4    Y1   Y2   Y3   Y4
 1 16:35:41 20    1   263  330  152  178   598  659  349  434  0.56 0.50 0.56 0.59
 2 16:36:03 20    1   270  339  155  182   570  644  329  410  0.53 0.47 0.53 0.56
 3 16:36:23 20    1   285  354  162  192   552  633  326  404  0.48 0.44 0.50 0.52
 4 16:36:44 20    1   305  369  175  209   542  628  319  398  0.44 0.41 0.45 0.47
 5 16:37:04 20    1   304  374  174  209   511  618  303  372  0.41 0.39 0.43 0.44
 6 4:37:24 PM 20    1   314  383  182  217   494  606  297  366  0.36 0.37 0.39 0.41
 7 4:37:44 PM 20    1   322  391  186  222   484  592  291  356  0.33 0.34 0.36 0.38
 8 4:38:05 PM 20    1   322  393  184  220   459  580  275  332  0.30 0.32 0.33 0.34
 9 4:38:25 PM 20    1   317  393  181  217   445  568  266  331  0.29 0.31 0.32 0.34
10 4:38:45 PM 20    1   326  401  186  224   444  570  267  330  0.27 0.30 0.30 0.32
;            Ch1    Ch2    Ch3    Ch4      blue   green  brown
;  alpha:   0.167  0.162  0.175  0.184     0.158 -0.000  0.173
; ETRmax:    21.0   21.1   21.6   21.4      20.9    0.0   21.1
;     Ik:   126.3  130.0  123.1  116.7     131.9    0.0  122.1
;References: BL_US PMDA0174.REF2 GR_US PMDA0174.REF2 BR_US PMDA0174.REF2

;KGMBAY 60M_09182019

18SEP2019  16:43:08  Gain: 20  Zoff: 188 213 117 120
No   Time    G  PAR    F1   F2   F3   F4   Fm1  Fm2  Fm3  Fm4    Y1   Y2   Y3   Y4
 1 4:43:08 PM 20    1    99  111   60   72   237  224  144  180  0.58 0.50 0.58 0.60
 2 4:43:30 PM 20    1   100  111   61   73   219  218  139  171  0.54 0.49 0.56 0.57
 3 4:43:50 PM 20    1   115  124   69   83   231  223  143  177  0.50 0.44 0.52 0.53
 4 4:44:10 PM 20    1   118  126   70   85   209  215  129  166  0.44 0.41 0.46 0.49
 5 4:44:31 PM 20    1   122  130   72   88   205  203  125  162  0.40 0.36 0.42 0.46
 6 4:44:51 PM 20    1   125  130   76   92   202  199  125  160  0.38 0.35 0.39 0.42
 7 4:45:11 PM 20    1   130  133   78   95   202  205  130  166  0.36 0.35 0.40 0.43
 8 4:45:32 PM 20    1   129  133   78   95   193  202  123  157  0.33 0.34 0.37 0.39
 9 4:45:52 PM 20    1   126  132   78   95   190  194  125  154  0.34 0.32 0.38 0.38
10 4:46:12 PM 20    1   128  133   80   97   184  186  121  149  0.30 0.28 0.34 0.35
;            Ch1    Ch2    Ch3    Ch4      blue   green  brown
;  alpha:   0.176  0.164  0.188  0.196     0.185 -0.000  0.177
; ETRmax:    21.6   21.0   21.8   22.2      21.7    0.0   21.5
;     Ik:   123.3  128.4  115.9  113.1     117.4    0.0  121.6
;References: BL_US PMDA0174.REF2 GR_US PMDA0174.REF2 BR_US PMDA0174.REF2

;KGMBAY 80M_09182019

18SEP2019  16:49:56  Gain: 20  Zoff: 188 213 117 120
No   Time    G  PAR    F1   F2   F3   F4   Fm1  Fm2  Fm3  Fm4    Y1   Y2   Y3   Y4
 1 4:49:56 PM 20    1    16   16   12   11    62   45   48   55  ---- ---- ---- ----
 2 4:50:18 PM 20    1    18   17   13   13    58   46   49   57  ---- ---- ---- ----
 3 4:50:38 PM 20    1    19   17   13   14    51   47   44   54  ---- ---- ---- ----
 4 4:50:58 PM 20    1    19   17   14   15    52   43   45   54  ---- ---- ---- ----
 5 4:51:18 PM 20    1    20   17   15   16    53   46   44   55  ---- ---- ---- ----
 6 4:51:39 PM 20    1    21   16   17   17    52   43   47   55  0.60 ---- ---- ----
 7 4:51:59 PM 20    1    23   16   18   19    52   44   48   54  0.56 ---- ---- ----
 8 4:52:19 PM 20    1    24   16   19   20    50   41   47   56  0.52 ---- ---- ----
 9 4:52:40 PM 20    1    24   15   21   22    52   36   47   58  0.54 ---- 0.55 0.62
10 4:53:00 PM 20    1    24   14   21   23    52   39   47   55  0.54 ---- 0.55 0.58
;            Ch1    Ch2    Ch3    Ch4      blue   green  brown
;  alpha:   0.234 -0.000  0.232  0.253     0.297  0.242  0.299
; ETRmax:    23.5    0.0   23.5   24.2      25.9   24.0   26.2
;     Ik:   100.3    0.0  101.0   95.7      87.2   98.9   87.5
;References: BL_US PMDA0174.REF2 GR_US PMDA0174.REF2 BR_US PMDA0174.REF2

;KGMBAY 100M_09182019

18SEP2019  16:56:27  Gain: 20  Zoff: 188 213 117 120
No   Time    G  PAR    F1   F2   F3   F4   Fm1  Fm2  Fm3  Fm4    Y1   Y2   Y3   Y4
 1 4:56:27 PM 20    1    23   28   16   16    68   64   54   66  0.66 0.56 ---- ----
 2 4:56:49 PM 20    1    24   27   16   16    66   64   48   65  0.64 0.58 ---- ----
 3 4:57:09 PM 20    1    26   28   17   17    68   68   56   65  0.62 0.59 ---- ----
 4 4:57:29 PM 20    1    29   30   20   21    69   63   58   69  0.58 0.52 ---- 0.70
 5 4:57:49 PM 20    1    28   28   20   21    58   61   52   62  0.52 0.54 ---- 0.66
 6 4:58:10 PM 20    1    28   27   20   21    60   61   51   59  0.53 0.56 ---- 0.64
 7 4:58:30 PM 20    1    30   27   22   23    64   56   52   62  0.53 0.52 0.58 0.63
 8 4:58:50 PM 20    1    30   26   23   24    63   58   54   61  0.52 0.55 0.57 0.61
 9 4:59:11 PM 20    1    31   26   24   26    66   57   55   68  0.53 0.54 0.56 0.62
10 4:59:31 PM 20    1    32   26   26   28    60   50   50   63  0.47 0.48 0.48 0.56
;            Ch1    Ch2    Ch3    Ch4      blue   green  brown
;  alpha:   0.237  0.223  0.230  0.266     0.274  0.264  0.236
; ETRmax:    23.6   22.9   23.3   24.4      24.9   24.2   23.5
;     Ik:    99.7  102.6  101.3   91.6      90.8   91.7   99.6
;References: BL_US PMDA0174.REF2 GR_US PMDA0174.REF2 BR_US PMDA0174.REF2

;KGMBAY 120M_09182019

18SEP2019  17:04:06  Gain: 20  Zoff: 188 213 117 120
No   Time    G  PAR    F1   F2   F3   F4   Fm1  Fm2  Fm3  Fm4    Y1   Y2   Y3   Y4
 1 5:04:06 PM 20    1   146  212   87  100   345  400  208  256  0.58 0.47 0.58 0.61
 2 5:04:28 PM 20    1   152  218   91  106   339  396  207  254  0.55 0.45 0.56 0.58
 3 5:04:48 PM 20    1   161  226   96  112   324  388  195  246  0.50 0.42 0.51 0.54
 4 5:05:08 PM 20    1   169  233  100  118   316  381  192  237  0.47 0.39 0.48 0.50
 5 5:05:28 PM 20    1   174  237  103  122   304  376  185  226  0.43 0.37 0.44 0.46
 6 5:05:49 PM 20    1   181  243  107  127   298  367  183  224  0.39 0.34 0.42 0.43
 7 5:06:09 PM 20    1   185  246  109  129   280  363  173  216  0.34 0.32 0.37 0.40
 8 5:06:29 PM 20    1   185  249  111  131   277  357  177  216  0.33 0.30 0.37 0.39
 9 5:06:50 PM 20    1   193  256  114  136   278  360  173  214  0.31 0.29 0.34 0.36
10 5:07:10 PM 20    1   196  261  116  139   274  355  174  210  0.28 0.26 0.33 0.34
;            Ch1    Ch2    Ch3    Ch4      blue   green  brown
;  alpha:   0.176  0.152  0.185  0.195     0.183 -0.000  0.172
; ETRmax:    21.7   20.9   21.7   22.7      21.5    0.0   21.0
;     Ik:   123.6  137.5  117.0  116.7     117.6    0.0  122.3
;References: BL_US PMDA0174.REF2 GR_US PMDA0174.REF2 BR_US PMDA0174.REF2

;KGMBAY 140M_09182019

18SEP2019  17:11:29  Gain: 20  Zoff: 188 213 117 120
No   Time    G  PAR    F1   F2   F3   F4   Fm1  Fm2  Fm3  Fm4    Y1   Y2   Y3   Y4
 1 5:11:30 PM 20    1   266  279   78   82   300  308  109  122  0.11 0.09 0.28 0.33
 2 5:11:51 PM 20    1   267  280   79   83   302  307  114  124  0.12 0.09 0.31 0.33
 3 5:12:12 PM 20    1   265  277   78   83   294  304  109  126  0.10 0.09 0.28 0.34
 4 5:12:32 PM 20    1   264  275   79   84   293  304  111  124  0.10 0.10 0.29 0.32
 5 5:12:52 PM 20    1   264  274   80   85   293  299  110  122  0.10 0.08 0.27 0.30
 6 5:13:12 PM 20    1   263  272   81   85   285  301  109  122  0.08 0.10 0.26 0.30
 7 5:13:33 PM 20    1   262  269   81   86   290  293  110  120  0.10 0.08 0.26 0.28
 8 5:13:53 PM 20    1   261  267   82   87   286  293  111  124  0.09 0.09 0.26 0.30
 9 5:14:13 PM 20    1   260  265   83   88   284  289  112  126  0.08 0.08 0.26 0.30
10 5:14:34 PM 20    1   259  263   84   89   283  287  107  126  0.08 0.08 0.21 0.29
;            Ch1    Ch2    Ch3    Ch4      blue   green  brown
;  alpha:   0.039  0.070  0.109  0.126    -0.000 -0.000  0.052
; ETRmax:    20.1   40.9   22.0   20.6       0.0    0.0   31.9
;     Ik:   520.3  584.3  201.3  162.8       0.0    0.0  613.2
;References: BL_US PMDA0174.REF2 GR_US PMDA0174.REF2 BR_US PMDA0174.REF2
