;LTK 0m_04292016
29APR2016  16:04:31  Gain: 21  Zoff: 176 205 170 162
No   Time    G  PAR    F1   F2   F3   F4   Fm1  Fm2  Fm3  Fm4    Y1   Y2   Y3   Y4
 1 16:12:37 21   64    91  184   73   82   157  262  121  153  0.42 0.30 0.40 0.46

29APR2016  16:13:01  Gain: 21  Zoff: 176 205 170 162
No   Time    G  PAR    F1   F2   F3   F4   Fm1  Fm2  Fm3  Fm4    Y1   Y2   Y3   Y4
 1 16:13:01 21   64    85  183   70   77   151  265  115  156  0.44 0.31 0.39 0.51
 2 16:13:23 21   16    81  171   67   73   153  236  124  151  0.47 0.28 0.46 0.52
 3 16:13:43 21   64    88  184   71   79   152  274  126  163  0.42 0.33 0.44 0.52
 4 16:14:03 21  128    92  190   76   84   158  271  128  147  0.42 0.30 0.41 0.43
 5 16:14:24 21  192    94  195   79   88   150  283  131  157  0.37 0.31 0.40 0.44
 6 16:14:44 21  256    94  198   82   90   152  284  140  154  0.38 0.30 0.41 0.42
 7 16:15:04 21  320    95  200   84   93   145  279  130  149  0.34 0.28 0.35 0.38
 8 16:15:25 21  384    95  202   86   94   146  271  126  154  0.35 0.25 0.32 0.39
 9 16:15:45 21  448    94  203   86   94   136  279  134  163  0.31 0.27 0.36 0.42
10 16:16:05 21  512    94  204   87   95   136  269  131  153  0.31 0.24 0.34 0.38
11 16:16:25 21  576    95  206   90   97   136  270  125  157  0.30 0.24 0.28 0.38
12 16:16:46 21  640    97  208   92  100   137  276  125  155  0.29 0.25 0.26 0.35
13 16:17:06 21  704    98  210   94  102   138  268  131  144  0.29 0.22 0.28 0.29
14 16:17:26 21  832    99  211   97  105   137  264  130  150  0.28 0.20 0.25 0.30
;            Ch1    Ch2    Ch3    Ch4      blue   green  brown
;  alpha:   1.003  0.731  1.048  1.136     1.123 -0.000  0.908
; ETRmax:  1233.4  421.1  638.7 1027.3     659.3    0.0  873.4
;     Ik:  1230.3  576.4  609.5  904.0     587.3    0.0  961.9
;References: BL_US PMDA0174.REF2 GR_US PMDA0174.REF2 BR_US PMDA0174.REF2

;LTK 20m_04292016

29APR2016  16:20:53  Gain: 21  Zoff: 176 205 170 162
No   Time    G  PAR    F1   F2   F3   F4   Fm1  Fm2  Fm3  Fm4    Y1   Y2   Y3   Y4
 1 16:21:06 21   64   111  165   77   87   205  286  152  190  0.46 0.42 0.49 0.54

29APR2016  16:21:14  Gain: 21  Zoff: 176 205 170 162
No   Time    G  PAR    F1   F2   F3   F4   Fm1  Fm2  Fm3  Fm4    Y1   Y2   Y3   Y4
 1 16:21:14 21   64   111  165   79   90   194  273  154  183  0.43 0.40 0.49 0.51
 2 16:21:36 21   16   104  153   72   81   210  257  156  188  0.50 0.40 0.54 0.57
 3 16:21:57 21   64   107  163   76   86   200  285  153  189  0.47 0.43 0.50 0.54
 4 16:22:17 21  128   108  167   78   88   195  289  150  184  0.45 0.42 0.48 0.52
 5 16:22:37 21  192   107  168   78   88   181  271  136  174  0.41 0.38 0.43 0.49
 6 16:22:57 21  256   107  168   81   92   172  275  141  176  0.38 0.39 0.43 0.48
 7 16:23:18 21  320   110  171   86   96   174  271  142  173  0.37 0.37 0.39 0.45
 8 16:23:38 21  384   107  171   85   95   162  268  140  168  0.34 0.36 0.39 0.43
 9 16:23:58 21  448   110  174   88   98   167  267  138  167  0.34 0.35 0.36 0.41
10 16:24:19 21  512   110  176   90  101   164  258  149  160  0.33 0.32 0.40 0.37
11 16:24:39 21  576   112  177   93  104   152  258  140  171  0.26 0.31 0.34 0.39
12 16:24:59 21  640   109  177   94  104   149  258  132  163  0.27 0.31 0.29 0.36
13 16:25:19 21  704   103  173   91  101   141  252  134  157  0.27 0.31 0.32 0.36
14 16:25:40 21  832   104  175   94  104   146  247  136  153  0.29 0.29 0.31 0.32
;            Ch1    Ch2    Ch3    Ch4      blue   green  brown
;  alpha:   1.131  0.953  1.184  1.300     1.257 -0.000  1.097
; ETRmax:   940.1  653.2  861.6  863.3     778.3    0.0  967.3
;     Ik:   831.5  685.2  727.9  664.2     619.3    0.0  881.7
;References: BL_US PMDA0174.REF2 GR_US PMDA0174.REF2 BR_US PMDA0174.REF2

;LTK 40m_04292016

29APR2016  16:29:16  Gain: 21  Zoff: 176 205 170 162
No   Time    G  PAR    F1   F2   F3   F4   Fm1  Fm2  Fm3  Fm4    Y1   Y2   Y3   Y4
 1 16:29:28 21   64   129  254   84   96   265  435  173  212  0.51 0.42 0.51 0.55

29APR2016  16:29:34  Gain: 21  Zoff: 176 205 170 162
No   Time    G  PAR    F1   F2   F3   F4   Fm1  Fm2  Fm3  Fm4    Y1   Y2   Y3   Y4
 1 16:29:34 21   64   131  254   87   99   257  444  180  220  0.49 0.43 0.52 0.55
 2 16:29:56 21   16   111  233   76   85   257  419  171  220  0.57 0.44 0.56 0.61
 3 16:30:16 21   64   119  245   80   91   256  434  176  205  0.54 0.44 0.55 0.56
 4 16:30:37 21  128   125  252   85   97   253  445  173  209  0.51 0.43 0.51 0.54
 5 16:30:57 21  192   127  253   88  100   240  422  169  212  0.47 0.40 0.48 0.53
 6 16:31:17 21  256   132  257   91  104   237  425  165  209  0.44 0.40 0.45 0.50
 7 16:31:38 21  320   129  258   93  106   224  417  163  207  0.42 0.38 0.43 0.49
 8 16:31:58 21  384   136  265   98  112   224  424  166  209  0.39 0.38 0.41 0.46
 9 16:32:18 21  448   136  267   99  113   210  409  163  201  0.35 0.35 0.39 0.44
10 16:32:38 21  512   135  267  101  114   214  412  163  202  0.37 0.35 0.38 0.44
11 16:32:59 21  576   138  270  105  119   208  409  162  202  0.34 0.34 0.35 0.41
12 16:33:19 21  640   138  273  106  120   205  407  160  200  0.33 0.33 0.34 0.40
13 16:33:39 21  704   141  278  110  123   209  409  167  200  0.33 0.32 0.34 0.39
14 16:33:59 21  832   145  285  114  128   202  407  167  196  0.28 0.30 0.32 0.35
;            Ch1    Ch2    Ch3    Ch4      blue   green  brown
;  alpha:   1.305  1.026  1.293  1.292     1.236 -0.000  1.144
; ETRmax:  1059.2 1231.0  948.8  766.1     841.0    0.0  646.9
;     Ik:   811.6 1200.1  734.0  593.1     680.6    0.0  565.3
;References: BL_US PMDA0174.REF2 GR_US PMDA0174.REF2 BR_US PMDA0174.REF2

;LTK 60m_04292016

29APR2016  16:37:17  Gain: 21  Zoff: 176 205 170 162
No   Time    G  PAR    F1   F2   F3   F4   Fm1  Fm2  Fm3  Fm4    Y1   Y2   Y3   Y4
 1 16:37:43 21   64    58   42   39   47   122   96   92  115  0.52 0.56 0.58 0.59

29APR2016  16:38:00  Gain: 21  Zoff: 176 205 170 162
No   Time    G  PAR    F1   F2   F3   F4   Fm1  Fm2  Fm3  Fm4    Y1   Y2   Y3   Y4
 1 16:38:01 21   64    61   44   42   51   125   98   99  132  0.51 0.55 0.58 0.61
 2 16:38:22 21   16    49   37   35   42   143  105  104  131  0.66 0.65 0.66 0.68
 3 16:38:43 21   64    59   43   41   49   124   99   93  121  0.52 0.57 0.56 0.60
 4 16:39:03 21  128    61   43   43   52   113   85   80  112  0.46 0.49 0.46 0.54
 5 16:39:23 21  192    64   43   46   55   112   87   80  109  0.43 0.51 0.42 0.50
 6 16:39:43 21  256    67   43   50   59   113   85   83  105  0.41 0.49 0.40 0.44
 7 16:40:04 21  320    69   43   52   61   108   79   84  112  0.36 0.46 0.38 0.46
 8 16:40:24 21  384    69   41   53   63   104   79   86  108  0.34 0.48 0.38 0.42
 9 16:40:44 21  448    71   42   56   66   104   78   87  113  0.32 0.46 0.36 0.42
10 16:41:05 21  512    72   42   57   67   104   80   88  103  0.31 0.47 0.35 0.35
11 16:41:25 21  576    70   40   57   67   107   67   86  107  0.35 0.40 0.34 0.37
12 16:41:45 21  640    71   39   59   68   107   75   91  106  0.34 0.48 0.35 0.36
13 16:42:05 21  704    72   39   61   71   104   78   89  111  0.31 0.50 0.31 0.36
14 16:42:26 21  832    74   38   64   74   104   69   91  113  0.29 0.45 0.30 0.35
;            Ch1    Ch2    Ch3    Ch4      blue   green  brown
;  alpha:   1.186  1.184  1.224  1.372     1.328  1.138  1.130
; ETRmax:   644.7 5085.1 1123.0 1228.1     524.4 1104.3  485.6
;     Ik:   543.4 4294.9  917.3  894.8     394.7  970.3  429.9
;References: BL_US PMDA0174.REF2 GR_US PMDA0174.REF2 BR_US PMDA0174.REF2

;LTK 80m_04292016

29APR2016  16:49:26  Gain: 21  Zoff: 176 205 170 162
No   Time    G  PAR    F1   F2   F3   F4   Fm1  Fm2  Fm3  Fm4    Y1   Y2   Y3   Y4
 1 16:49:49 21   64     3    4    3    4    40   35   32   52  ---- ---- ---- ----

29APR2016  16:49:57  Gain: 21  Zoff: 176 205 170 162
No   Time    G  PAR    F1   F2   F3   F4   Fm1  Fm2  Fm3  Fm4    Y1   Y2   Y3   Y4
 1 16:49:58 21   64     4    2    5    7    37   37   33   53  ---- ---- ---- ----
 2 16:50:19 21   16     0    1    2    2    32   40   31   50  ---- ---- ---- ----
 3 16:50:40 21   64     2    2    3    4    37   40   32   49  ---- ---- ---- ----
 4 16:51:00 21  128     4    2    4    5    37   31   28   44  ---- ---- ---- ----
 5 16:51:20 21  192     3    0    5    6    29   27   36   51  ---- ---- ---- ----
 6 16:51:41 21  256     5    0    7    8    28   23   34   52  ---- ---- ---- ----
 7 16:52:01 21  320     5   -1    8   10    32   33   31   53  ---- ---- ---- ----
 8 16:52:21 21  384     6   -3   10   12    40   27   35   59  ---- ---- ---- ----
 9 16:52:41 21  448     7   -4   12   14    30   21   37   48  ---- ---- ---- ----
10 16:53:02 21  512     6   -5   13   15    37   24   43   55  ---- ---- ---- ----
11 16:53:22 21  576     7   -6   15   17    35   25   42   60  ---- ---- ---- ----
12 16:53:42 21  640     8   -7   16   19    34   21   42   58  ---- ---- ---- ----
13 16:54:03 21  704    10   -7   18   21    34   24   42   62  ---- ---- ---- 0.66
14 16:54:23 21  832    12   -9   22   25    38   17   42   65  ---- ---- 0.48 0.62
;            Ch1    Ch2    Ch3    Ch4      blue   green  brown
;  alpha:  -0.000 -0.000  2.282  1.977     2.720  2.088 -0.000
; ETRmax:     0.0    0.0  893.6 1389.7    1241.9 26304.0    0.0
;     Ik:     0.0    0.0  391.6  702.9     456.5 12597.0    0.0
;References: BL_US PMDA0174.REF2 GR_US PMDA0174.REF2 BR_US PMDA0174.REF2

;LTK 100m_04292016

29APR2016  16:57:25  Gain: 21  Zoff: 176 205 170 162
No   Time    G  PAR    F1   F2   F3   F4   Fm1  Fm2  Fm3  Fm4    Y1   Y2   Y3   Y4
 1 16:57:37 21   64    79  135   55   63   137  211  103  133  0.42 0.36 0.47 0.53

29APR2016  16:57:43  Gain: 21  Zoff: 176 205 170 162
No   Time    G  PAR    F1   F2   F3   F4   Fm1  Fm2  Fm3  Fm4    Y1   Y2   Y3   Y4
 1 16:57:43 21   64    77  133   56   64   131  214  104  129  0.41 0.38 0.46 0.50
 2 16:58:05 21   16    71  122   51   58   145  190   99  141  0.51 0.36 0.48 0.59
 3 16:58:25 21   64    79  136   56   63   144  221  116  137  0.45 0.38 0.52 0.54
 4 16:58:46 21  128    79  139   58   66   144  223  111  147  0.45 0.38 0.48 0.55
 5 16:59:06 21  192    80  140   60   68   136  218  114  132  0.41 0.36 0.47 0.48
 6 16:59:26 21  256    77  138   60   68   129  214  117  134  0.40 0.36 0.49 0.49
 7 16:59:47 21  320    79  141   62   70   130  216  105  138  0.39 0.35 0.41 0.49
 8 17:00:07 21  384    78  141   64   72   126  214  106  128  0.38 0.34 0.40 0.44
 9 17:00:27 21  448    78  142   65   73   118  217  108  129  0.34 0.35 0.40 0.43
10 17:00:47 21  512    78  143   66   74   125  203  103  133  0.38 0.30 0.36 0.44
11 17:01:08 21  576    80  144   69   77   122  198  102  124  0.34 0.27 0.32 0.38
12 17:01:28 21  640    80  145   70   78   117  207  106  127  0.32 0.30 0.34 0.39
13 17:01:48 21  704    82  147   74   82   119  208  108  134  0.31 0.29 0.31 0.39
14 17:02:08 21  832    85  147   78   86   127  206  116  134  0.33 0.29 0.33 0.36
;            Ch1    Ch2    Ch3    Ch4      blue   green  brown
;  alpha:   1.064  0.871  1.133  1.329     1.436 -0.000  1.323
; ETRmax:  1605.0  670.6  566.9 1651.8     729.8    0.0  636.0
;     Ik:  1509.0  769.7  500.2 1243.1     508.1    0.0  480.7
;References: BL_US PMDA0174.REF2 GR_US PMDA0174.REF2 BR_US PMDA0174.REF2

;LTK 110m_04292016

29APR2016  17:05:21  Gain: 21  Zoff: 176 205 170 162
No   Time    G  PAR    F1   F2   F3   F4   Fm1  Fm2  Fm3  Fm4    Y1   Y2   Y3   Y4
 1 17:05:33 21   64    72  123   49   57   146  217  112  129  0.51 0.43 0.56 0.56

29APR2016  17:05:40  Gain: 21  Zoff: 176 205 170 162
No   Time    G  PAR    F1   F2   F3   F4   Fm1  Fm2  Fm3  Fm4    Y1   Y2   Y3   Y4
 1 17:05:41 21   64    73  123   52   59   146  215  110  134  0.50 0.43 0.53 0.56
 2 17:06:03 21   16    68  115   46   52   147  196  100  141  0.54 0.41 0.54 0.63
 3 17:06:23 21   64    67  120   47   53   134  219   96  134  0.50 0.45 0.51 0.60
 4 17:06:43 21  128    72  126   51   58   144  219  103  132  0.50 0.42 0.50 0.56
 5 17:07:03 21  192    76  129   54   62   133  222   99  133  0.43 0.42 0.45 0.53
 6 17:07:24 21  256    75  128   56   64   129  222  106  139  0.42 0.42 0.47 0.54
 7 17:07:44 21  320    77  129   59   67   131  216  106  130  0.41 0.40 0.44 0.48
 8 17:08:04 21  384    75  129   60   67   128  211   98  127  0.41 0.39 0.39 0.47
 9 17:08:25 21  448    76  131   62   69   122  213  107  134  0.38 0.38 0.42 0.49
10 17:08:45 21  512    82  135   65   74   133  217  107  139  0.38 0.38 0.39 0.47
11 17:09:05 21  576    84  137   68   77   127  213  104  132  0.34 0.36 0.35 0.42
12 17:09:25 21  640    80  134   69   78   128  202  103  138  0.38 0.34 0.33 0.43
13 17:09:46 21  704    81  136   71   80   119  205  108  138  0.32 0.34 0.34 0.42
14 17:10:06 21  832    86  141   76   86   125  214  127  141  0.31 0.34 0.40 0.39
;            Ch1    Ch2    Ch3    Ch4      blue   green  brown
;  alpha:   1.384  1.022  1.198  1.391     1.307 -0.000  1.126
; ETRmax:   794.4 1028.7 1092.4 1969.1    1533.7    0.0  943.6
;     Ik:   574.0 1007.1  912.0 1415.6    1173.7    0.0  838.3
;References: BL_US PMDA0174.REF2 GR_US PMDA0174.REF2 BR_US PMDA0174.REF2

;LTK 120m_04292016

29APR2016  17:13:13  Gain: 21  Zoff: 176 205 170 162
No   Time    G  PAR    F1   F2   F3   F4   Fm1  Fm2  Fm3  Fm4    Y1   Y2   Y3   Y4
 1 17:13:25 21   64   362  374  104  110   397  405  131  153  0.09 0.08 0.21 0.28

29APR2016  17:13:30  Gain: 21  Zoff: 176 205 170 162
No   Time    G  PAR    F1   F2   F3   F4   Fm1  Fm2  Fm3  Fm4    Y1   Y2   Y3   Y4
 1 17:13:30 21   64   362  373  105  111   381  408  131  147  0.05 0.09 0.20 0.24
 2 17:13:52 21   16   358  373  103  109   392  397  130  150  0.09 0.06 0.21 0.27
 3 17:14:12 21   64   359  371  103  109   385  399  132  148  0.07 0.07 0.22 0.26
 4 17:14:33 21  128   354  366  103  109   378  393  129  155  0.06 0.07 0.20 0.30
 5 17:14:53 21  192   350  360  103  109   373  393  129  145  0.06 0.08 0.20 0.25
 6 17:15:13 21  256   348  357  104  110   373  387  132  156  0.07 0.08 0.21 0.29
 7 17:15:33 21  320   344  349  105  111   369  379  135  147  0.07 0.08 0.22 0.24
 8 17:15:54 21  384   347  350  109  116   376  389  136  163  0.08 0.10 0.20 0.29
 9 17:16:14 21  448   340  343  107  114   371  375  124  149  0.08 0.09 0.14 0.23
10 17:16:34 21  512   336  337  107  113   358  363  124  156  0.06 0.07 0.14 0.28
11 17:16:55 21  576   337  334  109  117   365  365  133  153  0.08 0.08 0.18 0.24
12 17:17:15 21  640   333  329  109  116   354  355  132  155  0.06 0.07 0.17 0.25
13 17:17:35 21  704   328  323  108  115   351  351  129  154  0.07 0.08 0.16 0.25
14 17:17:55 21  832   326  317  111  118   360  346  141  162  0.09 0.08 0.21 0.27
;            Ch1    Ch2    Ch3    Ch4      blue   green  brown
;  alpha:   0.140  0.173  0.474  0.696    -0.000 -0.000  0.221
; ETRmax:   434.4  223.2 1539.5 1689.4       0.0    0.0 31711.3
;     Ik:  3092.6 1290.0 3250.4 2428.4       0.0    0.0 143246.2
;References: BL_US PMDA0174.REF2 GR_US PMDA0174.REF2 BR_US PMDA0174.REF2

;LTK 130m_04292016

29APR2016  17:21:37  Gain: 21  Zoff: 176 205 170 162
No   Time    G  PAR    F1   F2   F3   F4   Fm1  Fm2  Fm3  Fm4    Y1   Y2   Y3   Y4
 1 17:21:54 21   64   496  514  140  144   514  546  168  184  0.04 0.06 0.17 0.22

29APR2016  17:22:00  Gain: 21  Zoff: 176 205 170 162
No   Time    G  PAR    F1   F2   F3   F4   Fm1  Fm2  Fm3  Fm4    Y1   Y2   Y3   Y4
 1 17:22:00 21   64   494  510  141  145   522  530  164  187  0.05 0.04 0.14 0.22
 2 17:22:22 21   16   487  506  138  142   512  542  162  185  0.05 0.07 0.15 0.23
 3 17:22:42 21   64   484  501  137  141   497  526  160  174  0.03 0.05 0.14 0.19
 4 17:23:03 21  128   477  492  136  140   501  515  162  180  0.05 0.04 0.16 0.22
 5 17:23:23 21  192   471  483  136  140   495  503  152  179  0.05 0.04 0.11 0.22
 6 17:23:43 21  256   465  477  136  140   486  503  164  179  0.04 0.05 0.17 0.22
 7 17:24:03 21  320   458  467  135  139   477  491  157  178  0.04 0.05 0.14 0.22
 8 17:24:24 21  384   450  458  135  139   474  475  160  178  0.05 0.04 0.16 0.22
 9 17:24:44 21  448   444  450  134  139   465  468  152  182  0.05 0.04 0.12 0.24
10 17:25:04 21  512   437  440  133  138   464  470  161  180  0.06 0.06 0.17 0.23
11 17:25:25 21  576   430  431  133  137   451  455  157  174  0.05 0.05 0.15 0.21
12 17:25:45 21  640   424  425  133  138   456  447  159  174  0.07 0.05 0.16 0.21
13 17:26:05 21  704   418  417  132  137   437  433  154  178  0.04 0.04 0.14 0.23
14 17:26:25 21  832   413  407  133  138   429  441  160  177  0.04 0.08 0.17 0.22
;            Ch1    Ch2    Ch3    Ch4      blue   green  brown
;  alpha:   0.110  0.088  0.264  0.495    -0.000 -0.000  0.144
; ETRmax:   757.9  155.6  209.0 1554.9       0.0    0.0  524.0
;     Ik:  6860.3 1765.8  792.0 3141.8       0.0    0.0 3636.4
;References: BL_US PMDA0174.REF2 GR_US PMDA0174.REF2 BR_US PMDA0174.REF2

;LTK 140m_04292016

29APR2016  17:29:35  Gain: 21  Zoff: 176 205 170 162
No   Time    G  PAR    F1   F2   F3   F4   Fm1  Fm2  Fm3  Fm4    Y1   Y2   Y3   Y4
 1 17:30:03 21   64   388  405  110  114   409  429  135  162  0.05 0.06 0.19 0.30

29APR2016  17:30:08  Gain: 21  Zoff: 176 205 170 162
No   Time    G  PAR    F1   F2   F3   F4   Fm1  Fm2  Fm3  Fm4    Y1   Y2   Y3   Y4
 1 17:30:08 21   64   387  402  112  116   413  425  129  158  0.06 0.05 0.13 0.27
 2 17:30:30 21   16   381  398  109  113   410  428  139  163  0.07 0.07 0.22 0.31
 3 17:30:50 21   64   381  397  110  115   411  427  138  160  0.07 0.07 0.20 0.28
 4 17:31:10 21  128   375  390  109  113   404  419  134  151  0.07 0.07 0.19 0.25
 5 17:31:31 21  192   368  382  108  112   389  409  131  150  0.05 0.07 0.18 0.25
 6 17:31:51 21  256   365  376  108  112   393  401  131  156  0.07 0.06 0.18 0.28
 7 17:32:11 21  320   361  371  109  113   389  395  136  148  0.07 0.06 0.20 0.24
 8 17:32:31 21  384   356  364  109  112   378  380  132  149  0.06 0.04 0.17 0.25
 9 17:32:52 21  448   352  359  109  113   382  394  134  153  0.08 0.09 0.19 0.26
10 17:33:12 21  512   347  352  109  113   373  372  138  146  0.07 0.05 0.21 0.23
11 17:33:32 21  576   342  344  109  113   368  377  127  155  0.07 0.09 0.14 0.27
12 17:33:53 21  640   337  338  109  114   357  366  136  146  0.06 0.08 0.20 0.22
13 17:34:13 21  704   334  333  110  115   360  365  134  150  0.07 0.09 0.18 0.23
14 17:34:33 21  832   332  328  112  117   356  346  139  153  0.07 0.05 0.19 0.24
;            Ch1    Ch2    Ch3    Ch4      blue   green  brown
;  alpha:   0.173  0.142  0.415  0.612    -0.000 -0.000  0.208
; ETRmax:   542.6 1132.3  533.7 1045.6       0.0    0.0  406.9
;     Ik:  3144.9 7968.6 1284.8 1708.5       0.0    0.0 1955.6
;References: BL_US PMDA0174.REF2 GR_US PMDA0174.REF2 BR_US PMDA0174.REF2

;LTK 150m_04292016

29APR2016  17:38:31  Gain: 21  Zoff: 176 205 170 162
No   Time    G  PAR    F1   F2   F3   F4   Fm1  Fm2  Fm3  Fm4    Y1   Y2   Y3   Y4
 1 17:38:45 21   64   325  337   92   95   354  357  119  138  0.08 0.06 0.23 0.31

29APR2016  17:38:51  Gain: 21  Zoff: 176 205 170 162
No   Time    G  PAR    F1   F2   F3   F4   Fm1  Fm2  Fm3  Fm4    Y1   Y2   Y3   Y4
 1 17:38:51 21   64   322  332   92   96   340  350  115  129  0.05 0.05 0.20 0.26
 2 17:39:13 21   16   314  325   89   92   344  353  120  130  0.09 0.08 0.26 0.29
 3 17:39:33 21   64   307  318   87   90   323  341  108  135  0.05 0.07 0.19 0.33
 4 17:39:53 21  128   298  308   85   89   324  333  106  125  0.08 0.08 0.20 0.29
 5 17:40:14 21  192   290  298   84   88   310  325  106  132  0.06 0.08 0.21 0.33
 6 17:40:34 21  256   283  289   84   88   300  309  116  122  0.06 0.06 0.28 0.28
 7 17:40:54 21  320   278  282   84   88   300  313  106  132  0.07 0.10 0.21 0.33
 8 17:41:15 21  384   273  275   85   89   300  304  109  121  0.09 0.10 0.22 0.26
 9 17:41:35 21  448   266  265   84   88   291  285  108  128  0.09 0.07 0.22 0.31
10 17:41:55 21  512   257  254   83   87   272  283  102  119  0.06 0.10 0.19 0.27
11 17:42:15 21  576   250  246   82   86   268  276  101  125  0.07 0.11 0.19 0.31
12 17:42:36 21  640   245  239   82   86   267  260  102  124  0.08 0.08 0.20 0.31
13 17:42:56 21  704   241  234   84   87   262  260  100  125  0.08 0.10 0.16 0.30
14 17:43:16 21  832   237  226   87   91   264  261  109  126  0.10 0.13 0.20 0.28
;            Ch1    Ch2    Ch3    Ch4      blue   green  brown
;  alpha:   0.142  0.154  0.496  0.675    -0.000 -0.000  0.220
; ETRmax:   839.9 3060.3  347.8  947.6       0.0    0.0  600.1
;     Ik:  5926.7 19869.1  700.9 1404.0       0.0    0.0 2731.6
;References: BL_US PMDA0174.REF2 GR_US PMDA0174.REF2 BR_US PMDA0174.REF2

;LTK 160m_04292016

29APR2016  17:46:27  Gain: 21  Zoff: 176 205 170 162
No   Time    G  PAR    F1   F2   F3   F4   Fm1  Fm2  Fm3  Fm4    Y1   Y2   Y3   Y4
 1 17:46:43 21   64   207  216   56   59   245  245   86  105  0.16 0.12 0.35 0.44

29APR2016  17:46:48  Gain: 21  Zoff: 176 205 170 162
No   Time    G  PAR    F1   F2   F3   F4   Fm1  Fm2  Fm3  Fm4    Y1   Y2   Y3   Y4
 1 17:46:49 21   64   209  215   58   62   237  242   87  107  0.12 0.11 0.33 0.42
 2 17:47:11 21   16   207  216   57   59   232  240   79   98  0.11 0.10 0.28 0.40
 3 17:47:31 21   64   203  210   55   58   232  240   79   96  0.13 0.13 0.30 0.40
 4 17:47:51 21  128   198  205   55   57   224  238   83   98  0.12 0.14 0.34 0.42
 5 17:48:12 21  192   197  202   56   59   219  235   78   95  0.10 0.14 0.28 0.38
 6 17:48:32 21  256   194  196   58   61   224  227   87  102  0.13 0.14 0.33 0.40
 7 17:48:52 21  320   191  191   57   61   216  224   78   97  0.12 0.15 0.27 0.37
 8 17:49:12 21  384   189  187   59   62   221  217   86   98  0.14 0.14 0.31 0.37
 9 17:49:33 21  448   185  182   59   62   209  209   78   98  0.11 0.13 0.24 0.37
10 17:49:53 21  512   182  177   59   63   205  210   88   98  0.11 0.16 0.33 0.36
11 17:50:13 21  576   178  171   60   64   201  195   87  102  0.11 0.12 0.31 0.37
12 17:50:33 21  640   176  168   60   64   196  201   82  102  0.10 0.16 0.27 0.37
13 17:50:54 21  704   174  164   61   65   196  186   90  105  0.11 0.12 0.32 0.38
14 17:51:14 21  832   171  158   63   67   197  182   85  107  0.13 0.13 0.26 0.37
;            Ch1    Ch2    Ch3    Ch4      blue   green  brown
;  alpha:   0.262  0.295  0.614  0.918    -0.000 -0.000  0.371
; ETRmax:   597.2  220.5  439.5 5485.4       0.0    0.0 1114.9
;     Ik:  2276.4  746.3  715.3 5976.2       0.0    0.0 3002.7
;References: BL_US PMDA0174.REF2 GR_US PMDA0174.REF2 BR_US PMDA0174.REF2

;LTK 170m_04292016

29APR2016  17:55:12  Gain: 21  Zoff: 176 205 170 162
No   Time    G  PAR    F1   F2   F3   F4   Fm1  Fm2  Fm3  Fm4    Y1   Y2   Y3   Y4
 1 17:55:26 21   64    66   70   12   12    94   96   41   56  0.30 0.27 ---- ----

29APR2016  17:55:32  Gain: 21  Zoff: 176 205 170 162
No   Time    G  PAR    F1   F2   F3   F4   Fm1  Fm2  Fm3  Fm4    Y1   Y2   Y3   Y4
 1 17:55:32 21   64    67   70   15   15   100  107   51   63  0.33 0.35 ---- ----
 2 17:55:54 21   16    66   71   14   13    95   97   41   51  0.31 0.27 ---- ----
 3 17:56:14 21   64    65   68   12   12   101   98   43   49  0.36 0.31 ---- ----
 4 17:56:34 21  128    65   68   14   14   100   97   36   59  0.35 0.30 ---- ----
 5 17:56:55 21  192    67   68   17   18    96   95   40   64  0.30 0.28 ---- ----
 6 17:57:15 21  256    68   66   20   20    96   99   44   69  0.29 0.33 ---- ----
 7 17:57:35 21  320    67   62   21   22    90   93   44   62  0.26 0.33 0.52 0.65
 8 17:57:56 21  384    66   60   23   23    92   86   45   64  0.28 0.30 0.49 0.64
 9 17:58:16 21  448    66   59   25   26    95   90   46   58  0.31 0.34 0.46 0.55
10 17:58:36 21  512    67   57   27   28    94   80   57   59  0.29 0.29 0.53 0.53
11 17:58:56 21  576    67   56   29   30    94   79   57   69  0.29 0.29 0.49 0.57
12 17:59:17 21  640    67   54   30   31    88   84   57   70  0.24 0.36 0.47 0.56
13 17:59:37 21  704    67   52   32   32    90   80   59   74  0.26 0.35 0.46 0.57
14 17:59:57 21  832    68   50   33   35    96   81   57   69  0.29 0.38 0.42 0.49
;            Ch1    Ch2    Ch3    Ch4      blue   green  brown
;  alpha:   0.740  0.677  1.272  1.678     2.106 -0.000  0.956
; ETRmax:  2163.8 498722.1 1582.1 2897.1    4279.2    0.0 1872.3
;     Ik:  2922.5 737037.1 1243.9 1726.8    2031.7    0.0 1958.4
;References: BL_US PMDA0174.REF2 GR_US PMDA0174.REF2 BR_US PMDA0174.REF2

;LTK 180m_04292016

29APR2016  18:03:52  Gain: 21  Zoff: 176 205 170 162
No   Time    G  PAR    F1   F2   F3   F4   Fm1  Fm2  Fm3  Fm4    Y1   Y2   Y3   Y4
 1 18:04:04 21   64    60   61    8    8    97   98   42   54  0.38 0.38 ---- ----

29APR2016  18:04:12  Gain: 21  Zoff: 176 205 170 162
No   Time    G  PAR    F1   F2   F3   F4   Fm1  Fm2  Fm3  Fm4    Y1   Y2   Y3   Y4
 1 18:04:12 21   64    61   60   10   10    88  103   35   50  0.31 0.42 ---- ----
 2 18:04:34 21   16    60   61    8    8    93   94   44   55  0.35 0.35 ---- ----
 3 18:04:54 21   64    60   61    8    8    95   91   35   44  0.37 0.33 ---- ----
 4 18:05:14 21  128    60   60   10   10    88   87   41   52  0.32 0.31 ---- ----
 5 18:05:35 21  192    61   59   12   12    88   91   40   60  0.31 0.35 ---- ----
 6 18:05:55 21  256    61   58   14   14    89   87   40   58  0.31 0.33 ---- ----
 7 18:06:15 21  320    63   56   15   16    86   83   47   62  0.27 0.33 ---- ----
 8 18:06:35 21  384    63   55   17   18    92   82   44   60  0.32 0.33 ---- ----
 9 18:06:56 21  448    63   54   19   20    90   83   44   60  0.30 0.35 ---- ----
10 18:07:16 21  512    63   52   21   22    90   75   48   58  0.30 0.31 0.56 0.62
11 18:07:36 21  576    64   50   22   23    82   76   44   58  0.22 0.34 0.50 0.60
12 18:07:57 21  640    64   50   24   26    88   75   51   65  0.27 0.33 0.53 0.60
13 18:08:17 21  704    64   49   25   27    89   80   49   61  0.28 0.39 0.49 0.56
14 18:08:37 21  832    66   47   28   31    95   79   50   70  0.31 0.41 0.44 0.56
;            Ch1    Ch2    Ch3    Ch4      blue   green  brown
;  alpha:   0.714  0.760  1.603  1.662    10.520  1.194  1.340
; ETRmax:  3493.5 331716.2  934.4 1707.1    1953.4 1757.6  636.8
;     Ik:  4892.6 436696.2  582.9 1027.2     185.7 1471.7  475.1
;References: BL_US PMDA0174.REF2 GR_US PMDA0174.REF2 BR_US PMDA0174.REF2

;LTK 190m_04292016

29APR2016  18:12:43  Gain: 21  Zoff: 176 205 170 162
No   Time    G  PAR    F1   F2   F3   F4   Fm1  Fm2  Fm3  Fm4    Y1   Y2   Y3   Y4
 1 18:12:55 21   64    58   63    9   11    89  103   37   52  0.35 0.39 ---- ----

29APR2016  18:13:13  Gain: 21  Zoff: 176 205 170 162
No   Time    G  PAR    F1   F2   F3   F4   Fm1  Fm2  Fm3  Fm4    Y1   Y2   Y3   Y4
 1 18:13:14 21   64    57   61   10   11    93   87   43   59  0.39 0.30 ---- ----
 2 18:13:36 21   16    56   62   10   11    88   94   35   58  0.36 0.34 ---- ----
 3 18:13:56 21   64    58   64   11   13    92   99   43   56  0.37 0.35 ---- ----
 4 18:14:16 21  128    61   65   13   15    92   91   37   54  0.34 0.29 ---- ----
 5 18:14:36 21  192    60   62   14   15    82   97   36   60  0.27 0.36 ---- ----
 6 18:14:57 21  256    59   59   14   16    87   88   42   61  0.32 0.33 ---- ----
 7 18:15:17 21  320    59   57   16   17    82   83   38   67  0.28 0.31 ---- ----
 8 18:15:37 21  384    60   56   17   19    92   83   44   63  0.35 0.33 ---- ----
 9 18:15:58 21  448    61   56   19   21    86   81   36   66  0.29 0.31 ---- 0.68
10 18:16:18 21  512    62   55   21   23    85   82   45   61  0.27 0.33 0.53 0.62
11 18:16:38 21  576    63   54   23   25    87   86   49   70  0.28 0.37 0.53 0.64
12 18:16:58 21  640    63   52   24   27    94   73   53   72  0.33 0.29 0.55 0.63
13 18:17:19 21  704    63   51   26   29    93   79   56   66  0.32 0.35 0.54 0.56
14 18:17:39 21  832    65   49   29   31    93   82   58   62  0.30 0.40 0.50 0.50
;            Ch1    Ch2    Ch3    Ch4      blue   green  brown
;  alpha:   0.781  0.671  0.704  2.126     2.236  9.814  1.026
; ETRmax:  2950.8 363371.7  337.3 1109.6    1644.3 1459.8 1911.4
;     Ik:  3776.6 541727.2  479.3  521.9     735.4  148.7 1863.0
;References: BL_US PMDA0174.REF2 GR_US PMDA0174.REF2 BR_US PMDA0174.REF2

;LTK 200m_04292016

29APR2016  18:21:34  Gain: 21  Zoff: 176 205 170 162
No   Time    G  PAR    F1   F2   F3   F4   Fm1  Fm2  Fm3  Fm4    Y1   Y2   Y3   Y4
 1 18:21:50 21   64    44   46    1    0    76   80   24   47  0.42 0.42 ---- ----

29APR2016  18:21:59  Gain: 21  Zoff: 176 205 170 162
No   Time    G  PAR    F1   F2   F3   F4   Fm1  Fm2  Fm3  Fm4    Y1   Y2   Y3   Y4
 1 18:22:00 21   64    45   45    3    2    78   74   30   44  0.42 0.39 ---- ----
 2 18:22:22 21   16    43   46    1    0    82   84   23   48  0.48 0.45 ---- ----
 3 18:22:42 21   64    44   46    2    1    73   79   31   47  0.40 0.42 ---- ----
 4 18:23:02 21  128    45   46    3    3    75   78   35   48  0.40 0.41 ---- ----
 5 18:23:22 21  192    46   45    5    4    73   82   29   44  0.37 0.45 ---- ----
 6 18:23:43 21  256    47   44    7    7    74   75   37   52  0.36 0.41 ---- ----
 7 18:24:03 21  320    48   43    9    9    71   75   36   50  0.32 0.43 ---- ----
 8 18:24:23 21  384    48   42   11   10    73   69   33   49  0.34 0.39 ---- ----
 9 18:24:44 21  448    48   41   13   12    76   68   40   48  0.37 0.40 ---- ----
10 18:25:04 21  512    50   40   14   14    75   67   37   54  0.33 0.40 ---- ----
11 18:25:24 21  576    50   40   16   16    78   71   44   58  0.36 0.44 ---- ----
12 18:25:44 21  640    51   38   18   18    80   67   40   53  0.36 0.43 ---- ----
13 18:26:05 21  704    51   37   19   20    70   67   43   60  0.27 0.45 ---- ----
14 18:26:25 21  832    54   36   23   24    84   61   54   63  0.36 0.41 0.57 0.62
;            Ch1    Ch2    Ch3    Ch4      blue   green  brown
;  alpha:   0.870  0.937  3.378  4.075    -0.000  2.284  1.226
; ETRmax:  2979.8 335295.2 1085.8 1193.6       0.0 1416.1 1177.9
;     Ik:  3423.5 357790.4  321.4  292.9       0.0  619.9  960.8
;References: BL_US PMDA0174.REF2 GR_US PMDA0174.REF2 BR_US PMDA0174.REF2

;LTK 80m_04292016



29APR2016  18:31:07  Gain: 21  Zoff: 176 205 170 162
No   Time    G  PAR    F1   F2   F3   F4   Fm1  Fm2  Fm3  Fm4    Y1   Y2   Y3   Y4
 1 18:31:32 21   64     5    7    0    1    32   41   27   52  ---- ---- ---- ----

29APR2016  18:31:49  Gain: 21  Zoff: 176 205 170 162
No   Time    G  PAR    F1   F2   F3   F4   Fm1  Fm2  Fm3  Fm4    Y1   Y2   Y3   Y4
 1 18:31:49 21   64     5    7    1    2    38   40   33   56  ---- ---- ---- ----
 2 18:32:11 21   16     5    8    1    2    43   41   33   51  ---- ---- ---- ----
 3 18:32:31 21   64     6    8    2    4    36   40   30   52  ---- ---- ---- ----
 4 18:32:51 21  128     7    6    3    3    39   37   26   45  ---- ---- ---- ----
 5 18:33:12 21  192     7    5    4    4    32   40   35   48  ---- ---- ---- ----
 6 18:33:32 21  256     8    5    6    7    36   34   32   52  ---- ---- ---- ----
 7 18:33:52 21  320    10    4    9   10    41   33   35   47  ---- ---- ---- ----
 8 18:34:13 21  384    11    3   11   12    40   37   36   51  ---- ---- ---- ----
 9 18:34:33 21  448    12    2   12   14    41   39   39   58  ---- ---- ---- ----
10 18:34:53 21  512    12    2   14   15    40   29   39   52  ---- ---- ---- ----
11 18:35:13 21  576    13    1   15   17    44   25   44   57  ---- ---- ---- ----
12 18:35:34 21  640    14    0   17   19    39   34   43   59  ---- ---- ---- ----
13 18:35:54 21  704    15   -1   19   21    45   30   47   67  ---- ---- ---- 0.69
14 18:36:14 21  832    18   -2   23   25    51   24   47   56  ---- ---- 0.51 0.55
;            Ch1    Ch2    Ch3    Ch4      blue   green  brown
;  alpha:  -0.000 -0.000  2.599  3.845     2.107  1.952  1.987
; ETRmax:     0.0    0.0  955.9 1096.5    2067.3 9646.2 2121.6
;     Ik:     0.0    0.0  367.8  285.2     981.2 4941.9 1067.6
;References: BL_US PMDA0174.REF2 GR_US PMDA0174.REF2 BR_US PMDA0174.REF2
