Gain: 20  Zoff: 156 187 121 124


;LTM 0m_11242016

24NOV2016  18:46:09  Gain: 20  Zoff: 156 187 121 124
No   Time    G  PAR    F1   F2   F3   F4   Fm1  Fm2  Fm3  Fm4    Y1   Y2   Y3   Y4
 1 18:53:18 20   64    73  114   59   66   128  182  105  130  0.43 0.37 0.44 0.49

24NOV2016  18:53:27  Gain: 20  Zoff: 156 187 121 124
No   Time    G  PAR    F1   F2   F3   F4   Fm1  Fm2  Fm3  Fm4    Y1   Y2   Y3   Y4
 1 18:53:27 20   64    75  115   61   68   126  181  109  128  0.40 0.36 0.44 0.47
 2 18:53:49 20   16    74  111   58   66   135  167  101  128  0.45 0.34 0.43 0.48
 3 18:54:09 20   64    80  120   62   70   139  193  112  138  0.42 0.38 0.45 0.49
 4 18:54:30 20  128    79  122   64   72   135  198  112  138  0.41 0.38 0.43 0.48
 5 18:54:50 20  192    78  123   63   72   123  194  109  132  0.37 0.37 0.42 0.45
 6 18:55:10 20  256    79  124   64   73   123  200  108  127  0.36 0.38 0.41 0.43
 7 18:55:31 20  320    79  125   66   75   121  195  107  129  0.35 0.36 0.38 0.42
 8 18:55:51 20  384    79  125   67   76   120  196  104  128  0.34 0.36 0.36 0.41
 9 18:56:11 20  448    81  126   69   78   119  185  110  132  0.32 0.32 0.37 0.41
10 18:56:31 20  512    82  128   72   82   126  189  115  132  0.35 0.32 0.37 0.38
11 18:56:52 20  576    83  128   73   83   119  189  114  127  0.30 0.32 0.36 0.35
12 18:57:12 20  640    83  128   74   84   116  187  108  132  0.28 0.32 0.31 0.36
13 18:57:32 20  704    83  129   76   86   120  189  116  135  0.31 0.32 0.34 0.36
14 18:57:53 20  832    85  131   80   90   116  184  115  130  0.27 0.29 0.30 0.31
;            Ch1    Ch2    Ch3    Ch4      blue   green  brown
;  alpha:   0.984  0.919  0.999  1.145     1.077 -0.000  0.986
; ETRmax:  1337.0 1015.7  757.2  887.6     872.7    0.0 1459.9
;     Ik:  1359.2 1104.7  758.2  774.9     810.0    0.0 1481.1
;References: BL_US PMDA0174.REF2 GR_US PMDA0174.REF2 BR_US PMDA0174.REF2

;LTM 20m_11242016

24NOV2016  19:00:41  Gain: 20  Zoff: 156 187 121 124
No   Time    G  PAR    F1   F2   F3   F4   Fm1  Fm2  Fm3  Fm4    Y1   Y2   Y3   Y4
 1 19:00:53 20   64   107  150   72   86   196  270  137  170  0.45 0.44 0.47 0.49

24NOV2016  19:00:58  Gain: 20  Zoff: 156 187 121 124
No   Time    G  PAR    F1   F2   F3   F4   Fm1  Fm2  Fm3  Fm4    Y1   Y2   Y3   Y4
 1 19:00:58 20   64   108  150   74   88   195  268  134  170  0.45 0.44 0.45 0.48
 2 19:01:20 20   16   104  143   71   83   226  255  149  180  0.54 0.44 0.52 0.54
 3 19:01:40 20   64   111  154   75   89   212  280  148  183  0.48 0.45 0.49 0.51
 4 19:02:01 20  128   111  157   75   90   196  282  141  173  0.43 0.44 0.47 0.48
 5 19:02:21 20  192   111  158   77   91   188  277  141  171  0.41 0.43 0.45 0.47
 6 19:02:41 20  256   113  160   79   94   182  267  135  167  0.38 0.40 0.41 0.44
 7 19:03:01 20  320   114  161   81   96   179  273  137  162  0.36 0.41 0.41 0.41
 8 19:03:22 20  384   114  162   83   98   173  266  140  164  0.34 0.39 0.41 0.40
 9 19:03:42 20  448   114  163   84   98   172  267  130  158  0.34 0.39 0.35 0.38
10 19:04:02 20  512   115  165   85  100   167  263  137  160  0.31 0.37 0.38 0.38
11 19:04:23 20  576   116  166   88  103   169  261  134  166  0.31 0.36 0.34 0.38
12 19:04:43 20  640   117  167   88  104   164  257  134  159  0.29 0.35 0.34 0.35
13 19:05:03 20  704   116  167   89  104   162  252  128  157  0.28 0.34 0.30 0.34
14 19:05:23 20  832   116  169   91  106   156  249  131  154  0.26 0.32 0.31 0.31
;            Ch1    Ch2    Ch3    Ch4      blue   green  brown
;  alpha:   1.127  1.040  1.167  1.492     1.113 -0.000  1.425
; ETRmax:   941.9  866.5  869.4  723.7    1077.8    0.0  710.1
;     Ik:   835.7  833.3  744.7  485.1     968.2    0.0  498.4
;References: BL_US PMDA0174.REF2 GR_US PMDA0174.REF2 BR_US PMDA0174.REF2

;LTM 40m_11242016

24NOV2016  19:07:45  Gain: 20  Zoff: 156 187 121 124
No   Time    G  PAR    F1   F2   F3   F4   Fm1  Fm2  Fm3  Fm4    Y1   Y2   Y3   Y4
 1 19:07:56 20   64   269  338  147  179   488  569  271  346  0.45 0.41 0.46 0.48

24NOV2016  19:08:02  Gain: 20  Zoff: 156 187 121 124
No   Time    G  PAR    F1   F2   F3   F4   Fm1  Fm2  Fm3  Fm4    Y1   Y2   Y3   Y4
 1 19:08:02 20   64   272  338  151  183   485  563  276  346  0.44 0.40 0.45 0.47
 2 19:08:24 20   16   232  306  131  158   484  566  273  346  0.52 0.46 0.52 0.54
 3 19:08:44 20   64   252  326  138  170   473  566  265  337  0.47 0.42 0.48 0.50
 4 19:09:04 20  128   265  339  148  181   468  561  262  341  0.43 0.40 0.44 0.47
 5 19:09:25 20  192   283  353  159  196   468  557  264  341  0.40 0.37 0.40 0.43
 6 19:09:45 20  256   291  360  164  202   450  546  258  327  0.35 0.34 0.36 0.38
 7 19:10:05 20  320   295  366  166  205   436  538  253  327  0.32 0.32 0.34 0.37
 8 19:10:25 20  384   303  374  172  212   436  525  246  320  0.31 0.29 0.30 0.34
 9 19:10:46 20  448   304  379  171  212   422  530  250  307  0.28 0.28 0.32 0.31
10 19:11:06 20  512   306  385  171  212   408  521  237  300  0.25 0.26 0.28 0.29
11 19:11:26 20  576   312  392  174  217   412  526  237  295  0.24 0.25 0.27 0.26
12 19:11:47 20  640   320  400  179  223   410  530  238  296  0.22 0.25 0.25 0.25
13 19:12:07 20  704   326  407  183  228   412  529  245  305  0.21 0.23 0.25 0.25
14 19:12:27 20  832   333  415  189  236   408  523  240  303  0.18 0.21 0.21 0.22
;            Ch1    Ch2    Ch3    Ch4      blue   green  brown
;  alpha:   1.173  1.050  1.191  1.238     1.062 -0.000  1.165
; ETRmax:   347.3  618.2  596.2  433.5     556.9    0.0  436.4
;     Ik:   296.2  588.6  500.7  350.2     524.4    0.0  374.6
;References: BL_US PMDA0174.REF2 GR_US PMDA0174.REF2 BR_US PMDA0174.REF2

;LTM 60m_11242016

24NOV2016  19:14:50  Gain: 20  Zoff: 156 187 121 124
No   Time    G  PAR    F1   F2   F3   F4   Fm1  Fm2  Fm3  Fm4    Y1   Y2   Y3   Y4
 1 19:15:02 20   64    84   96   50   63   156  165   97  131  0.46 0.42 0.48 0.52

24NOV2016  19:15:08  Gain: 20  Zoff: 156 187 121 124
No   Time    G  PAR    F1   F2   F3   F4   Fm1  Fm2  Fm3  Fm4    Y1   Y2   Y3   Y4
 1 19:15:09 20   64    85   94   52   65   161  164  100  138  0.47 0.43 0.48 0.53
 2 19:15:30 20   16    69   85   43   53   176  173  109  138  0.61 0.51 0.61 0.62
 3 19:15:51 20   64    72   87   45   56   149  162  101  131  0.52 0.46 0.55 0.57
 4 19:16:11 20  128    77   91   48   60   149  159   97  127  0.48 0.43 0.51 0.53
 5 19:16:31 20  192    89   99   53   67   153  165   94  130  0.42 0.40 0.44 0.48
 6 19:16:51 20  256    88   98   55   67   140  153   95  118  0.37 0.36 0.42 0.43
 7 19:17:12 20  320    84   95   53   66   132  144   90  120  0.36 0.34 0.41 0.45
 8 19:17:32 20  384    82   94   54   66   130  144   93  110  0.37 0.35 0.42 0.40
 9 19:17:52 20  448    83   96   56   68   123  148   89  119  0.33 0.35 0.37 0.43
10 19:18:13 20  512    88  100   60   72   125  150   90  117  0.30 0.33 0.33 0.38
11 19:18:33 20  576    93  102   63   76   132  144   98  120  0.30 0.29 0.36 0.37
12 19:18:53 20  640    96  104   65   78   137  144   98  120  0.30 0.28 0.34 0.35
13 19:19:13 20  704   100  106   67   80   138  154   94  122  0.28 0.31 0.29 0.34
14 19:19:34 20  832   103  108   69   83   140  142   93  121  0.26 0.24 0.26 0.31
;            Ch1    Ch2    Ch3    Ch4      blue   green  brown
;  alpha:   1.239  1.084  1.311  1.341     1.310 -0.000  1.202
; ETRmax:   553.2 1033.8  686.3 1231.5     622.7    0.0  805.5
;     Ik:   446.6  953.5  523.4  918.2     475.2    0.0  669.9
;References: BL_US PMDA0174.REF2 GR_US PMDA0174.REF2 BR_US PMDA0174.REF2

;LTM 80m_11242016

24NOV2016  19:21:49  Gain: 20  Zoff: 156 187 121 124
No   Time    G  PAR    F1   F2   F3   F4   Fm1  Fm2  Fm3  Fm4    Y1   Y2   Y3   Y4
 1 19:22:01 20   64    29   35   14   20    62   69   40   58  0.53 0.49 ---- ----

24NOV2016  19:22:06  Gain: 20  Zoff: 156 187 121 124
No   Time    G  PAR    F1   F2   F3   F4   Fm1  Fm2  Fm3  Fm4    Y1   Y2   Y3   Y4
 1 19:22:07 20   64    30   34   16   22    65   63   45   62  0.54 0.46 ---- 0.65
 2 19:22:29 20   16    31   36   16   22    74   77   48   66  0.58 0.53 ---- 0.67
 3 19:22:49 20   64    37   41   19   26    80   84   53   71  0.54 0.51 ---- 0.63
 4 19:23:09 20  128    40   43   21   28    68   81   52   69  0.41 0.47 0.60 0.59
 5 19:23:29 20  192    42   43   22   29    71   73   45   61  0.41 0.41 0.51 0.52
 6 19:23:50 20  256    37   38   21   28    66   68   51   66  0.44 0.44 0.59 0.58
 7 19:24:10 20  320    37   37   23   30    60   66   50   66  0.38 0.44 0.54 0.55
 8 19:24:30 20  384    39   39   25   32    64   69   47   70  0.39 0.43 0.47 0.54
 9 19:24:50 20  448    42   40   27   35    69   66   55   69  0.39 0.39 0.51 0.49
10 19:25:11 20  512    44   41   29   37    69   70   54   73  0.36 0.41 0.46 0.49
11 19:25:31 20  576    46   42   32   40    70   69   57   77  0.34 0.39 0.44 0.48
12 19:25:51 20  640    48   43   34   43    75   73   59   78  0.36 0.41 0.42 0.45
13 19:26:12 20  704    49   43   36   46    76   69   61   74  0.36 0.38 0.41 0.38
14 19:26:32 20  832    52   44   40   49    76   62   63   82  0.32 0.29 0.37 0.40
;            Ch1    Ch2    Ch3    Ch4      blue   green  brown
;  alpha:   1.109  1.113  1.367  1.453     1.602 -0.000  1.139
; ETRmax:   854.2  831.2  746.4 1026.8     748.7    0.0 1873.1
;     Ik:   770.2  746.5  546.0  706.6     467.4    0.0 1645.2
;References: BL_US PMDA0174.REF2 GR_US PMDA0174.REF2 BR_US PMDA0174.REF2

;LTM 100m_11242016

24NOV2016  19:29:16  Gain: 20  Zoff: 156 187 121 124
No   Time    G  PAR    F1   F2   F3   F4   Fm1  Fm2  Fm3  Fm4    Y1   Y2   Y3   Y4
 1 19:29:28 20   64    14   13    8   10    44   43   34   44  ---- ---- ---- ----

24NOV2016  19:29:34  Gain: 20  Zoff: 156 187 121 124
No   Time    G  PAR    F1   F2   F3   F4   Fm1  Fm2  Fm3  Fm4    Y1   Y2   Y3   Y4
 1 19:29:34 20   64    15   12    9   12    49   38   35   50  ---- ---- ---- ----
 2 19:29:56 20   16    14   13    8   11    43   44   40   51  ---- ---- ---- ----
 3 19:30:16 20   64    16   15    9   13    48   45   35   47  ---- ---- ---- ----
 4 19:30:37 20  128    19   17   11   15    46   43   33   51  ---- ---- ---- ----
 5 19:30:57 20  192    19   17   13   16    44   44   37   52  ---- ---- ---- ----
 6 19:31:17 20  256    22   18   15   19    51   41   41   57  0.57 ---- ---- ----
 7 19:31:37 20  320    26   19   18   22    54   45   41   58  0.52 ---- ---- 0.62
 8 19:31:58 20  384    27   20   20   25    52   43   45   57  0.48 ---- ---- 0.56
 9 19:32:18 20  448    28   20   21   26    47   45   45   55  0.40 ---- 0.53 0.53
10 19:32:38 20  512    29   19   23   28    52   41   45   58  0.44 ---- 0.49 0.52
11 19:32:59 20  576    29   19   24   29    51   44   48   58  0.43 ---- 0.50 0.50
12 19:33:19 20  640    30   19   25   31    54   40   53   64  0.44 ---- 0.53 0.52
13 19:33:39 20  704    31   19   27   33    54   41   45   63  0.43 ---- 0.40 0.48
14 19:33:59 20  832    34   19   30   36    52   44   53   65  0.35 ---- 0.43 0.45
;            Ch1    Ch2    Ch3    Ch4      blue   green  brown
;  alpha:   1.523 -0.000  1.571  1.707     1.741  2.111  1.229
; ETRmax:   939.3    0.0 1054.0 2002.9    1814.1 1150.9 1636159.
;     Ik:   616.8    0.0  671.1 1173.4    1041.9  545.3 1330801.
;References: BL_US PMDA0174.REF2 GR_US PMDA0174.REF2 BR_US PMDA0174.REF2

;LTM 110m_11242016

24NOV2016  19:36:35  Gain: 20  Zoff: 156 187 121 124
No   Time    G  PAR    F1   F2   F3   F4   Fm1  Fm2  Fm3  Fm4    Y1   Y2   Y3   Y4
 1 19:36:46 20   64    10    7    6    7    36   38   29   45  ---- ---- ---- ----

24NOV2016  19:36:53  Gain: 20  Zoff: 156 187 121 124
No   Time    G  PAR    F1   F2   F3   F4   Fm1  Fm2  Fm3  Fm4    Y1   Y2   Y3   Y4
 1 19:36:54 20   64    11    7    8    9    36   37   29   46  ---- ---- ---- ----
 2 19:37:15 20   16     8    6    5    6    36   33   32   41  ---- ---- ---- ----
 3 19:37:36 20   64     9    7    6    7    37   36   35   38  ---- ---- ---- ----
 4 19:37:56 20  128    12    8    8    9    43   37   36   46  ---- ---- ---- ----
 5 19:38:16 20  192    16   10   10   12    45   38   37   50  ---- ---- ---- ----
 6 19:38:36 20  256    14    8   11   13    39   38   36   47  ---- ---- ---- ----
 7 19:38:57 20  320    15    8   12   14    37   39   31   49  ---- ---- ---- ----
 8 19:39:17 20  384    16    8   14   16    36   36   39   50  ---- ---- ---- ----
 9 19:39:37 20  448    18    8   16   18    38   38   39   43  ---- ---- ---- ----
10 19:39:57 20  512    19    8   18   20    40   35   42   55  ---- ---- ---- ----
11 19:40:18 20  576    20    8   19   22    38   36   45   51  ---- ---- ---- 0.57
12 19:40:38 20  640    22    8   21   24    44   35   43   53  0.50 ---- 0.51 0.55
13 19:40:58 20  704    23    8   23   25    47   29   45   58  0.51 ---- 0.49 0.57
14 19:41:19 20  832    24    8   25   28    45   35   46   58  0.47 ---- 0.46 0.52
;            Ch1    Ch2    Ch3    Ch4      blue   green  brown
;  alpha:   1.349 -0.000  1.438  1.538     2.413  1.798 22.216
; ETRmax:  1195.4    0.0  986.4 1805.3     828.6 2918.3  413.3
;     Ik:   886.2    0.0  686.1 1173.6     343.4 1623.1   18.6
;References: BL_US PMDA0174.REF2 GR_US PMDA0174.REF2 BR_US PMDA0174.REF2

;LTM 120m_11242016

24NOV2016  19:43:32  Gain: 20  Zoff: 156 187 121 124
No   Time    G  PAR    F1   F2   F3   F4   Fm1  Fm2  Fm3  Fm4    Y1   Y2   Y3   Y4
 1 19:43:43 20   64     9    4    6    7    41   31   28   46  ---- ---- ---- ----

24NOV2016  19:43:49  Gain: 20  Zoff: 156 187 121 124
No   Time    G  PAR    F1   F2   F3   F4   Fm1  Fm2  Fm3  Fm4    Y1   Y2   Y3   Y4
 1 19:43:49 20   64     9    3    7    8    39   37   37   44  ---- ---- ---- ----
 2 19:44:11 20   16     6    3    5    6    37   35   33   46  ---- ---- ---- ----
 3 19:44:31 20   64     9    4    7    7    35   34   37   40  ---- ---- ---- ----
 4 19:44:51 20  128    10    5    8    8    38   37   31   42  ---- ---- ---- ----
 5 19:45:12 20  192    10    5    9   10    36   30   34   47  ---- ---- ---- ----
 6 19:45:32 20  256    11    4   11   12    39   29   37   50  ---- ---- ---- ----
 7 19:45:52 20  320    12    4   12   14    36   35   37   49  ---- ---- ---- ----
 8 19:46:12 20  384    14    4   14   15    41   29   39   51  ---- ---- ---- ----
 9 19:46:33 20  448    14    2   15   16    36   29   37   50  ---- ---- ---- ----
10 19:46:53 20  512    13    0   15   16    36   29   39   45  ---- ---- ---- ----
11 19:47:13 20  576    13   -1   16   17    40   22   37   50  ---- ---- ---- ----
12 19:47:34 20  640    14   -1   17   18    37   24   37   50  ---- ---- ---- ----
13 19:47:54 20  704    15   -1   19   20    40   21   43   56  ---- ---- ---- ----
14 19:48:14 20  832    17   -2   22   24    38   19   43   53  ---- ---- 0.49 0.55
;            Ch1    Ch2    Ch3    Ch4      blue   green  brown
;  alpha:  -0.000 -0.000  2.427  3.064     2.143  1.772 -0.000
; ETRmax:     0.0    0.0  914.6 1029.0    1588.8 2753.8    0.0
;     Ik:     0.0    0.0  376.9  335.9     741.5 1554.3    0.0
;References: BL_US PMDA0174.REF2 GR_US PMDA0174.REF2 BR_US PMDA0174.REF2

;LTM 130m_11242016

24NOV2016  19:50:22  Gain: 20  Zoff: 156 187 121 124
No   Time    G  PAR    F1   F2   F3   F4   Fm1  Fm2  Fm3  Fm4    Y1   Y2   Y3   Y4
 1 19:50:34 20   64    23   18    9    8    51   46   37   46  0.55 ---- ---- ----

24NOV2016  19:50:40  Gain: 20  Zoff: 156 187 121 124
No   Time    G  PAR    F1   F2   F3   F4   Fm1  Fm2  Fm3  Fm4    Y1   Y2   Y3   Y4
 1 19:50:40 20   64    24   17   10   10    54   45   37   44  0.56 ---- ---- ----
 2 19:51:02 20   16    23   18    9    8    51   45   34   42  0.55 ---- ---- ----
 3 19:51:22 20   64    24   18    9    9    48   45   36   47  0.50 ---- ---- ----
 4 19:51:43 20  128    24   18   11   10    52   48   37   48  0.54 ---- ---- ----
 5 19:52:03 20  192    25   18   12   12    54   50   40   46  0.54 ---- ---- ----
 6 19:52:23 20  256    27   18   14   14    50   45   37   48  0.46 ---- ---- ----
 7 19:52:44 20  320    27   17   15   15    47   43   43   50  0.43 ---- ---- ----
 8 19:53:04 20  384    28   17   16   16    50   41   37   50  0.44 ---- ---- ----
 9 19:53:24 20  448    28   16   18   18    52   39   38   50  0.46 ---- ---- ----
10 19:53:44 20  512    29   16   19   19    52   39   44   55  0.44 ---- ---- ----
11 19:54:05 20  576    30   15   20   20    53   34   42   55  0.43 ---- ---- ----
12 19:54:25 20  640    30   15   22   22    51   38   45   56  0.41 ---- 0.51 0.61
13 19:54:45 20  704    31   14   23   23    54   44   45   55  0.43 ---- 0.49 0.58
14 19:55:05 20  832    32   13   26   26    52   39   45   56  0.38 ---- 0.42 0.54
;            Ch1    Ch2    Ch3    Ch4      blue   green  brown
;  alpha:   1.256 -0.000  1.775  1.683     2.442  0.681  1.173
; ETRmax:  1354.1    0.0  804.6 1097.3    1976.6 8121.1  745.6
;     Ik:  1078.3    0.0  453.2  652.1     809.4 11925.6  635.8
;References: BL_US PMDA0174.REF2 GR_US PMDA0174.REF2 BR_US PMDA0174.REF2

;LTM 140m_11242016

24NOV2016  19:57:04  Gain: 20  Zoff: 156 187 121 124
No   Time    G  PAR    F1   F2   F3   F4   Fm1  Fm2  Fm3  Fm4    Y1   Y2   Y3   Y4
 1 19:57:18 20   64    17   12    5    6    45   37   36   43  ---- ---- ---- ----

24NOV2016  19:57:23  Gain: 20  Zoff: 156 187 121 124
No   Time    G  PAR    F1   F2   F3   F4   Fm1  Fm2  Fm3  Fm4    Y1   Y2   Y3   Y4
 1 19:57:24 20   64    18   11    7    8    48   40   34   48  ---- ---- ---- ----
 2 19:57:46 20   16    16   10    6    6    43   37   30   42  ---- ---- ---- ----
 3 19:58:06 20   64    16   10    6    6    44   37   30   44  ---- ---- ---- ----
 4 19:58:26 20  128    16   10    7    7    44   37   37   36  ---- ---- ---- ----
 5 19:58:46 20  192    17   10    8    8    44   33   34   36  ---- ---- ---- ----
 6 19:59:07 20  256    19   10   10   10    51   35   34   44  ---- ---- ---- ----
 7 19:59:27 20  320    20   10   12   12    44   37   41   45  ---- ---- ---- ----
 8 19:59:47 20  384    21    9   13   13    44   34   31   45  0.52 ---- ---- ----
 9 20:00:07 20  448    21    9   14   15    46   36   38   46  0.54 ---- ---- ----
10 20:00:28 20  512    21    8   15   16    42   34   37   47  0.50 ---- ---- ----
11 20:00:48 20  576    22    7   17   17    48   36   37   50  0.54 ---- ---- ----
12 20:01:08 20  640    23    7   18   19    52   33   41   50  0.56 ---- ---- ----
13 20:01:29 20  704    23    6   19   20    47   25   42   46  0.51 ---- ---- ----
14 20:01:49 20  832    25    5   22   23    49   29   44   55  0.49 ---- 0.50 0.58
;            Ch1    Ch2    Ch3    Ch4      blue   green  brown
;  alpha:   1.226 -0.000  2.572  3.479     5.835  1.849 26.140
; ETRmax:  2046.9    0.0  936.0 1102.9    1101.6 2919.8  827.9
;     Ik:  1669.3    0.0  363.9  317.0     188.8 1579.1   31.7
;References: BL_US PMDA0174.REF2 GR_US PMDA0174.REF2 BR_US PMDA0174.REF2

;LTM 150m_11242016

24NOV2016  20:03:38  Gain: 20  Zoff: 156 187 121 124
No   Time    G  PAR    F1   F2   F3   F4   Fm1  Fm2  Fm3  Fm4    Y1   Y2   Y3   Y4
 1 20:03:50 20   64    37   30   10    9    61   53   38   49  0.39 0.43 ---- ----

24NOV2016  20:03:55  Gain: 20  Zoff: 156 187 121 124
No   Time    G  PAR    F1   F2   F3   F4   Fm1  Fm2  Fm3  Fm4    Y1   Y2   Y3   Y4
 1 20:03:56 20   64    38   29   12   11    61   55   38   47  0.38 0.47 ---- ----
 2 20:04:17 20   16    36   30   11   10    62   56   37   44  0.42 0.46 ---- ----
 3 20:04:38 20   64    36   29   11   10    60   60   33   45  0.40 0.52 ---- ----
 4 20:04:58 20  128    37   29   12   11    65   50   31   45  0.43 0.42 ---- ----
 5 20:05:18 20  192    37   28   13   12    60   52   37   48  0.38 0.46 ---- ----
 6 20:05:38 20  256    38   28   14   13    61   48   34   49  0.38 0.42 ---- ----
 7 20:05:59 20  320    38   27   16   14    63   48   41   49  0.40 0.44 ---- ----
 8 20:06:19 20  384    39   26   17   16    67   49   40   44  0.42 0.47 ---- ----
 9 20:06:39 20  448    39   25   18   17    59   48   43   49  0.34 0.48 ---- ----
10 20:06:59 20  512    39   24   20   18    66   50   43   48  0.41 0.52 ---- ----
11 20:07:20 20  576    39   23   21   20    65   47   40   53  0.40 0.51 0.47 ----
12 20:07:40 20  640    39   22   22   21    60   44   45   50  0.35 0.50 0.51 0.58
13 20:08:00 20  704    39   21   23   22    61   41   45   55  0.36 0.49 0.49 0.60
14 20:08:21 20  832    40   20   25   24    66   41   45   58  0.39 ---- 0.44 0.59
;            Ch1    Ch2    Ch3    Ch4      blue   green  brown
;  alpha:   0.876  0.857  1.367  1.303     2.916  2.287  1.032
; ETRmax:  2273.0  594.9 1515.3 12145.5    1350.6  675.2 1107.4
;     Ik:  2595.8  694.1 1108.7 9319.8     463.2  295.3 1073.5
;References: BL_US PMDA0174.REF2 GR_US PMDA0174.REF2 BR_US PMDA0174.REF2

;LTM 160m_11242016

24NOV2016  20:12:20  Gain: 20  Zoff: 156 187 121 124
No   Time    G  PAR    F1   F2   F3   F4   Fm1  Fm2  Fm3  Fm4    Y1   Y2   Y3   Y4
 1 20:12:34 20   64   156  156   46   45   180  180   70   82  0.13 0.13 0.34 0.45

24NOV2016  20:12:39  Gain: 20  Zoff: 156 187 121 124
No   Time    G  PAR    F1   F2   F3   F4   Fm1  Fm2  Fm3  Fm4    Y1   Y2   Y3   Y4
 1 20:12:39 20   64   157  155   47   46   176  181   77   82  0.11 0.14 0.39 0.44
 2 20:13:01 20   16   155  155   46   45   186  181   67   82  0.17 0.14 0.31 0.45
 3 20:13:21 20   64   156  156   46   45   179  185   69   79  0.13 0.16 0.33 0.43
 4 20:13:41 20  128   156  155   47   46   181  184   76   79  0.14 0.16 0.38 0.42
 5 20:14:01 20  192   155  153   48   47   182  183   69   80  0.15 0.16 0.30 0.41
 6 20:14:22 20  256   153  150   49   48   180  173   71   80  0.15 0.13 0.31 0.40
 7 20:14:42 20  320   152  148   50   49   178  171   72   81  0.15 0.13 0.31 0.40
 8 20:15:02 20  384   152  146   51   50   171  172   77   85  0.11 0.15 0.34 0.41
 9 20:15:23 20  448   151  145   52   51   177  163   72   82  0.15 0.11 0.28 0.38
10 20:15:43 20  512   151  142   53   52   170  170   77   87  0.11 0.16 0.31 0.40
11 20:16:03 20  576   150  140   54   53   172  161   77   85  0.13 0.13 0.30 0.38
12 20:16:23 20  640   149  138   54   54   172  157   82   82  0.13 0.12 0.34 0.34
13 20:16:44 20  704   148  136   55   55   172  157   76   83  0.14 0.13 0.28 0.34
14 20:17:04 20  832   148  133   57   57   169  157   80   84  0.12 0.15 0.29 0.32
;            Ch1    Ch2    Ch3    Ch4      blue   green  brown
;  alpha:   0.331  0.329  0.830  0.979     4.549 -0.000  0.466
; ETRmax:  1178.4 3185.7 2116.7  858.2    1253.0    0.0  482.7
;     Ik:  3556.3 9671.3 2551.3  876.3     275.5    0.0 1036.0
;References: BL_US PMDA0174.REF2 GR_US PMDA0174.REF2 BR_US PMDA0174.REF2

;LTM 170m_11242016

24NOV2016  20:19:29  Gain: 20  Zoff: 156 187 121 124
No   Time    G  PAR    F1   F2   F3   F4   Fm1  Fm2  Fm3  Fm4    Y1   Y2   Y3   Y4
 1 20:19:41 20   64   107  105   33   32   131  132   54   67  0.18 0.20 0.39 0.52

24NOV2016  20:19:46  Gain: 20  Zoff: 156 187 121 124
No   Time    G  PAR    F1   F2   F3   F4   Fm1  Fm2  Fm3  Fm4    Y1   Y2   Y3   Y4
 1 20:19:46 20   64   108  104   34   34   133  130   62   69  0.19 0.20 0.45 0.51
 2 20:20:08 20   16   106  106   34   32   133  129   60   72  0.20 0.18 0.43 0.56
 3 20:20:28 20   64   107  105   34   32   132  132   59   68  0.19 0.20 0.42 0.53
 4 20:20:48 20  128   107  104   35   34   135  133   61   66  0.21 0.22 0.43 0.48
 5 20:21:09 20  192   107  104   36   35   136  133   56   74  0.21 0.22 0.36 0.53
 6 20:21:29 20  256   107  102   37   36   129  124   61   72  0.17 0.18 0.39 0.50
 7 20:21:49 20  320   106  100   39   38   127  120   59   67  0.17 0.17 0.34 0.43
 8 20:22:09 20  384   106   98   39   38   131  119   65   68  0.19 0.18 0.40 0.44
 9 20:22:30 20  448   107   97   41   40   130  120   63   70  0.18 0.19 0.35 0.43
10 20:22:50 20  512   107   97   42   41   130  125   64   75  0.18 0.22 0.34 0.45
11 20:23:10 20  576   107   95   43   42   133  118   70   71  0.20 0.19 0.39 0.41
12 20:23:31 20  640   107   94   44   43   128  112   67   75  0.16 0.16 0.34 0.43
13 20:23:51 20  704   107   93   45   44   127  110   69   73  0.16 0.15 0.35 0.40
14 20:24:11 20  832   107   91   47   47   125  116   67   75  0.14 0.22 0.30 0.37
;            Ch1    Ch2    Ch3    Ch4      blue   green  brown
;  alpha:   0.468  0.430  0.982  1.222     1.120 -0.000  0.548
; ETRmax:   451.0 11187.0 2177.4 2346.0     455.1    0.0  220.4
;     Ik:   964.2 26013.1 2217.9 1920.2     406.5    0.0  402.5
;References: BL_US PMDA0174.REF2 GR_US PMDA0174.REF2 BR_US PMDA0174.REF2

;LTM 180m_11242016

24NOV2016  20:26:32  Gain: 20  Zoff: 156 187 121 124
No   Time    G  PAR    F1   F2   F3   F4   Fm1  Fm2  Fm3  Fm4    Y1   Y2   Y3   Y4
 1 20:26:42 20   64    37   33   12   11    64   61   38   49  0.42 0.46 ---- ----

24NOV2016  20:26:48  Gain: 20  Zoff: 156 187 121 124
No   Time    G  PAR    F1   F2   F3   F4   Fm1  Fm2  Fm3  Fm4    Y1   Y2   Y3   Y4
 1 20:26:48 20   64    38   32   14   13    65   62   41   48  0.42 0.48 ---- ----
 2 20:27:10 20   16    38   33   14   11    65   62   39   45  0.42 0.47 ---- ----
 3 20:27:30 20   64    38   34   13   11    65   62   37   49  0.42 0.45 ---- ----
 4 20:27:50 20  128    38   33   14   12    66   57   39   46  0.42 0.42 ---- ----
 5 20:28:11 20  192    38   32   15   14    65   58   39   44  0.42 0.45 ---- ----
 6 20:28:31 20  256    38   31   17   15    62   55   42   55  0.39 0.44 ---- ----
 7 20:28:51 20  320    39   30   18   16    62   58   44   53  0.37 0.48 ---- ----
 8 20:29:12 20  384    40   30   19   18    66   58   46   50  0.39 0.48 ---- ----
 9 20:29:32 20  448    40   29   21   19    60   53   45   47  0.33 0.45 0.53 ----
10 20:29:52 20  512    41   29   22   20    62   53   48   54  0.34 0.45 0.54 ----
11 20:30:12 20  576    41   28   23   22    67   53   44   51  0.39 0.47 0.48 0.57
12 20:30:33 20  640    42   27   24   23    67   48   45   58  0.37 0.44 0.47 0.60
13 20:30:53 20  704    42   26   26   25    60   48   46   58  0.30 0.46 0.43 0.57
14 20:31:13 20  832    43   26   29   28    63   49   47   58  0.32 0.47 0.38 0.52
;            Ch1    Ch2    Ch3    Ch4      blue   green  brown
;  alpha:   0.978  1.249  1.777  0.470     1.984  2.091  1.035
; ETRmax:  1149.4 1294.5  760.6  190.0    1314.0  653.0 3557393.
;     Ik:  1175.4 1036.7  428.0  404.6     662.4  312.3 3436960.
;References: BL_US PMDA0174.REF2 GR_US PMDA0174.REF2 BR_US PMDA0174.REF2

;LTM 190m_11242016

24NOV2016  20:34:10  Gain: 20  Zoff: 156 187 121 124
No   Time    G  PAR    F1   F2   F3   F4   Fm1  Fm2  Fm3  Fm4    Y1   Y2   Y3   Y4
 1 20:34:21 20   64   126  129   36   34   148  155   61   74  0.15 0.17 0.41 0.54

24NOV2016  20:34:29  Gain: 20  Zoff: 156 187 121 124
No   Time    G  PAR    F1   F2   F3   F4   Fm1  Fm2  Fm3  Fm4    Y1   Y2   Y3   Y4
 1 20:34:29 20   64   127  128   38   36   151  155   61   75  0.16 0.17 0.38 0.52
 2 20:34:51 20   16   125  128   37   34   148  155   66   67  0.16 0.17 0.44 0.49
 3 20:35:11 20   64   124  127   36   34   149  149   61   68  0.17 0.15 0.41 0.50
 4 20:35:32 20  128   123  125   37   35   148  146   61   67  0.17 0.14 0.39 0.48
 5 20:35:52 20  192   122  123   38   36   147  148   65   71  0.17 0.17 0.42 0.49
 6 20:36:12 20  256   122  122   39   37   142  143   64   70  0.14 0.15 0.39 0.47
 7 20:36:33 20  320   121  120   41   38   144  142   64   66  0.16 0.15 0.36 0.42
 8 20:36:53 20  384   121  118   41   39   147  146   61   75  0.18 0.19 0.33 0.48
 9 20:37:13 20  448   120  116   42   40   141  138   61   76  0.15 0.16 0.31 0.47
10 20:37:33 20  512   120  114   43   41   141  141   70   69  0.15 0.19 0.39 0.41
11 20:37:54 20  576   118  112   44   42   147  136   69   72  0.20 0.18 0.36 0.42
12 20:38:14 20  640   118  110   45   44   143  136   67   76  0.17 0.19 0.33 0.42
13 20:38:34 20  704   118  109   46   45   138  137   66   74  0.14 0.20 0.30 0.39
14 20:38:55 20  832   118  106   48   47   136  133   69   74  0.13 0.20 0.30 0.36
;            Ch1    Ch2    Ch3    Ch4      blue   green  brown
;  alpha:   0.373  0.345  0.950  1.149     2.191 -0.000  0.473
; ETRmax:   699.2 2693.5 1031.2  907.0    1219.0    0.0  264.9
;     Ik:  1875.8 7805.8 1085.5  789.2     556.4    0.0  560.4
;References: BL_US PMDA0174.REF2 GR_US PMDA0174.REF2 BR_US PMDA0174.REF2

;LTM 200m_11242016

24NOV2016  20:41:46  Gain: 20  Zoff: 156 187 121 124
No   Time    G  PAR    F1   F2   F3   F4   Fm1  Fm2  Fm3  Fm4    Y1   Y2   Y3   Y4
 1 20:41:56 20   64    68   71   19   16    92   93   45   55  0.26 0.24 ---- ----

24NOV2016  20:42:02  Gain: 20  Zoff: 156 187 121 124
No   Time    G  PAR    F1   F2   F3   F4   Fm1  Fm2  Fm3  Fm4    Y1   Y2   Y3   Y4
 1 20:42:02 20   64    68   70   21   18    91   93   44   47  0.25 0.25 0.52 ----
 2 20:42:24 20   16    66   69   20   16    90   93   43   52  0.27 0.26 ---- ----
 3 20:42:44 20   64    67   69   20   16    92   95   45   51  0.27 0.27 ---- ----
 4 20:43:05 20  128    68   70   21   18    92   95   50   50  0.26 0.26 0.58 ----
 5 20:43:25 20  192    69   69   23   19    92   93   45   56  0.25 0.26 0.49 ----
 6 20:43:45 20  256    70   69   24   21    93   90   51   51  0.25 0.23 0.53 0.59
 7 20:44:06 20  320    71   68   26   23    94   93   51   58  0.24 0.27 0.49 0.60
 8 20:44:26 20  384    72   67   27   25    94   93   51   58  0.23 0.28 0.47 0.57
 9 20:44:46 20  448    71   66   28   26    95   91   54   54  0.25 0.27 0.48 0.52
10 20:45:06 20  512    70   63   29   26    94   92   49   58  0.26 0.32 0.41 0.55
11 20:45:27 20  576    69   61   29   27    96   83   49   59  0.28 0.27 0.41 0.54
12 20:45:47 20  640    69   60   31   28    92   83   58   58  0.25 0.28 0.47 0.52
13 20:46:07 20  704    68   58   32   30    86   85   57   58  0.21 0.32 0.44 0.48
14 20:46:28 20  832    69   57   34   32    90   77   53   62  0.23 0.26 0.36 0.48
;            Ch1    Ch2    Ch3    Ch4      blue   green  brown
;  alpha:   0.550  0.506  1.174  1.505     2.206 -0.000  0.752
; ETRmax:   465.6  323.9  821.7 1984.1    1222.9    0.0  411.5
;     Ik:   847.0  640.8  699.8 1318.2     554.3    0.0  547.2
;References: BL_US PMDA0174.REF2 GR_US PMDA0174.REF2 BR_US PMDA0174.REF2