Gain: 20  Zoff: 183 212 124 128
;LTK 0m_07132017
31JUL2017  14:18:31  Gain: 20  Zoff: 183 212 124 128
No   Time    G  PAR    F1   F2   F3   F4   Fm1  Fm2  Fm3  Fm4    Y1   Y2   Y3   Y4
 1 14:26:17 20   64   149  220   98  112   325  424  216  255  0.54 0.48 0.55 0.56

31JUL2017  14:26:20  Gain: 20  Zoff: 183 212 124 128
No   Time    G  PAR    F1   F2   F3   F4   Fm1  Fm2  Fm3  Fm4    Y1   Y2   Y3   Y4
 1 14:26:21 20   64   152  222  101  115   314  414  217  253  0.52 0.46 0.53 0.55
 2 14:26:43 20   16   140  203   92  105   332  382  209  254  0.58 0.47 0.56 0.59
 3 14:27:03 20   64   149  218   99  113   313  422  210  261  0.52 0.48 0.53 0.57
 4 14:27:23 20  128   152  222  101  116   303  417  209  246  0.50 0.47 0.52 0.53
 5 14:27:43 20  192   150  221  101  116   285  396  194  237  0.47 0.44 0.48 0.51
 6 14:28:04 20  256   150  223  101  116   268  389  184  220  0.44 0.43 0.45 0.47
 7 14:28:24 20  320   152  224  103  119   266  386  175  224  0.43 0.42 0.41 0.47
 8 14:28:44 20  384   153  226  105  122   266  378  179  220  0.42 0.40 0.41 0.45
 9 14:29:05 20  448   156  229  107  124   259  374  178  220  0.40 0.39 0.40 0.44
10 14:29:25 20  512   159  230  110  127   249  368  172  210  0.36 0.38 0.36 0.40
11 14:29:45 20  576   158  231  110  128   249  366  172  206  0.37 0.37 0.36 0.38
12 14:30:05 20  640   158  232  112  129   233  362  172  201  0.32 0.36 0.35 0.36
13 14:30:26 20  704   155  230  110  128   225  342  163  203  0.31 0.33 0.33 0.37
14 14:30:46 20  832   152  231  111  127   213  346  160  191  0.29 0.33 0.31 0.34
;            Ch1    Ch2    Ch3    Ch4      blue   green  brown
;  alpha:   1.500  1.131  1.287  1.342     1.242 -0.000  1.226
; ETRmax:   770.6 1711.6 1220.9  949.6     849.6    0.0  808.0
;     Ik:   513.8 1512.9  948.5  707.6     684.2    0.0  659.0
;References: BL_US PMDA0174.REF2 GR_US PMDA0174.REF2 BR_US PMDA0174.REF2

;LTK 10m_07132017

31JUL2017  14:33:05  Gain: 20  Zoff: 183 212 124 128
No   Time    G  PAR    F1   F2   F3   F4   Fm1  Fm2  Fm3  Fm4    Y1   Y2   Y3   Y4
 1 14:33:23 20   64   124  204   87  100   318  455  218  261  0.61 0.55 0.60 0.62

31JUL2017  14:33:29  Gain: 20  Zoff: 183 212 124 128
No   Time    G  PAR    F1   F2   F3   F4   Fm1  Fm2  Fm3  Fm4    Y1   Y2   Y3   Y4
 1 14:33:29 20   64   128  206   90  103   309  435  213  254  0.59 0.53 0.58 0.59
 2 14:33:51 20   16   106  185   77   87   314  399  202  252  0.66 0.54 0.62 0.65
 3 14:34:11 20   64   111  195   80   91   297  437  205  252  0.63 0.55 0.61 0.64
 4 14:34:32 20  128   123  204   87  100   291  437  197  249  0.58 0.53 0.56 0.60
 5 14:34:52 20  192   118  203   85   98   266  424  191  224  0.56 0.52 0.55 0.56
 6 14:35:12 20  256   120  205   88  101   258  407  184  225  0.53 0.50 0.52 0.55
 7 14:35:32 20  320   129  212   94  109   257  407  184  220  0.50 0.48 0.49 0.50
 8 14:35:53 20  384   135  215   99  114   252  402  186  226  0.46 0.47 0.47 0.50
 9 14:36:13 20  448   129  214   96  111   229  386  170  207  0.44 0.45 0.44 0.46
10 14:36:33 20  512   128  215   96  111   222  386  169  195  0.42 0.44 0.43 0.43
11 14:36:53 20  576   132  219  100  116   225  380  170  202  0.41 0.42 0.41 0.43
12 14:37:14 20  640   139  225  105  122   231  384  170  206  0.40 0.41 0.38 0.41
13 14:37:34 20  704   140  227  108  124   220  372  173  205  0.36 0.39 0.38 0.40
14 14:37:54 20  832   139  228  109  125   209  365  165  196  0.33 0.38 0.34 0.36
;            Ch1    Ch2    Ch3    Ch4      blue   green  brown
;  alpha:   1.490  1.295  1.438  1.534     1.364 -0.000  1.444
; ETRmax:   781.9 1150.8  793.9 1265.2     624.8    0.0 1500.9
;     Ik:   524.8  888.4  552.2  824.7     458.0    0.0 1039.2
;References: BL_US PMDA0174.REF2 GR_US PMDA0174.REF2 BR_US PMDA0174.REF2

;LTK 20m_07132017

31JUL2017  14:40:50  Gain: 20  Zoff: 183 212 124 128
No   Time    G  PAR    F1   F2   F3   F4   Fm1  Fm2  Fm3  Fm4    Y1   Y2   Y3   Y4
 1 14:41:01 20   64   158  218  104  118   390  476  254  304  0.59 0.54 0.59 0.61

31JUL2017  14:41:05  Gain: 20  Zoff: 183 212 124 128
No   Time    G  PAR    F1   F2   F3   F4   Fm1  Fm2  Fm3  Fm4    Y1   Y2   Y3   Y4
 1 14:41:05 20   64   162  221  106  121   376  464  256  302  0.57 0.52 0.59 0.60
 2 14:41:27 20   16   155  204  104  119   388  406  249  314  0.60 0.50 0.58 0.62
 3 14:41:47 20   64   152  213  101  115   375  466  246  299  0.59 0.54 0.59 0.62
 4 14:42:07 20  128   151  216  103  117   360  457  236  293  0.58 0.53 0.56 0.60
 5 14:42:28 20  192   159  222  107  123   349  464  234  286  0.54 0.52 0.54 0.57
 6 14:42:48 20  256   172  231  118  136   351  450  239  292  0.51 0.49 0.51 0.53
 7 14:43:08 20  320   167  229  115  133   313  435  217  259  0.47 0.47 0.47 0.49
 8 14:43:29 20  384   159  227  111  129   295  425  209  247  0.46 0.47 0.47 0.48
 9 14:43:49 20  448   157  227  111  128   286  415  202  245  0.45 0.45 0.45 0.48
10 14:44:09 20  512   157  228  111  128   276  405  201  239  0.43 0.44 0.45 0.46
11 14:44:29 20  576   168  238  122  142   283  405  194  249  0.41 0.41 0.37 0.43
12 14:44:50 20  640   174  240  126  145   258  387  196  233  0.33 0.38 0.36 0.38
13 14:45:10 20  704   156  230  115  133   242  380  183  226  0.36 0.39 0.37 0.41
14 14:45:30 20  832   154  232  116  135   233  372  177  216  0.34 0.38 0.34 0.38
;            Ch1    Ch2    Ch3    Ch4      blue   green  brown
;  alpha:   1.430  1.297  1.422  1.489     1.329 -0.000  1.444
; ETRmax:   686.4 1208.9  778.5 1569.3     792.6    0.0 1344.7
;     Ik:   480.0  932.3  547.3 1054.3     596.4    0.0  931.0
;References: BL_US PMDA0174.REF2 GR_US PMDA0174.REF2 BR_US PMDA0174.REF2


;LTK 30m_07132017

31JUL2017  14:49:23  Gain: 20  Zoff: 183 212 124 128
No   Time    G  PAR    F1   F2   F3   F4   Fm1  Fm2  Fm3  Fm4    Y1   Y2   Y3   Y4
 1 14:49:36 20   64   124  200   82   95   271  369  183  227  0.54 0.46 0.55 0.58

31JUL2017  14:49:42  Gain: 20  Zoff: 183 212 124 128
No   Time    G  PAR    F1   F2   F3   F4   Fm1  Fm2  Fm3  Fm4    Y1   Y2   Y3   Y4
 1 14:49:42 20   64   127  202   86   99   271  362  180  225  0.53 0.44 0.52 0.56
 2 14:50:04 20   16   119  184   80   92   274  323  169  210  0.57 0.43 0.53 0.56
 3 14:50:24 20   64   124  198   84   97   272  368  179  217  0.54 0.46 0.53 0.55
 4 14:50:44 20  128   121  199   83   96   255  364  176  211  0.53 0.45 0.53 0.55
 5 14:51:05 20  192   126  205   87  101   254  376  174  216  0.50 0.45 0.50 0.53
 6 14:51:25 20  256   126  206   89  103   239  368  170  212  0.47 0.44 0.48 0.51
 7 14:51:45 20  320   129  209   92  106   245  364  168  209  0.47 0.43 0.45 0.49
 8 14:52:06 20  384   134  211   96  111   238  349  166  211  0.44 0.40 0.42 0.47
 9 14:52:26 20  448   138  214  100  115   239  353  165  203  0.42 0.39 0.39 0.43
10 14:52:46 20  512   140  217  102  118   226  355  164  198  0.38 0.39 0.38 0.40
11 14:53:06 20  576   134  214   98  114   209  337  153  191  0.36 0.36 0.36 0.40
12 14:53:27 20  640   131  213   98  114   212  335  156  187  0.38 0.36 0.37 0.39
13 14:53:47 20  704   132  215   99  115   202  331  155  190  0.35 0.35 0.36 0.39
14 14:54:07 20  832   133  217  102  117   204  319  154  187  0.35 0.32 0.34 0.37
;            Ch1    Ch2    Ch3    Ch4      blue   green  brown
;  alpha:   1.312  1.087  1.330  1.333     1.242 -0.000  1.189
; ETRmax:  1030.7  763.5 1334.2  990.3     700.7    0.0  740.4
;     Ik:   785.7  702.2 1003.0  743.1     564.2    0.0  622.9
;References: BL_US PMDA0174.REF2 GR_US PMDA0174.REF2 BR_US PMDA0174.REF2

;LTK 40m_07132017

31JUL2017  14:58:36  Gain: 20  Zoff: 183 212 124 128
No   Time    G  PAR    F1   F2   F3   F4   Fm1  Fm2  Fm3  Fm4    Y1   Y2   Y3   Y4
 1 14:59:08 20   64   101  183   70   83   279  419  182  226  0.64 0.56 0.62 0.63

31JUL2017  14:59:12  Gain: 20  Zoff: 183 212 124 128
No   Time    G  PAR    F1   F2   F3   F4   Fm1  Fm2  Fm3  Fm4    Y1   Y2   Y3   Y4
 1 14:59:12 20   64   104  186   72   86   271  403  180  222  0.62 0.54 0.60 0.61
 2 14:59:34 20   16    91  169   64   76   276  372  180  223  0.67 0.55 0.64 0.66
 3 14:59:54 20   64   102  182   71   84   296  416  196  251  0.66 0.56 0.64 0.67
 4 15:00:14 20  128   112  189   79   93   281  413  188  238  0.60 0.54 0.58 0.61
 5 15:00:35 20  192   116  193   82   98   269  405  186  231  0.57 0.52 0.56 0.58
 6 15:00:55 20  256   119  196   85  101   250  398  175  224  0.52 0.51 0.51 0.55
 7 15:01:15 20  320   121  198   86  102   248  385  171  214  0.51 0.49 0.50 0.52
 8 15:01:36 20  384   124  200   88  106   236  379  169  210  0.47 0.47 0.48 0.50
 9 15:01:56 20  448   124  201   90  107   225  372  164  206  0.45 0.46 0.45 0.48
10 15:02:16 20  512   123  203   90  108   226  365  162  198  0.46 0.44 0.44 0.45
11 15:02:36 20  576   127  206   93  111   220  361  162  198  0.42 0.43 0.43 0.44
12 15:02:57 20  640   122  205   92  109   215  351  159  190  0.43 0.42 0.42 0.43
13 15:03:17 20  704   122  206   93  110   210  351  154  197  0.42 0.41 0.40 0.44
14 15:03:37 20  832   127  212   98  116   196  341  153  185  0.35 0.38 0.36 0.37
;            Ch1    Ch2    Ch3    Ch4      blue   green  brown
;  alpha:   1.537  1.311  1.489  1.521     1.158 -0.000  1.450
; ETRmax:  1472.8 1216.1 1514.5 1663.2     512.8    0.0 2019.4
;     Ik:   958.1  927.8 1017.2 1093.3     442.7    0.0 1392.4
;References: BL_US PMDA0174.REF2 GR_US PMDA0174.REF2 BR_US PMDA0174.REF2

;LTK 50m_07132017

31JUL2017  15:06:27  Gain: 20  Zoff: 183 212 124 128
No   Time    G  PAR    F1   F2   F3   F4   Fm1  Fm2  Fm3  Fm4    Y1   Y2   Y3   Y4
 1 15:06:47 20   64    89  164   64   76   246  370  163  206  0.64 0.56 0.61 0.63

31JUL2017  15:06:55  Gain: 20  Zoff: 183 212 124 128
No   Time    G  PAR    F1   F2   F3   F4   Fm1  Fm2  Fm3  Fm4    Y1   Y2   Y3   Y4
 1 15:06:56 20   64    91  165   66   78   246  362  170  208  0.63 0.54 0.61 0.63
 2 15:07:17 20   16    78  151   58   68   249  349  168  199  0.69 0.57 0.65 0.66
 3 15:07:38 20   64    87  163   63   75   239  361  164  206  0.64 0.55 0.62 0.64
 4 15:07:58 20  128    93  167   67   80   229  354  163  204  0.59 0.53 0.59 0.61
 5 15:08:18 20  192    93  167   68   82   221  347  154  195  0.58 0.52 0.56 0.58
 6 15:08:38 20  256    96  170   72   86   212  339  153  191  0.55 0.50 0.53 0.55
 7 15:08:59 20  320   104  175   76   91   215  340  156  194  0.52 0.49 0.51 0.53
 8 15:09:19 20  384   106  179   80   95   212  339  147  188  0.50 0.47 0.46 0.49
 9 15:09:39 20  448   108  180   81   97   206  332  148  190  0.48 0.46 0.45 0.49
10 15:10:00 20  512   108  181   82   98   201  325  146  182  0.46 0.44 0.44 0.46
11 15:10:20 20  576   108  184   83   99   187  323  138  174  0.42 0.43 0.40 0.43
12 15:10:40 20  640   109  187   86  102   184  323  146  177  0.41 0.42 0.41 0.42
13 15:11:00 20  704   112  190   88  105   191  318  142  182  0.41 0.40 0.38 0.42
14 15:11:21 20  832   118  194   91  109   187  311  140  174  0.37 0.38 0.35 0.37
;            Ch1    Ch2    Ch3    Ch4      blue   green  brown
;  alpha:   1.524  1.263  1.482  1.522     1.413 -0.000  1.419
; ETRmax:  1356.2  972.1  886.9 1150.2     554.5    0.0 1082.9
;     Ik:   890.1  769.6  598.3  755.6     392.5    0.0  763.2
;References: BL_US PMDA0174.REF2 GR_US PMDA0174.REF2 BR_US PMDA0174.REF2

;LTK 60m_07132017

31JUL2017  15:14:16  Gain: 20  Zoff: 183 212 124 128
No   Time    G  PAR    F1   F2   F3   F4   Fm1  Fm2  Fm3  Fm4    Y1   Y2   Y3   Y4
 1 15:14:31 20   64    79  143   58   71   230  311  155  195  0.66 0.54 0.63 0.64

31JUL2017  15:14:34  Gain: 20  Zoff: 183 212 124 128
No   Time    G  PAR    F1   F2   F3   F4   Fm1  Fm2  Fm3  Fm4    Y1   Y2   Y3   Y4
 1 15:14:35 20   64    82  144   61   73   224  314  155  194  0.63 0.54 0.61 0.62
 2 15:14:56 20   16    74  132   55   66   238  312  160  201  0.69 0.58 0.66 0.67
 3 15:15:17 20   64    86  146   62   74   243  326  163  203  0.65 0.55 0.62 0.64
 4 15:15:37 20  128    87  148   65   78   222  308  154  191  0.61 0.52 0.58 0.59
 5 15:15:57 20  192    88  148   66   79   211  303  150  188  0.58 0.51 0.56 0.58
 6 15:16:17 20  256    91  151   69   83   201  301  142  185  0.55 0.50 0.51 0.55
 7 15:16:38 20  320    94  153   71   85   200  291  140  181  0.53 0.47 0.49 0.53
 8 15:16:58 20  384    95  154   72   87   191  293  139  170  0.50 0.47 0.48 0.49
 9 15:17:18 20  448    92  154   71   85   181  286  138  158  0.49 0.46 0.49 0.46
10 15:17:39 20  512    94  155   72   87   174  278  130  162  0.46 0.44 0.45 0.46
11 15:17:59 20  576    96  158   74   89   169  268  129  158  0.43 0.41 0.43 0.44
12 15:18:19 20  640    95  160   75   91   163  270  128  160  0.42 0.41 0.41 0.43
13 15:18:39 20  704    95  160   76   91   162  273  124  156  0.41 0.41 0.39 0.42
14 15:19:00 20  832    99  164   79   95   158  263  125  150  0.37 0.38 0.37 0.37
;            Ch1    Ch2    Ch3    Ch4      blue   green  brown
;  alpha:   1.529  1.277  1.460  1.512     1.345 -0.000  1.446
; ETRmax:   937.5 1406.3 1199.4 1231.5     811.2    0.0 1243.3
;     Ik:   613.2 1101.1  821.5  814.3     603.2    0.0  860.0
;References: BL_US PMDA0174.REF2 GR_US PMDA0174.REF2 BR_US PMDA0174.REF2

;LTK 70m_07132017

31JUL2017  15:22:12  Gain: 20  Zoff: 183 212 124 128
No   Time    G  PAR    F1   F2   F3   F4   Fm1  Fm2  Fm3  Fm4    Y1   Y2   Y3   Y4
 1 15:22:28 20   64    77   31   53   65   161   87  113  128  0.52 0.64 0.53 0.49

31JUL2017  15:22:36  Gain: 20  Zoff: 183 212 124 128
No   Time    G  PAR    F1   F2   F3   F4   Fm1  Fm2  Fm3  Fm4    Y1   Y2   Y3   Y4
 1 15:22:36 20   64    79   31   56   67   166   88  118  144  0.52 0.65 0.53 0.53
 2 15:22:58 20   16    58   20   43   52   174   92  122  153  0.67 ---- 0.65 0.66
 3 15:23:18 20   64    75   28   53   63   168   90  118  136  0.55 0.69 0.55 0.54
 4 15:23:38 20  128    85   34   60   72   159   86  110  141  0.47 0.60 0.45 0.49
 5 15:23:59 20  192    89   35   64   76   147   84  103  134  0.39 0.58 0.38 0.43
 6 15:24:19 20  256    97   38   69   81   145   82  109  136  0.33 0.54 0.37 0.40
 7 15:24:39 20  320    98   37   71   83   142   75  106  128  0.31 0.51 0.33 0.35
 8 15:25:00 20  384    96   36   71   84   142   70  103  125  0.32 0.49 0.31 0.33
 9 15:25:20 20  448    96   35   71   84   137   64   99  126  0.30 0.45 0.28 0.33
10 15:25:40 20  512    97   35   73   86   134   72  100  124  0.28 0.51 0.27 0.31
11 15:26:00 20  576    98   34   74   86   131   69  103  126  0.25 0.51 0.28 0.32
12 15:26:21 20  640    97   33   74   87   134   60   98  129  0.28 0.45 0.24 0.33
13 15:26:41 20  704    97   32   75   88   133   61  101  125  0.27 0.48 0.26 0.30
14 15:27:01 20  832    98   30   76   89   126   56  101  124  0.22 0.46 0.25 0.28
;            Ch1    Ch2    Ch3    Ch4      blue   green  brown
;  alpha:   1.335  1.374  1.320  1.268     0.845  1.386 -0.000
; ETRmax:   597.7 2939.8  610.7  877.0     907.1  895.6    0.0
;     Ik:   447.8 2139.8  462.8  691.6    1073.2  646.1    0.0
;References: BL_US PMDA0174.REF2 GR_US PMDA0174.REF2 BR_US PMDA0174.REF2

;LTK 80m_07132017

31JUL2017  15:30:34  Gain: 20  Zoff: 183 212 124 128
No   Time    G  PAR    F1   F2   F3   F4   Fm1  Fm2  Fm3  Fm4    Y1   Y2   Y3   Y4
 1 15:30:53 20   64    31   14   27   36    97   67   73   91  0.68 ---- 0.63 0.60

31JUL2017  15:30:58  Gain: 20  Zoff: 183 212 124 128
No   Time    G  PAR    F1   F2   F3   F4   Fm1  Fm2  Fm3  Fm4    Y1   Y2   Y3   Y4
 1 15:30:58 20   64    33   15   29   38    95   60   72   93  0.65 ---- 0.60 0.59
 2 15:31:20 20   16    15    3   19   26    89   57   68   93  ---- ---- ---- 0.72
 3 15:31:40 20   64    26    7   25   34    83   57   66   89  0.69 ---- 0.62 0.62
 4 15:32:01 20  128    26    8   26   35    78   52   64   71  0.67 ---- 0.59 0.51
 5 15:32:21 20  192    28    8   28   37    70   51   66   79  0.60 ---- 0.58 0.53
 6 15:32:41 20  256    30    8   29   39    73   48   63   86  0.59 ---- 0.54 0.55
 7 15:33:01 20  320    32    9   32   42    73   45   64   85  0.56 ---- 0.50 0.51
 8 15:33:22 20  384    34    9   34   44    72   44   60   89  0.53 ---- 0.43 0.51
 9 15:33:42 20  448    35    9   36   46    72   43   64   80  0.51 ---- 0.44 0.42
10 15:34:02 20  512    36    8   38   48    71   36   61   84  0.49 ---- 0.38 0.43
11 15:34:23 20  576    37    7   38   48    65   44   61   86  0.43 ---- 0.38 0.44
12 15:34:43 20  640    36    7   39   49    69   39   62   81  0.48 ---- 0.37 0.40
13 15:35:03 20  704    38    7   40   51    66   36   67   82  0.42 ---- 0.40 0.38
14 15:35:23 20  832    38    6   42   53    62   30   66   82  0.39 ---- 0.36 0.35
;            Ch1    Ch2    Ch3    Ch4      blue   green  brown
;  alpha:   1.557 -0.000  1.574  1.365     1.105  1.711 -0.000
; ETRmax:   795.3    0.0 1193.3  766.3     801.9 1044.1    0.0
;     Ik:   510.7    0.0  758.1  561.4     725.7  610.4    0.0
;References: BL_US PMDA0174.REF2 GR_US PMDA0174.REF2 BR_US PMDA0174.REF2

;LTK 90m_07132017

31JUL2017  15:38:00  Gain: 20  Zoff: 183 212 124 128
No   Time    G  PAR    F1   F2   F3   F4   Fm1  Fm2  Fm3  Fm4    Y1   Y2   Y3   Y4
 1 15:38:11 20   64    -6  -14    6   11    33   20   40   52  ---- ---- ---- ----

31JUL2017  15:38:17  Gain: 20  Zoff: 183 212 124 128
No   Time    G  PAR    F1   F2   F3   F4   Fm1  Fm2  Fm3  Fm4    Y1   Y2   Y3   Y4
 1 15:38:17 20   64    -5  -15    7   13    32   21   37   54  ---- ---- ---- ----
 2 15:38:39 20   16   -11  -17    3    8    40   23   41   55  ---- ---- ---- ----
 3 15:38:59 20   64    -8  -15    5   10    32   19   37   54  ---- ---- ---- ----
 4 15:39:19 20  128    -6  -15    7   12    31   16   41   56  ---- ---- ---- ----
 5 15:39:40 20  192    -3  -14   10   15    38   19   42   52  ---- ---- ---- ----
 6 15:40:00 20  256     0  -14   12   18    34   16   41   48  ---- ---- ---- ----
 7 15:40:20 20  320     5  -10   15   22    39   15   40   57  ---- ---- ---- 0.61
 8 15:40:41 20  384     1  -15   14   20    28   13   41   57  ---- ---- ---- ----
 9 15:41:01 20  448     0  -17   15   21    29   14   42   53  ---- ---- ---- 0.60
10 15:41:21 20  512     1  -18   16   22    26    3   41   54  ---- ---- ---- 0.59
11 15:41:41 20  576     2  -18   17   23    32   13   45   53  ---- ---- ---- 0.57
12 15:42:02 20  640     3  -19   19   25    28    4   46   55  ---- ---- ---- 0.55
13 15:42:22 20  704     4  -18   21   27    32    2   42   59  ---- ---- 0.50 0.54
14 15:42:42 20  832     9  -16   25   32    32   10   48   61  ---- ---- 0.48 0.48
;            Ch1    Ch2    Ch3    Ch4      blue   green  brown
;  alpha:  -0.000 -0.000  1.407  1.701     1.881 -0.000 -0.000
; ETRmax:     0.0    0.0 1613.2 2287.5    1266.8    0.0    0.0
;     Ik:     0.0    0.0 1146.7 1344.6     673.5    0.0    0.0
;References: BL_US PMDA0174.REF2 GR_US PMDA0174.REF2 BR_US PMDA0174.REF2

;LTK 100m_07132017

31JUL2017  15:45:43  Gain: 20  Zoff: 183 212 124 128
No   Time    G  PAR    F1   F2   F3   F4   Fm1  Fm2  Fm3  Fm4    Y1   Y2   Y3   Y4
 1 15:46:18 20   64    -8   -9    2    9    34   36   38   51  ---- ---- ---- ----

31JUL2017  15:46:22  Gain: 20  Zoff: 183 212 124 128
No   Time    G  PAR    F1   F2   F3   F4   Fm1  Fm2  Fm3  Fm4    Y1   Y2   Y3   Y4
 1 15:46:23 20   64    -7   -9    4   10    38   27   36   52  ---- ---- ---- ----
 2 15:46:45 20   16   -12  -13    1    6    33   30   36   53  ---- ---- ---- ----
 3 15:47:05 20   64   -12  -14    1    6    33   21   30   46  ---- ---- ---- ----
 4 15:47:25 20  128    -8  -13    4   10    34   28   33   54  ---- ---- ---- ----
 5 15:47:46 20  192    -1   -7    8   14    40   36   35   57  ---- ---- ---- ----
 6 15:48:06 20  256    -1   -7    9   16    32   33   35   54  ---- ---- ---- ----
 7 15:48:26 20  320    -1   -8   10   18    33   34   39   54  ---- ---- ---- ----
 8 15:48:46 20  384     2   -8   12   20    33   20   39   51  ---- ---- ---- ----
 9 15:49:07 20  448    -3  -14   11   18    29   17   39   51  ---- ---- ---- ----
10 15:49:27 20  512    -3  -16   12   18    25   15   33   50  ---- ---- ---- ----
11 15:49:47 20  576    -4  -17   12   19    23   10   35   54  ---- ---- ---- ----
12 15:50:08 20  640    -3  -17   14   21    26   11   36   46  ---- ---- ---- 0.54
13 15:50:28 20  704    -1  -17   15   22    26   11   35   48  ---- ---- ---- 0.54
14 15:50:48 20  832     0  -18   18   24    25    7   42   56  ---- ---- ---- 0.57
;            Ch1    Ch2    Ch3    Ch4      blue   green  brown
;  alpha:  -0.000 -0.000 -0.000  1.341     1.977 -0.000 -0.000
; ETRmax:     0.0    0.0    0.0 12297.0    2349.9    0.0    0.0
;     Ik:     0.0    0.0    0.0 9170.9    1188.7    0.0    0.0
;References: BL_US PMDA0174.REF2 GR_US PMDA0174.REF2 BR_US PMDA0174.REF2

;LTK 110m_07132017

31JUL2017  15:55:45  Gain: 20  Zoff: 183 212 124 128
No   Time    G  PAR    F1   F2   F3   F4   Fm1  Fm2  Fm3  Fm4    Y1   Y2   Y3   Y4
 1 15:55:56 20   64   -26  -30   -7   -3     3   -3   19   38  ---- ---- ---- ----

31JUL2017  15:56:01  Gain: 20  Zoff: 183 212 124 128
No   Time    G  PAR    F1   F2   F3   F4   Fm1  Fm2  Fm3  Fm4    Y1   Y2   Y3   Y4
 1 15:56:54 20   64   -26  -30   -7   -3    12   -4   26   34  ---- ---- ---- ----
 2 15:59:29 20   64   -23  -25   -5    1    19   10   27   36  ---- ---- ---- ----
 3 15:59:51 20   16   -23  -26   -5    0    14   10   21   39  ---- ---- ---- ----
 4 16:00:11 20   64   -25  -29   -7   -2     6    0   23   36  ---- ---- ---- ----
 5 16:00:32 20  128   -25  -29   -5    0     8   -1   28   33  ---- ---- ---- ----
 6 16:00:52 20  192   -24  -29   -4    1     8   -4   23   40  ---- ---- ---- ----
 7 16:01:12 20  256   -22  -29   -2    3     7   -7   20   38  ---- ---- ---- ----
 8 16:01:33 20  320   -20  -29    1    6     8   -6   27   42  ---- ---- ---- ----
 9 16:01:53 20  384   -18  -29    2    7     7  -11   26   42  ---- ---- ---- ----
10 16:02:13 20  448   -20  -31    2    7     9   -5   26   36  ---- ---- ---- ----
11 16:02:33 20  512   -19  -32    4    9     1  -11   27   44  ---- ---- ---- ----
12 16:02:54 20  576   -18  -32    5   10    10  -20   30   38  ---- ---- ---- ----
13 16:03:14 20  640   -18  -32    6   11     8  -16   33   36  ---- ---- ---- ----
14 16:03:34 20  704   -17  -33    7   13     5  -13   30   41  ---- ---- ---- ----
No   Time    G  PAR    F1   F2   F3   F4   Fm1  Fm2  Fm3  Fm4    Y1   Y2   Y3   Y4
15 16:03:55 20  832   -15  -34   10   15     4  -11   25   48  ---- ---- ---- ----
;            Ch1    Ch2    Ch3    Ch4      blue   green  brown
;  alpha:  -0.000 -0.000 -0.000 -0.000    -0.000 -0.000 -0.000
; ETRmax:     0.0    0.0    0.0    0.0       0.0    0.0    0.0
;     Ik:     0.0    0.0    0.0    0.0       0.0    0.0    0.0
;References: BL_US PMDA0174.REF2 GR_US PMDA0174.REF2 BR_US PMDA0174.REF2