;LTM 0m_20160302

02MAR2016  19:35:48  Gain: 23  Zoff: 185 243 413 158
No   Time    G  PAR    F1   F2   F3   F4   Fm1  Fm2  Fm3  Fm4    Y1   Y2   Y3   Y4
;    Time    G  PAR    F1   F2   F3   F4     c(Bl)   c(Gr)   c(Br)   Sum c  Total c  c/F(Bl) c/F(Br)
cF 19:38:13 23   94   236  263  160  185     0.23    ----    0.42    0.65    0.75    1.25    0.75
; Based on Chlorophyll Calibration file default_PMDA0174.cal

02MAR2016  19:39:00  Gain: 23  Zoff: 185 243 413 158
No   Time    G  PAR    F1   F2   F3   F4   Fm1  Fm2  Fm3  Fm4    Y1   Y2   Y3   Y4
 1 19:39:01 23   16   109  153   94  107   221  257  172  237  0.51 0.40 0.45 0.55
 2 19:39:22 23    1   131  173   84  104   243  271  178  249  0.46 0.36 0.53 0.58
 3 19:39:42 23   64   140  179  112  129   263  314  219  268  0.47 0.43 0.49 0.52
 4 19:40:03 23  128   130  183  119  132   225  305  216  267  0.42 0.40 0.45 0.51
 5 19:40:23 23  192   129  184  116  131   216  306  186  220  0.40 0.40 0.38 0.40
 6 19:40:43 23  256   119  178  114  128   191  305  173  221  0.38 0.42 0.34 0.42
 7 19:41:04 23  320   109  172  107  121   178  291  167  211  0.39 0.41 0.36 0.43
 8 19:41:24 23  384   111  176  111  125   183  289  179  227  0.39 0.39 0.38 0.45
 9 19:41:44 23  448   119  181  118  134   197  283  181  223  0.40 0.36 0.35 0.40
10 19:42:04 23  512   120  181  120  139   182  284  196  223  0.34 0.36 0.39 0.38
11 19:42:25 23  576   126  187  127  143   177  294  186  232  0.29 0.36 0.32 0.38
12 19:42:45 23  640   128  189  134  149   190  288  196  239  0.33 0.34 0.32 0.38
13 19:43:05 23  704   134  193  139  155   190  286  186  241  0.29 0.33 0.25 0.36
14 19:43:25 23  832    73  157   89  131   153  292  176  225  0.52 0.46 0.49 0.42
;            Ch1    Ch2    Ch3    Ch4      blue   green  brown
;  alpha:   1.010  0.903  0.978  1.116     1.002 -0.000  1.020
; ETRmax:  2772.1 9258.2 2459.6 2328.6    1636.1    0.0 4388.7
;     Ik:  2745.1 10256.6 2513.7 2086.3    1633.0    0.0 4301.7
;References: BL_US PMDA0174.REF2 GR_US PMDA0174.REF2 BR_US PMDA0174.REF2

;LTM 20m_20160302
02MAR2016  19:25:18  Gain: 23  Zoff: 185 243 413 158
No   Time    G  PAR    F1   F2   F3   F4   Fm1  Fm2  Fm3  Fm4    Y1   Y2   Y3   Y4
;    Time    G  PAR    F1   F2   F3   F4     c(Bl)   c(Gr)   c(Br)   Sum c  Total c  c/F(Bl) c/F(Br)
cF 19:30:43 23    1   317  324  -80  -13     ----    ----    ----    0.00    0.48    1.25    0.75
; Based on Chlorophyll Calibration file default_PMDA0174.cal

02MAR2016  19:31:11  Gain: 23  Zoff: 185 243 413 158
No   Time    G  PAR    F1   F2   F3   F4   Fm1  Fm2  Fm3  Fm4    Y1   Y2   Y3   Y4
 1 19:31:11 23   16    96   88   75   91   251  201  158  229  0.62 0.56 0.53 0.60
 2 19:31:33 23   16    94   87   73   89   228  194  176  222  0.59 0.55 0.59 0.60
 3 19:31:53 23   64   104   96   80   98   225  205  169  219  0.54 0.53 0.53 0.55
 4 19:32:13 23  128   105   99   83  100   202  206  160  222  0.48 0.52 0.48 0.55
 5 19:32:34 23  192   103  101   83  101   198  196  158  218  0.48 0.48 0.47 0.54
 6 19:32:54 23  256   103  102   84  102   175  199  146  200  0.41 0.49 0.42 0.49
 7 19:33:14 23  320    97   98   82  100   147  183  132  194  0.34 0.46 0.38 0.48
 8 19:33:35 23  384    92   96   81   97   159  187  134  190  0.42 0.49 0.40 0.49
 9 19:33:55 23  448    94   97   82   99   167  181  131  185  0.44 0.46 0.37 0.46
10 19:34:15 23  512    98  101   85  102   148  173  133  184  0.34 0.42 0.36 0.45
11 19:34:35 23  576   100  102   88  107   163  184  129  183  0.39 0.45 0.32 0.42
12 19:34:56 23  640   100  102   89  108   155  184  131  198  0.35 0.45 0.32 0.45
13 19:35:16 23  704   102  103   92  112   164  177  136  177  0.38 0.42 0.32 0.37
14 19:35:36 23  832    64   84   65  106   120  173  125  197  0.47 0.51 0.48 0.46
;            Ch1    Ch2    Ch3    Ch4      blue   green  brown
;  alpha:   1.262  1.207  1.150  1.325     1.166 -0.000  1.280
; ETRmax:  1277.0 3923.9  894.7 2266.8     664.2    0.0 2703.8
;     Ik:  1011.9 3252.0  778.1 1710.7     569.8    0.0 2112.0
;References: BL_US PMDA0174.REF2 GR_US PMDA0174.REF2 BR_US PMDA0174.REF2



;LTM 40m_20160302

02MAR2016  19:44:25  Gain: 23  Zoff: 185 243 413 158
No   Time    G  PAR    F1   F2   F3   F4   Fm1  Fm2  Fm3  Fm4    Y1   Y2   Y3   Y4
;    Time    G  PAR    F1   F2   F3   F4     c(Bl)   c(Gr)   c(Br)   Sum c  Total c  c/F(Bl) c/F(Br)
cF 19:46:40 23   16   472  759   85  193     ----    ----    1.04    1.04    1.34    1.25    0.75
; Based on Chlorophyll Calibration file default_PMDA0174.cal

02MAR2016  19:47:10  Gain: 23  Zoff: 185 243 413 158
No   Time    G  PAR    F1   F2   F3   F4   Fm1  Fm2  Fm3  Fm4    Y1   Y2   Y3   Y4
 1 19:47:10 23   16   375  635  210  245   798 1141  469  593  0.53 0.44 0.55 0.59
 2 19:47:32 23   16   371  632  210  246   782 1124  457  576  0.53 0.44 0.54 0.57
 3 19:47:52 23   64   390  667  221  261   748 1114  427  551  0.48 0.40 0.48 0.53
 4 19:48:13 23  128   401  679  228  270   705 1083  407  529  0.43 0.37 0.44 0.49
 5 19:48:33 23  192   413  691  238  283   701 1093  414  519  0.41 0.37 0.43 0.45
 6 19:48:53 23  256   432  708  251  300   681 1068  412  508  0.37 0.34 0.39 0.41
 7 19:49:13 23  320   441  718  256  306   664 1058  390  506  0.34 0.32 0.34 0.40
 8 19:49:34 23  384   443  726  259  312   634 1047  384  493  0.30 0.31 0.33 0.37
 9 19:49:54 23  448   445  734  260  312   608 1024  372  481  0.27 0.28 0.30 0.35
10 19:50:14 23    1   453  747  261  318   620 1033  376  483  0.27 0.28 0.31 0.34
11 19:50:34 23  576   463  759  267  322   622 1028  368  470  0.26 0.26 0.27 0.31
12 19:50:55 23  640   463  765  270  325   602 1020  360  472  0.23 0.25 0.25 0.31
13 19:51:15 23  704   472  775  276  334   603 1017  368  460  0.22 0.24 0.25 0.27
14 19:51:35 23  832   381  718  196  284   536  996  337  465  0.29 0.28 0.42 0.39
;            Ch1    Ch2    Ch3    Ch4      blue   green  brown
;  alpha:   0.912  0.820  0.964  1.048     0.896 -0.000  0.906
; ETRmax:   384.5  595.6 1806.9 1152.4     155.3    0.0  552.7
;     Ik:   421.8  726.1 1875.0 1099.2     173.4    0.0  609.7
;References: BL_US PMDA0174.REF2 GR_US PMDA0174.REF2 BR_US PMDA0174.REF2

;LTM 60m_20160302

02MAR2016  19:52:09  Gain: 23  Zoff: 185 243 413 158
No   Time    G  PAR    F1   F2   F3   F4   Fm1  Fm2  Fm3  Fm4    Y1   Y2   Y3   Y4
;    Time    G  PAR    F1   F2   F3   F4     c(Bl)   c(Gr)   c(Br)   Sum c  Total c  c/F(Bl) c/F(Br)
cF 19:54:39 23   16   130  200   75   92     0.08    ----    0.28    0.36    0.44    1.25    0.75
; Based on Chlorophyll Calibration file default_PMDA0174.cal

02MAR2016  19:55:04  Gain: 23  Zoff: 185 243 413 158
No   Time    G  PAR    F1   F2   F3   F4   Fm1  Fm2  Fm3  Fm4    Y1   Y2   Y3   Y4
 1 19:55:05 23   16   128  203   74   89   313  384  182  259  0.59 0.47 0.59 0.66
 2 19:55:26 23   16   125  203   71   86   293  381  193  257  0.57 0.47 0.63 0.67
 3 19:55:47 23   64   145  215   84  102   280  351  194  249  0.48 0.39 0.57 0.59
 4 19:56:07 23  128   155  220   91  112   276  357  186  227  0.44 0.38 0.51 0.51
 5 19:56:27 23  192   158  223   96  117   266  354  170  216  0.41 0.37 0.44 0.46
 6 19:56:47 23  256   166  230  103  126   268  344  182  237  0.38 0.33 0.43 0.47
 7 19:57:08 23  320   172  233  106  130   273  344  169  227  0.37 0.32 0.37 0.43
 8 19:57:28 23  384   168  232  105  128   245  335  155  227  0.31 0.31 0.32 0.44
 9 19:57:48 23  448   168  233  107  130   244  330  169  224  0.31 0.29 0.37 0.42
10 19:58:09 23  512   185  224  100  142   219  325  175  221  0.16 0.31 0.43 0.36
11 19:58:29 23  576   175  239  116  142   226  333  172  236  0.23 0.28 0.33 0.40
12 19:58:49 23  640   178  245  119  146   232  334  163  228  0.23 0.27 0.27 0.36
13 19:59:09 23  704   175  246  117  143   222  313  173  219  0.21 0.21 0.32 0.35
14 19:59:30 23  832   121  214   76  127   202  314  155  225  0.40 0.32 0.51 0.44
;            Ch1    Ch2    Ch3    Ch4      blue   green  brown
;  alpha:   1.306  1.008  1.193  1.267     1.254 -0.000  1.190
; ETRmax:   614.0  960.8  950.1 1653.2    2360.7    0.0  769.3
;     Ik:   470.3  952.7  796.4 1305.2    1882.7    0.0  646.5
;References: BL_US PMDA0174.REF2 GR_US PMDA0174.REF2 BR_US PMDA0174.REF2

;LTM 80m_20160302

02MAR2016  20:01:03  Gain: 23  Zoff: 185 243 413 158
No   Time    G  PAR    F1   F2   F3   F4   Fm1  Fm2  Fm3  Fm4    Y1   Y2   Y3   Y4
;    Time    G  PAR    F1   F2   F3   F4     c(Bl)   c(Gr)   c(Br)   Sum c  Total c  c/F(Bl) c/F(Br)
cF 20:03:36 23   16   112   79   62   73     0.05    0.11    0.10    0.26    0.29    1.25    0.75
; Based on Chlorophyll Calibration file default_PMDA0174.cal

02MAR2016  20:03:57  Gain: 23  Zoff: 185 243 413 158
No   Time    G  PAR    F1   F2   F3   F4   Fm1  Fm2  Fm3  Fm4    Y1   Y2   Y3   Y4
 1 20:03:57 23   16   111   81   61   74   270  188  156  222  0.59 0.57 0.61 0.67
 2 20:04:19 23   16   118   83   66   79   269  195  180  228  0.56 0.57 0.63 0.65
 3 20:04:39 23   64   140   97   79   95   241  179  149  207  0.42 0.46 0.47 0.54
 4 20:04:59 23  128   151  101   89  106   224  171  135  188  0.33 0.41 0.34 0.44
 5 20:05:19 23  192   141   93   84  100   203  149  132  185  0.31 0.38 0.36 0.46
 6 20:05:40 23  256   147   95   89  106   199  142  133  180  0.26 0.33 0.33 0.41
 7 20:06:00 23  320   152   97   93  111   193  148  147  189  0.21 0.34 0.37 0.41
 8 20:06:20 23  384   151   97   92  110   194  152  135  184  0.22 0.36 0.32 0.40
 9 20:06:41 23  448   154   98   95  114   182  155  127  182  0.15 0.37 0.25 0.37
10 20:07:01 23  512   153   97   95  114   190  136  127  179  0.19 0.29 0.25 0.36
11 20:07:21 23  576   155   96   98  116   199  140  134  169  0.22 0.31 0.27 0.31
12 20:07:41 23  640   150   92   96  115   185  133  130  164  0.19 0.31 0.26 0.30
13 20:08:02 23  704   151   92   98  117   201  136  133  174  0.25 0.32 0.26 0.33
14 20:08:22 23  832   105   63   63  109   163  140  100  196  0.36 0.55 0.37 0.44
;            Ch1    Ch2    Ch3    Ch4      blue   green  brown
;  alpha:   1.258  0.839  0.954  1.381     1.123  1.488  1.110
; ETRmax:   368.1 33315.5 1154.8 1012.7     372.3  791.6 16016.6
;     Ik:   292.5 39689.7 1211.0  733.1     331.6  531.8 14425.1
;References: BL_US PMDA0174.REF2 GR_US PMDA0174.REF2 BR_US PMDA0174.REF2

;LTM 100m_20160302

02MAR2016  20:09:50  Gain: 23  Zoff: 185 243 413 158
No   Time    G  PAR    F1   F2   F3   F4   Fm1  Fm2  Fm3  Fm4    Y1   Y2   Y3   Y4
;    Time    G  PAR    F1   F2   F3   F4     c(Bl)   c(Gr)   c(Br)   Sum c  Total c  c/F(Bl) c/F(Br)
cF 20:13:01 23   16    27   29   -7   52     ----    ----    0.06    0.06    0.09    1.25    0.75
; Based on Chlorophyll Calibration file default_PMDA0174.cal

02MAR2016  20:13:32  Gain: 23  Zoff: 185 243 413 158
No   Time    G  PAR    F1   F2   F3   F4   Fm1  Fm2  Fm3  Fm4    Y1   Y2   Y3   Y4
 1 20:13:33 23   16    30   37   20   27   116  106   97  135  0.74 0.65 ---- 0.80
 2 20:13:54 23   16    29   36   20   27   125  104   82  130  0.77 0.65 ---- 0.79
 3 20:14:15 23   64    39   42   25   35   105  105   77  123  0.63 0.60 0.68 0.72
 4 20:14:35 23  128    43   44   30   40   114  105   67  102  0.62 0.58 0.55 0.61
 5 20:14:55 23  192    55   49   40   51    97   93   62  118  0.43 0.47 0.35 0.57
 6 20:15:15 23  256    56   47   40   52    93   92   84  115  0.40 0.49 0.52 0.55
 7 20:15:36 23  320    55   45   41   52    96   95   76  126  0.43 0.53 0.46 0.59
 8 20:15:56 23  384    54   44   42   55    79  105   70  113  0.32 0.58 0.40 0.51
 9 20:16:16 23  448    57   45   45   59   102   90   79  121  0.44 0.50 0.43 0.51
10 20:16:37 23    1    60   45   48   62    99   94   76  118  0.39 0.52 0.37 0.47
11 20:16:57 23  576    61   45   49   63   110   96   76  109  0.45 0.53 0.36 0.42
12 20:17:17 23  640    61   44   50   65    98   75   75  109  0.38 0.41 0.33 0.40
13 20:17:37 23  704    63   44   53   68   109   86   89  120  0.42 0.49 0.40 0.43
14 20:17:58 23  832    28   27   30   66    74   87   67  120  0.62 0.69 0.55 0.45
;            Ch1    Ch2    Ch3    Ch4      blue   green  brown
;  alpha:   1.107  1.191  1.101  1.538     1.449  1.299  1.229
; ETRmax:  5861.2 2777118. 4600.6 1374.8     978.0  534.4 2634074.
;     Ik:  5295.6 2331386. 4177.7  894.0     674.9  411.3 2142958.
;References: BL_US PMDA0174.REF2 GR_US PMDA0174.REF2 BR_US PMDA0174.REF2

;LTM 110m_20160302

02MAR2016  20:18:22  Gain: 23  Zoff: 185 243 413 158
No   Time    G  PAR    F1   F2   F3   F4   Fm1  Fm2  Fm3  Fm4    Y1   Y2   Y3   Y4
;    Time    G  PAR    F1   F2   F3   F4     c(Bl)   c(Gr)   c(Br)   Sum c  Total c  c/F(Bl) c/F(Br)
cF 20:21:06 23   16   -83 -123 -163   83     ----    ----    ----    0.00 ----    1.25    0.75
; Based on Chlorophyll Calibration file default_PMDA0174.cal

02MAR2016  20:21:31  Gain: 23  Zoff: 185 243 413 158
No   Time    G  PAR    F1   F2   F3   F4   Fm1  Fm2  Fm3  Fm4    Y1   Y2   Y3   Y4
 1 20:21:31 23   16     7   25    0    3    53   83   44   93  ---- 0.70 ---- ----
 2 20:21:53 23   16     5   24   -1    3    68   77   44   81  ---- 0.69 ---- ----
 3 20:22:13 23   64    10   27    1    6    51   71   37   73  ---- 0.62 ---- ----
 4 20:22:33 23  128    15   28    6   13    59   74   45   69  ---- 0.62 ---- ----
 5 20:22:53 23  192    19   28   11   17    60   71   44   76  ---- 0.61 ---- ----
 6 20:23:14 23  256    22   28   13   21    30   -8  165   79  ---- ---- ---- 0.73
 7 20:23:34 23  320    22   27   15   23    56   79   33   90  0.61 0.66 ---- 0.74
 8 20:23:54 23  384    21   25   16   24    48   62   45   80  0.56 0.60 ---- 0.70
 9 20:24:15 23  448    22   25   17   26    48   62   43   82  0.54 0.60 ---- 0.68
10 20:24:35 23  512    25   26   20   29    60   70   42   97  0.58 0.63 ---- 0.70
11 20:24:55 23  576    27   27   23   33    62   64   52   90  0.56 0.58 0.56 0.63
12 20:25:15 23  640    27   25   24   33    52   67   40   87  0.48 0.63 0.40 0.62
13 20:25:36 23  704    27   24   25   35    63   61   56   88  0.57 0.61 0.55 0.60
14 20:25:56 23  832    -4    9    5   35    46   69   47   86  ---- ---- ---- 0.59
;            Ch1    Ch2    Ch3    Ch4      blue   green  brown
;  alpha:   1.444  1.504  1.585  1.868     2.152 -0.000  1.531
; ETRmax:  4912.1 8095.4 2537.1 1629.4    1079.1    0.0 75734.7
;     Ik:  3401.4 5382.9 1601.0  872.2     501.4    0.0 49461.3
;References: BL_US PMDA0174.REF2 GR_US PMDA0174.REF2 BR_US PMDA0174.REF2

;LTM 110m_20160302

03MAR2016  00:04:29  Gain: 22  Zoff: 314 362 420 237
No   Time    G  PAR    F1   F2   F3   F4   Fm1  Fm2  Fm3  Fm4    Y1   Y2   Y3   Y4
 1 00:04:30 22   64   -47  -75  -54   40    31  -69   43   37  ---- ---- ---- ----
 2 00:04:52 22   16   -62  -65   -8   -6   -17  -11   24   64  ---- ---- ---- ----
 3 00:04:56 22   64   -60  -65   -5   -3   -15  -24   34   50  ---- ---- ---- ----
 4 00:05:12 22   64   -57  -64   -4   -2   -20  -23   28   52  ---- ---- ---- ----
 5 00:05:32 22  128   -55  -63   -2    1   -24  -15   31   61  ---- ---- ---- ----
 6 00:05:52 22  192   -52  -63    1    4   -19  -28   32   56  ---- ---- ---- ----
 7 00:06:13 22  256   -50  -63    4    8    -9  -29   33   60  ---- ---- ---- ----
 8 00:06:33 22  320   -42  -62   -3   22   -27  -32   30   58  ---- ---- ---- 0.62
 9 00:06:53 22  384   -50  -66    7   11   -21  -29   35   66  ---- ---- ---- ----
10 00:07:13 22  448   -49  -67    8   12   -19  -34   32   55  ---- ---- ---- ----
11 00:07:34 22  512   -50  -68    9   13   -27  -37   34   53  ---- ---- ---- ----
12 00:07:54 22  576   -48  -68   12   16   -20  -35   33   60  ---- ---- ---- ----
13 00:08:14 22  640   -46  -67   14   18   -18  -38   40   73  ---- ---- ---- ----
14 00:08:35 22  704   -45  -68   16   21   -23  -39   33   71  ---- ---- ---- 0.70
No   Time    G  PAR    F1   F2   F3   F4   Fm1  Fm2  Fm3  Fm4    Y1   Y2   Y3   Y4
15 00:08:55 22  832   -44  -71   18   23   -29  -41   35   76  ---- ---- ---- 0.70
;            Ch1    Ch2    Ch3    Ch4      blue   green  brown
;  alpha:  -0.000 -0.000 -0.000  1.502    -0.000 -0.000 -0.000
; ETRmax:     0.0    0.0    0.0 2431.1       0.0    0.0    0.0
;     Ik:     0.0    0.0    0.0 1618.2       0.0    0.0    0.0
;References: BL_US PMDA0174.REF2 GR_US PMDA0174.REF2 BR_US PMDA0174.REF2

;LTM 120m_20160302

02MAR2016  23:50:00  Gain: 22  Zoff: 314 362 420 237
No   Time    G  PAR    F1   F2   F3   F4   Fm1  Fm2  Fm3  Fm4    Y1   Y2   Y3   Y4
 1 23:50:00 22   64   -21  -21   10   15    16   15   44   69  ---- ---- ---- ----
 2 23:50:22 22   16   -26  -23    7   12    12   12   40   65  ---- ---- ---- ----
 3 23:50:42 22   64   -22  -20   11   15    12   11   37   72  ---- ---- ---- ----
 4 23:51:02 22  128   -17  -20   14   19    14   16   46   65  ---- ---- ---- ----
 5 23:51:23 22  192   -17  -21   16   20    17   15   39   72  ---- ---- ---- ----
 6 23:51:43 22  256   -16  -22   18   23    13   16   40   73  ---- ---- ---- 0.68
 7 23:52:03 22  320   -16  -24   19   24    24    8   49   74  ---- ---- ---- 0.68
 8 23:52:23 22  384   -15  -24   23   28    15    7   46   72  ---- ---- 0.50 0.61
 9 23:52:44 22  448   -12  -24   26   31    13    8   47   76  ---- ---- 0.45 0.59
10 23:53:04 22    1   -11  -24   27   33    14   14   49   94  ---- ---- 0.45 0.65
11 23:53:24 22  576   -10  -24   29   35    18   12   56   84  ---- ---- 0.48 0.58
12 23:53:45 22  640   -10  -26   30   36    21    2   50   76  ---- ---- 0.40 0.53
13 23:54:05 22  704    -8  -25   33   39    19   12   56   78  ---- ---- 0.41 0.50
14 23:54:25 22  832    -7  -27   35   42    -3    1   54   94  ---- ---- 0.35 0.55
;            Ch1    Ch2    Ch3    Ch4      blue   green  brown
;  alpha:  -0.000 -0.000  1.007  1.253    -0.000 -0.000 -0.000
; ETRmax:     0.0    0.0  464.1  628.8       0.0    0.0    0.0
;     Ik:     0.0    0.0  460.9  501.8       0.0    0.0    0.0
;References: BL_US PMDA0174.REF2 GR_US PMDA0174.REF2 BR_US PMDA0174.REF2

;LTM 120m_20160302

02MAR2016  23:57:45  Gain: 22  Zoff: 314 362 420 237
No   Time    G  PAR    F1   F2   F3   F4   Fm1  Fm2  Fm3  Fm4    Y1   Y2   Y3   Y4
 1 23:57:45 22    1   -16  -15   13   18   -21  -51  139   99  ---- ---- ---- ----
 2 23:58:07 22   16   -21  -19   11   15    16   26   52   71  ---- ---- ---- ----
 3 23:58:27 22   64   -16  -16   14   18    21   34   45   71  ---- ---- ---- ----
 4 23:58:47 22  128   -14  -16   16   21    20   27   51   70  ---- ---- ---- 0.70
 5 23:59:07 22  192   -10  -16   21   27    13    7   45   77  ---- ---- 0.53 0.65
 6 23:59:28 22  256    -8  -16   24   30    25   19   57   86  ---- ---- 0.58 0.65
 7 23:59:48 22  320    -7  -17   25   31    26   24   53   81  ---- ---- 0.53 0.62
 8 00:00:08 22  384    -6  -18   27   33    21   16   49   71  ---- ---- 0.45 0.54
 9 00:00:29 22  448    -6  -18   28   34    22   15   55   90  ---- ---- 0.49 0.62
10 00:00:49 22  512    -6  -20   30   36    26   17   51   90  ---- ---- 0.41 0.60
11 00:01:09 22  576    -5  -21   31   38    27   10   62   87  ---- ---- 0.50 0.56
12 00:01:29 22    1    -5  -22   33   39    25    6   59   80  ---- ---- 0.44 0.51
13 00:01:50 22  704    -3  -22   35   42    25   12   63   92  ---- ---- 0.44 0.54
14 00:02:10 22  832     0  -22   39   47     8   10   55   89  ---- ---- 0.29 0.47
;            Ch1    Ch2    Ch3    Ch4      blue   green  brown
;  alpha:  -0.000 -0.000  0.556  0.756    16.466 -0.000 -0.000
; ETRmax:     0.0    0.0   76.5  141.5    2472.2    0.0    0.0
;     Ik:     0.0    0.0  137.6  187.3     150.1    0.0    0.0
;References: BL_US PMDA0174.REF2 GR_US PMDA0174.REF2 BR_US PMDA0174.REF2

;LTM 130m_20160302
02MAR2016  21:50:11  Gain: 23  Zoff: -141 -56 524 -182
No   Time    G  PAR    F1   F2   F3   F4   Fm1  Fm2  Fm3  Fm4    Y1   Y2   Y3   Y4
;    Time    G  PAR    F1   F2   F3   F4     c(Bl)   c(Gr)   c(Br)   Sum c  Total c  c/F(Bl) c/F(Br)
cF 21:53:28 23   64   344  361  107  115     ----    ----    0.62    0.62    0.82    1.25    0.75
; Based on Chlorophyll Calibration file default_PMDA0174.cal

02MAR2016  21:53:37  Gain: 23  Zoff: -141 -56 524 -182
No   Time    G  PAR    F1   F2   F3   F4   Fm1  Fm2  Fm3  Fm4    Y1   Y2   Y3   Y4
 1 21:53:38 23   64   343  361  107  116   385  396  144  190  0.11 0.09 0.26 0.39
 2 21:53:59 23   16   338  357  106  114   381  394  136  162  0.11 0.09 0.22 0.30
 3 21:54:20 23   64   335  353  105  113   364  390  133  169  0.08 0.09 0.21 0.33
 4 21:54:40 23  128   332  347  107  114   364  390  128  178  0.09 0.11 0.16 0.36
 5 21:55:00 23  192   328  340  108  115   352  369  135  176  0.07 0.08 0.20 0.35
 6 21:55:20 23  256   324  334  109  117   354  379  138  172  0.08 0.12 0.21 0.32
 7 21:55:41 23  320   320  329  109  118   337  354  129  160  0.05 0.07 0.16 0.26
 8 21:56:01 23  384   316  323  111  119   336  368  137  172  0.06 0.12 0.19 0.31
 9 21:56:21 23  448   312  317  111  119   350  358  115  178  0.11 0.11 ---- 0.33
10 21:56:41 23  512   307  311  111  120   335  337  140  175  0.08 0.08 0.21 0.31
11 21:57:02 23  576   304  306  111  121   327  333  139  186  0.07 0.08 0.20 0.35
12 21:57:22 23  640   300  300  111  120   321  347  134  178  0.07 0.14 0.17 0.33
13 21:57:42 23  704   296  294  111  120   318  322  132  178  0.07 0.09 0.16 0.33
14 21:58:03 23  832   231  250   63   99   280  311  127  183  0.17 0.20 0.50 0.46
;            Ch1    Ch2    Ch3    Ch4      blue   green  brown
;  alpha:   0.201  0.146  0.339  0.716    -0.000 -0.000  0.219
; ETRmax:   962.9  390.8 804155.8 569982.9       0.0    0.0 157566.8
;     Ik:  4794.8 2678.6 2375002. 796001.8       0.0    0.0 720840.3
;References: BL_US PMDA0174.REF2 GR_US PMDA0174.REF2 BR_US PMDA0174.REF2

;LTM 130m_20160302
02MAR2016  22:02:00  Gain: 23  Zoff: -141 -56 524 -182
No   Time    G  PAR    F1   F2   F3   F4   Fm1  Fm2  Fm3  Fm4    Y1   Y2   Y3   Y4
;    Time    G  PAR    F1   F2   F3   F4     c(Bl)   c(Gr)   c(Br)   Sum c  Total c  c/F(Bl) c/F(Br)
cF 22:02:13 23   64   315  329   93   96     ----    ----    0.56    0.56    0.74    1.25    0.75
; Based on Chlorophyll Calibration file default_PMDA0174.cal

02MAR2016  22:02:22  Gain: 23  Zoff: -141 -56 524 -182
No   Time    G  PAR    F1   F2   F3   F4   Fm1  Fm2  Fm3  Fm4    Y1   Y2   Y3   Y4
 1 22:02:22 23   64   316  331   94   98   354  377  123  168  0.11 0.12 0.24 0.42
 2 22:02:44 23   16   316  333   99  101   367  381  125  154  0.14 0.13 0.21 0.34
 3 22:03:04 23   64   316  330   96   99   343  362  131  162  0.08 0.09 0.27 0.39
 4 22:03:25 23  128   312  325   97  100   330  364  133  158  0.05 0.11 0.27 0.37
 5 22:03:45 23  192   309  319   98  101   338  339  123  155  0.09 0.06 0.20 0.35
 6 22:04:05 23  256   306  313  100  103   328  361  120  165  0.07 0.13 0.17 0.38
 7 22:04:26 23  320   304  310  101  105   337  338  108  164  0.10 0.08 ---- 0.36
 8 22:04:46 23  384   300  305  101  105   315  335  122  151  0.05 0.09 0.17 0.30
 9 22:05:06 23  448   296  299  100  105   316  326  127  148  0.06 0.08 0.21 0.29
10 22:05:26 23  512   292  293  102  106   302  322  121  150  0.03 0.09 0.16 0.29
11 22:05:47 23  576   289  289  102  106   315  320  136  153  0.08 0.10 0.25 0.31
12 22:06:07 23  640   286  284  102  107   305  322  127  154  0.06 0.12 0.20 0.31
13 22:06:27 23  704   283  279  103  110   310  308  120  162  0.09 0.09 0.14 0.32
14 22:06:47 23  832   219  237   56   88   282  304  128  164  0.22 0.22 0.56 0.46
;            Ch1    Ch2    Ch3    Ch4      blue   green  brown
;  alpha:   0.079  0.133  0.194  0.835    -0.000 -0.000  0.179
; ETRmax:  24421.0  401.6 5052.3 1408.4       0.0    0.0 270473.7
;     Ik:  307850.8 3014.3 26020.6 1686.4       0.0    0.0 1508229.
;References: BL_US PMDA0174.REF2 GR_US PMDA0174.REF2 BR_US PMDA0174.REF2

;LTM 140m_20160302

02MAR2016  22:09:45  Gain: 23  Zoff: -141 -56 524 -182
No   Time    G  PAR    F1   F2   F3   F4   Fm1  Fm2  Fm3  Fm4    Y1   Y2   Y3   Y4
;    Time    G  PAR    F1   F2   F3   F4     c(Bl)   c(Gr)   c(Br)   Sum c  Total c  c/F(Bl) c/F(Br)
cF 22:10:03 23   64   599  618  171  175     ----    ----    1.06    1.06    1.38    1.25    0.75
; Based on Chlorophyll Calibration file default_PMDA0174.cal

02MAR2016  22:10:12  Gain: 23  Zoff: -141 -56 524 -182
No   Time    G  PAR    F1   F2   F3   F4   Fm1  Fm2  Fm3  Fm4    Y1   Y2   Y3   Y4
 1 22:10:12 23   64   596  615  171  175   627  639  206  216  0.05 0.04 0.17 0.19
 2 22:10:34 23   16   591  612  172  175   618  651  206  238  0.04 0.06 0.17 0.26
 3 22:10:54 23   64   582  602  168  172   615  634  190  228  0.05 0.05 0.12 0.25
 4 22:11:14 23  128   566  582  166  170   592  622  183  243  0.04 0.06 0.09 0.30
 5 22:11:35 23  192   551  565  163  168   569  604  186  227  0.03 0.06 0.12 0.26
 6 22:11:55 23  256   536  546  161  166   557  582  178  219  0.04 0.06 0.10 0.24
 7 22:12:15 23  320   522  531  159  164   546  556  180  223  0.04 0.04 0.12 0.26
 8 22:12:35 23  384   509  515  157  162   526  540  185  217  0.03 0.05 0.15 0.25
 9 22:12:56 23  448   494  499  154  160   526  537  183  212  0.06 0.07 0.16 0.25
10 22:13:16 23  512   482  485  152  158   491  511  179  204  0.02 0.05 0.15 0.23
11 22:13:36 23  576   471  472  150  157   486  514  177  207  0.03 0.08 0.15 0.24
12 22:13:57 23  640   459  460  148  155   472  479  173  211  0.03 0.04 0.14 0.27
13 22:14:17 23  704   448  446  145  152   462  467  170  208  0.03 0.04 0.15 0.27
14 22:14:37 23  832   358  378   75  111   422  462  144  208  0.15 0.18 0.48 0.47
;            Ch1    Ch2    Ch3    Ch4      blue   green  brown
;  alpha:   0.032  0.058  0.170  0.399    -0.000 -0.000  0.077
; ETRmax:    94.3 43041.9 787016.9 7756.9       0.0    0.0 4894.8
;     Ik:  2964.3 742249.5 4630171. 19457.0       0.0    0.0 63309.3
;References: BL_US PMDA0174.REF2 GR_US PMDA0174.REF2 BR_US PMDA0174.REF2

;LTM 150m_20160302

02MAR2016  22:19:00  Gain: 23  Zoff: -141 -56 524 -182
No   Time    G  PAR    F1   F2   F3   F4   Fm1  Fm2  Fm3  Fm4    Y1   Y2   Y3   Y4
;    Time    G  PAR    F1   F2   F3   F4     c(Bl)   c(Gr)   c(Br)   Sum c  Total c  c/F(Bl) c/F(Br)
cF 22:19:13 23   64   311  311   79   77     ----    ----    0.54    0.54    0.69    1.25    0.75
; Based on Chlorophyll Calibration file default_PMDA0174.cal

02MAR2016  22:19:21  Gain: 23  Zoff: -141 -56 524 -182
No   Time    G  PAR    F1   F2   F3   F4   Fm1  Fm2  Fm3  Fm4    Y1   Y2   Y3   Y4
 1 22:19:22 23   64   308  309   77   76   339  343  102  138  0.09 0.10 0.25 0.45
 2 22:19:44 23   16   300  301   74   71   322  338  100  116  0.07 0.11 0.26 0.39
 3 22:20:04 23   64   294  294   71   70   319  344   96  124  0.08 0.15 0.26 0.44
 4 22:20:24 23  128   288  285   72   70   313  327  107  113  0.08 0.13 0.33 0.38
 5 22:20:44 23  192   280  275   71   71   314  310   97  112  0.11 0.11 0.27 0.37
 6 22:21:05 23  256   273  264   71   70   299  304   94  134  0.09 0.13 0.24 0.48
 7 22:21:25 23  320   264  253   69   69   294  273   92  133  0.10 0.07 0.25 0.48
 8 22:21:45 23  384   254  242   69   68   285  271   89  110  0.11 0.11 0.22 0.38
 9 22:22:06 23  448   247  233   68   68   269  264   83  124  0.08 0.12 0.18 0.45
10 22:22:26 23  512   241  226   68   69   274  250   87  120  0.12 0.10 0.22 0.42
11 22:22:46 23  576   236  219   67   69   247  259  101  123  0.04 0.15 0.34 0.44
12 22:23:06 23  640   230  213   68   69   248  243   96  110  0.07 0.12 0.29 0.37
13 22:23:27 23  704   225  206   67   69   253  237   92  105  0.11 0.13 0.27 0.34
14 22:23:47 23  832   183  180   39   63   226  237   91  116  0.19 0.24 0.57 0.46
;            Ch1    Ch2    Ch3    Ch4      blue   green  brown
;  alpha:   0.254  0.173  0.334  0.900    -0.000 -0.000  0.250
; ETRmax:   721.9  292.4 356106.2  535.7       0.0    0.0 236609.1
;     Ik:  2843.0 1686.5 1067330.  595.3       0.0    0.0 948092.0
;References: BL_US PMDA0174.REF2 GR_US PMDA0174.REF2 BR_US PMDA0174.REF2

;LTM 160m_20160302

02MAR2016  22:28:20  Gain: 23  Zoff: -141 -56 524 -182
No   Time    G  PAR    F1   F2   F3   F4   Fm1  Fm2  Fm3  Fm4    Y1   Y2   Y3   Y4
;    Time    G  PAR    F1   F2   F3   F4     c(Bl)   c(Gr)   c(Br)   Sum c  Total c  c/F(Bl) c/F(Br)
cF 22:28:34 23   64   509  353 -297  395     ----    ----    ----    0.00    0.85    1.25    0.75
; Based on Chlorophyll Calibration file default_PMDA0174.cal

02MAR2016  22:29:06  Gain: 23  Zoff: -141 -56 524 -182
No   Time    G  PAR    F1   F2   F3   F4   Fm1  Fm2  Fm3  Fm4    Y1   Y2   Y3   Y4
 1 22:29:06 23   64   243  247   61   63   282  284   93  127  0.14 0.13 0.34 0.50
 2 22:29:28 23   16   242  245   64   63   281  281   89  114  0.14 0.13 0.28 0.45
 3 22:29:48 23   64   240  244   63   63   271  288   87  130  0.11 0.15 0.28 0.52
 4 22:30:09 23  128   235  237   64   64   264  269   93  126  0.11 0.12 0.31 0.49
 5 22:30:29 23  192   230  229   65   65   267  262   84  140  0.14 0.13 0.23 0.54
 6 22:30:49 23  256   224  220   65   65   250  246  104  120  0.10 0.11 0.38 0.46
 7 22:31:09 23  320   217  212   65   65   245  250   86  124  0.11 0.15 0.24 0.48
 8 22:31:30 23  384   211  205   65   65   230  245   81  116  0.08 0.16 0.20 0.44
 9 22:31:50 23  448   207  198   64   66   235  227   87  125  0.12 0.13 0.26 0.47
10 22:32:10 23  512   203  192   66   67   226  238   91  113  0.10 0.19 0.27 0.41
11 22:32:31 23  576   201  187   66   68   229  211   97  129  0.12 0.11 0.32 0.47
12 22:32:51 23  640   196  181   66   69   222  217   89  120  0.12 0.17 0.26 0.42
13 22:33:11 23  704   192  175   67   69   224  215   99  126  0.14 0.19 0.32 0.45
14 22:33:31 23  832   135  138   25   53   183  206   87  132  0.26 0.33 0.71 0.60
;            Ch1    Ch2    Ch3    Ch4      blue   green  brown
;  alpha:   0.171  0.193  0.405  1.041    -0.000 -0.000  0.309
; ETRmax:  185913.1  302.3 1512421. 910654.0       0.0    0.0 155026.9
;     Ik:  1086441. 1563.1 3733524. 874528.6       0.0    0.0 501249.7
;References: BL_US PMDA0174.REF2 GR_US PMDA0174.REF2 BR_US PMDA0174.REF2



;LTM 170m_20160302

02MAR2016  22:47:15  Gain: 22  Zoff: -96 -38 355 -123
No   Time    G  PAR    F1   F2   F3   F4   Fm1  Fm2  Fm3  Fm4    Y1   Y2   Y3   Y4
;    Time    G  PAR    F1   F2   F3   F4     c(Bl)   c(Gr)   c(Br)   Sum c  Total c  c/F(Bl) c/F(Br)
cF 22:47:32 22   64  -108 -114   78 -147     ----    ----    ----    0.00 ----    1.25    0.75
; Based on Chlorophyll Calibration file default_PMDA0174.cal

02MAR2016  23:09:43  Gain: 22  Zoff: 0 0 0 0
No   Time    G  PAR    F1   F2   F3   F4   Fm1  Fm2  Fm3  Fm4    Y1   Y2   Y3   Y4
Gain: 22  Zoff: 0 0 0 0
 1 23:09:44 22   64   345  399  431  250   376  433  454  304  0.08 0.08 0.05 0.18
 2 23:10:05 22   16   345  399  432  251   377  438  464  289  0.08 0.09 0.07 0.13
 3 23:10:25 22   64   346  399  433  252   381  431  463  303  0.09 0.07 0.06 0.17
 4 23:10:46 22  115   346  397  434  254   380  421  456  307  0.09 0.06 0.05 0.17
 5 23:11:06 22  192   346  393  436  256   371  422  458  303  0.07 0.07 0.05 0.16
 6 23:11:26 22  256   345  391  437  257   364  425  460  305  0.05 0.08 0.05 0.16
 7 23:11:47 22  320   346  390  439  260   380  427  466  309  0.09 0.09 0.06 0.16
 8 23:12:07 22  384   346  390  441  261   380  414  469  302  0.09 0.06 0.06 0.14
 9 23:12:27 22  448   346  388  442  263   374  419  465  315  0.07 0.07 0.05 0.17
10 23:12:47 22  512   345  385  443  264   377  414  468  306  0.08 0.07 0.05 0.14
11 23:13:08 22  576   345  383  444  266   361  413  468  315  0.04 0.07 0.05 0.16
12 23:13:28 22  640   345  382  446  268   377  410  473  307  0.08 0.07 0.06 0.13
13 23:13:48 22  704   346  382  448  270   366  399  476  312  0.05 0.04 0.06 0.13
14 23:14:09 22  832   347  379  451  274   354  413  464  322  ---- 0.08 0.03 0.15
;            Ch1    Ch2    Ch3    Ch4      blue   green  brown
;  alpha:   0.193  0.168  0.134  0.357     0.175 -0.000  0.206
; ETRmax:   353.6 1048.9  125.1  289.8     198.6    0.0  748.5
;     Ik:  1833.1 6242.5  935.5  812.4    1136.7    0.0 3626.6
;References: BL_US PMDA0174.REF2 GR_US PMDA0174.REF2 BR_US PMDA0174.REF2
Gain: 22  Zoff: 314 362 420 237

;LTM 170m_20160302

02MAR2016  23:20:15  Gain: 22  Zoff: 314 362 420 237
No   Time    G  PAR    F1   F2   F3   F4   Fm1  Fm2  Fm3  Fm4    Y1   Y2   Y3   Y4
 1 23:20:16 22   64    40   46   12   15    76   71   44   71  0.47 0.35 ---- ----
 2 23:20:37 22   16    38   43   12   15    68   85   39   70  0.44 0.49 ---- ----
 3 23:20:58 22   64    37   42   12   15    68   78   36   64  0.46 0.46 ---- ----
 4 23:21:18 22  128    38   41   14   17   123   12   58   57  0.69 ---- ---- ----
 5 23:21:38 22  192    38   39   16   20    66   67   46   72  0.42 0.42 ---- ----
 6 23:21:59 22  256    38   37   18   22    69   73   32   73  0.45 0.49 ---- 0.70
 7 23:22:19 22  320    38   35   20   24    61   70   54   71  0.38 0.50 ---- 0.66
 8 23:22:39 22  384    38   33   22   26    61   69   53   69  0.38 0.52 0.58 0.62
 9 23:22:59 22  448    38   31   23   28    58   60   45   76  0.34 0.48 0.49 0.63
10 23:23:20 22  512    37   29   25   29    62   58   59   82  0.40 0.50 0.58 0.65
11 23:23:40 22  576    38   28   26   31    63   69   48   76  0.40 0.59 0.46 0.59
12 23:24:00 22  640    37   26   28   33    63   58   48   71  0.41 0.55 0.42 0.54
13 23:24:20 22  704    38   24   29   34    66   56   44   78  0.42 0.57 0.34 0.56
14 23:24:41 22  832    39   22   32   38    39   51   53   88  ---- 0.57 0.40 0.57
;            Ch1    Ch2    Ch3    Ch4      blue   green  brown
;  alpha:   0.915  0.951  2.726  1.746     2.003 -0.000  1.791
; ETRmax:  26383.2 1020.0  797.8 3331.4    3607.7    0.0  987.6
;     Ik:  28821.7 1072.0  292.7 1907.5    1801.6    0.0  551.3
;References: BL_US PMDA0174.REF2 GR_US PMDA0174.REF2 BR_US PMDA0174.REF2

;LTM 180m_20160302

02MAR2016  23:28:04  Gain: 22  Zoff: 314 362 420 237
No   Time    G  PAR    F1   F2   F3   F4   Fm1  Fm2  Fm3  Fm4    Y1   Y2   Y3   Y4
 1 23:28:04 22   64    41   48   14   19   -21  -64  207  145  ---- ---- ---- ----
 2 23:28:26 22   16    41   48   15   19    75   78   39   68  0.45 0.38 ---- ----
 3 23:28:46 22   64    41   48   15   20    76   78   42   82  0.46 0.38 ---- ----
 4 23:29:06 22   94    42   47   17   23    72   80   49   73  0.42 0.41 ---- 0.68
 5 23:29:26 22  192    45   47   21   27    77   77   57   82  0.42 0.39 0.63 0.67
 6 23:29:47 22  256    45   44   23   29    77   76   43   76  0.42 0.42 0.47 0.62
 7 23:30:07 22  320    45   42   24   30    70   76   50   79  0.36 0.45 0.52 0.62
 8 23:30:27 22  384    45   41   26   32    76   74   46   72  0.41 0.45 0.43 0.56
 9 23:30:48 22  448    45   39   27   34    79   60   54   77  0.43 0.35 0.50 0.56
10 23:31:08 22  512    44   37   29   35    70   68   48   80  0.37 0.46 0.40 0.56
11 23:31:28 22  576    45   36   30   37    71   72   52   72  0.37 0.50 0.42 0.49
12 23:31:48 22  640    45   35   32   39    65   72   56   76  0.31 0.51 0.43 0.49
13 23:32:09 22  704    46   34   34   41    67   66   58   83  0.31 0.48 0.41 0.51
14 23:32:29 22  832    47   32   35   44    52   65   55   98  ---- 0.51 0.36 0.55
;            Ch1    Ch2    Ch3    Ch4      blue   green  brown
;  alpha:   0.861  0.956  0.959  1.368     1.800 -0.000  0.798
; ETRmax:   368.6 1034077.  358.2  635.5    1160.9    0.0 3029053.
;     Ik:   428.3 1081682.  373.6  464.4     644.8    0.0 3798030.
;References: BL_US PMDA0174.REF2 GR_US PMDA0174.REF2 BR_US PMDA0174.REF2

;LTM 190m_20160302


02MAR2016  23:35:43  Gain: 22  Zoff: 314 362 420 237
No   Time    G  PAR    F1   F2   F3   F4   Fm1  Fm2  Fm3  Fm4    Y1   Y2   Y3   Y4
 1 23:35:43 22    1    42   46   14   17   -17  -54  201  149  ---- ---- ---- ----
 2 23:36:05 22   16    42   47   15   17    73   89   41   71  0.42 0.47 ---- ----
 3 23:36:25 22   64    44   48   16   19    79   90   42   77  0.44 0.47 ---- ----
 4 23:36:45 22  128    49   49   20   23    74   85   52   81  0.34 0.42 ---- 0.72
 5 23:37:05 22  192    49   47   22   26    73   77   52   74  0.33 0.39 0.58 0.65
 6 23:37:26 22  256    50   45   25   28    72   76   51   82  0.31 0.41 0.51 0.66
 7 23:37:46 22  320    48   43   25   28    76   80   50   72  0.37 0.46 0.50 0.61
 8 23:38:06 22  384    47   41   26   29    66   67   46   78  0.29 0.39 0.43 0.63
 9 23:38:27 22  448    48   40   28   32    81   78   59   70  0.41 0.49 0.53 0.54
10 23:38:47 22  512    51   40   32   37    82   71   50   82  0.38 0.44 0.36 0.55
11 23:39:07 22  576    54   40   35   39    80   66   57   83  0.33 0.39 0.39 0.53
12 23:39:27 22  640    72   44   -2   42    73   79   48   73  ---- 0.44 ---- 0.42
13 23:39:48 22  704    53   39   35   40    74   74   59   75  0.28 0.47 0.41 0.47
14 23:40:08 22  832    56   37   41   46    72   65   58   92  0.22 0.43 0.29 0.50
;            Ch1    Ch2    Ch3    Ch4      blue   green  brown
;  alpha:   0.569  0.965  1.123  1.323     1.501 -0.000  1.180
; ETRmax:   197.3 4072777. 2458.2  459.1     503.0    0.0  898.7
;     Ik:   346.8 4220684. 2189.1  347.1     335.1    0.0  761.4
;References: BL_US PMDA0174.REF2 GR_US PMDA0174.REF2 BR_US PMDA0174.REF2

;LTM 200m_20160302

02MAR2016  23:42:35  Gain: 22  Zoff: 314 362 420 237
No   Time    G  PAR    F1   F2   F3   F4   Fm1  Fm2  Fm3  Fm4    Y1   Y2   Y3   Y4
 1 23:42:36 22   64    33   32    8   11    60   78   40   68  0.45 0.59 ---- ----
 2 23:42:57 22    1    34   34   10   11    71   65   40   61  0.52 0.48 ---- ----
 3 23:43:18 22   64    35   34   10   14    69   74   40   67  0.49 0.54 ---- ----
 4 23:43:38 22  128    34   34   13   15    67   69   36   75  0.49 0.51 ---- ----
 5 23:43:58 22  192    35   31   15   18    63   62   48   68  0.44 0.50 ---- ----
 6 23:44:19 22  256    37   30   17   21    67   64   42   75  0.45 0.53 ---- 0.72
 7 23:44:39 22  320    40   32   21   24    69   68   47   75  0.42 0.53 0.55 0.68
 8 23:44:59 22    1    40   31   22   25    69   65   48   72  0.42 0.52 0.54 0.65
 9 23:45:19 22  448    39   29   23   27    74   59   47   69  0.47 0.51 0.51 0.61
10 23:45:40 22  512    39   28   24   28    59   61   53   84  0.34 0.54 0.55 0.67
11 23:46:00 22  576    39   27   26   30    72   65   42   76  0.46 0.58 0.38 0.61
12 23:46:20 22  640    43   27   29   34    74   67   57   87  0.42 0.60 0.49 0.61
13 23:46:40 22  704    44   26   31   36    68   60   45   81  0.35 0.57 0.31 0.56
14 23:47:01 22  832    43   24   33   38    63   53   50   83  0.32 0.55 0.34 0.54
;            Ch1    Ch2    Ch3    Ch4      blue   green  brown
;  alpha:   1.077  1.190  1.153  1.415     1.522 11.407  1.111
; ETRmax:  1708.3 2437.4  422.6  719.3     694.9  169.4 28732081
;     Ik:  1586.0 2047.5  366.5  508.2     456.5   14.8 25873043
;References: BL_US PMDA0174.REF2 GR_US PMDA0174.REF2 BR_US PMDA0174.REF2



