Gain: 22  Zoff: 335 404 293 272
;LTM_05252018_0m
25MAY2018  21:09:56  Gain: 22  Zoff: 335 404 293 272
No   Time    G  PAR    F1   F2   F3   F4   Fm1  Fm2  Fm3  Fm4    Y1   Y2   Y3   Y4
 1 21:17:03 22 3395   392  535  623  556   576  689  774  748  0.32 0.22 0.20 0.26

25MAY2018  21:17:07  Gain: 22  Zoff: 335 404 293 272
No   Time    G  PAR    F1   F2   F3   F4   Fm1  Fm2  Fm3  Fm4    Y1   Y2   Y3   Y4
 1 21:17:07 22 3389   397  537  631  564   561  678  780  749  0.29 0.21 0.19 0.25
 2 21:17:29 22 3400   385  534  662  578   612  712  852  821  0.37 0.25 0.22 0.30
 3 21:17:49 22 3392   382  544  684  593   565  708  846  796  0.32 0.23 0.19 0.26
 4 21:18:09 22 3391   375  543  644  567   525  687  762  722  0.29 0.21 0.15 0.21
 5 21:18:29 22 3396   381  546  618  548   514  679  744  692  0.26 0.20 0.17 0.21
 6 21:18:50 22 3399   382  551  627  557   501  675  755  701  0.24 0.18 0.17 0.21
 7 21:19:10 22 3394   386  563  669  587   490  672  787  730  0.21 0.16 0.15 0.20
 8 21:19:30 22 3390   387  572  695  608   485  676  793  732  0.20 0.15 0.12 0.17
 9 21:19:50 22 3398   391  578  701  611   481  682  788  733  0.19 0.15 0.11 0.17
10 21:20:11 22 3391   390  581  710  619   436  658  771  718  0.11 0.12 0.08 0.14
;            Ch1    Ch2    Ch3    Ch4      blue   green  brown
;  alpha:   0.277  0.277  0.275  0.277     0.276 -0.000  0.277
; ETRmax:   364.0  267.7  232.6  298.4     219.6    0.0  369.4
;     Ik:  1315.2  967.7  846.6 1075.9     795.1    0.0 1334.3
;References: BL_US PMDA0174.REF2 GR_US PMDA0174.REF2 BR_US PMDA0174.REF2

;LTM_05252018_10m

25MAY2018  21:22:31  Gain: 22  Zoff: 335 404 293 272
No   Time    G  PAR    F1   F2   F3   F4   Fm1  Fm2  Fm3  Fm4    Y1   Y2   Y3   Y4
 1 21:22:42 22 3397   393  500  545  502   575  649  726  700  0.32 0.23 0.25 0.28

25MAY2018  21:22:46  Gain: 22  Zoff: 335 404 293 272
No   Time    G  PAR    F1   F2   F3   F4   Fm1  Fm2  Fm3  Fm4    Y1   Y2   Y3   Y4
 1 21:22:46 22 3394   396  501  559  512   547  626  717  692  0.28 0.20 0.22 0.26
 2 21:23:08 22 3399   381  482  492  455   607  657  677  682  0.37 0.27 0.27 0.33
 3 21:23:28 22 3395   390  497  511  474   604  670  696  694  0.35 0.26 0.27 0.32
 4 21:23:48 22 3394   377  501  518  475   532  643  658  648  0.29 0.22 0.21 0.27
 5 21:24:09 22 3391   367  498  512  469   511  632  633  628  0.28 0.21 0.19 0.25
 6 21:24:29 22 3395   364  502  508  466   484  618  602  602  0.25 0.19 0.16 0.23
 7 21:24:49 22 3391   357  499  494  451   473  609  603  582  0.25 0.18 0.18 0.23
 8 21:25:09 22 3392   363  508  507  465   467  627  614  596  0.22 0.19 0.17 0.22
 9 21:25:30 22 3392   373  522  538  491   475  633  639  613  0.21 0.18 0.16 0.20
10 21:25:50 22 3389   366  518  530  484   429  602  590  598  0.15 0.14 0.10 0.19
;            Ch1    Ch2    Ch3    Ch4      blue   green  brown
;  alpha:   0.277  0.277  0.277  0.277     0.277 -0.000  0.277
; ETRmax:   408.0  289.3  276.5  367.2     263.8    0.0  396.7
;     Ik:  1473.9 1042.6  999.6 1325.9     951.2    0.0 1433.4
;References: BL_US PMDA0174.REF2 GR_US PMDA0174.REF2 BR_US PMDA0174.REF2

;LTM_05252018_20m

25MAY2018  21:28:05  Gain: 22  Zoff: 335 404 293 272
No   Time    G  PAR    F1   F2   F3   F4   Fm1  Fm2  Fm3  Fm4    Y1   Y2   Y3   Y4
 1 21:28:21 22 3393   476  531  688  621   739  754  912  887  0.36 0.30 0.25 0.30

25MAY2018  21:28:24  Gain: 22  Zoff: 335 404 293 272
No   Time    G  PAR    F1   F2   F3   F4   Fm1  Fm2  Fm3  Fm4    Y1   Y2   Y3   Y4
 1 21:28:25 22 3396   484  534  688  624   725  728  891  862  0.33 0.27 0.23 0.28
 2 21:28:46 22 3397   466  520  647  584   789  788  955  936  0.41 0.34 0.32 0.38
 3 21:29:07 22 3391   468  532  644  581   768  774  871  865  0.39 0.31 0.26 0.33
 4 21:29:27 22 3392   480  537  606  560   719  755  841  825  0.33 0.29 0.28 0.32
 5 21:29:47 22 3392   469  541  634  578   655  728  811  787  0.28 0.26 0.22 0.27
 6 21:30:07 22 3392   476  552  640  586   656  741  843  808  0.27 0.26 0.24 0.27
 7 21:30:28 22 3395   482  565  650  594   622  714  790  762  0.23 0.21 0.18 0.22
 8 21:30:48 22 3388   473  569  660  602   611  718  793  762  0.23 0.21 0.17 0.21
 9 21:31:08 22 3392   489  582  654  602   621  726  805  771  0.21 0.20 0.19 0.22
10 21:31:28 22 3397   492  591  683  622   569  717  776  758  0.14 0.18 0.12 0.18
;            Ch1    Ch2    Ch3    Ch4      blue   green  brown
;  alpha:   0.276  0.277  0.277  0.277     0.277 -0.000  0.277
; ETRmax:   471.4  371.8  314.3  413.2     290.9    0.0  570.5
;     Ik:  1708.0 1344.5 1133.3 1492.7    1050.0    0.0 2062.1
;References: BL_US PMDA0174.REF2 GR_US PMDA0174.REF2 BR_US PMDA0174.REF2

;LTM_05252018_30m

25MAY2018  21:33:20  Gain: 22  Zoff: 335 404 293 272
No   Time    G  PAR    F1   F2   F3   F4   Fm1  Fm2  Fm3  Fm4    Y1   Y2   Y3   Y4
 1 21:33:48 22 3390   412  564  605  537   612  789  793  755  0.33 0.29 0.24 0.29

25MAY2018  21:33:52  Gain: 22  Zoff: 335 404 293 272
No   Time    G  PAR    F1   F2   F3   F4   Fm1  Fm2  Fm3  Fm4    Y1   Y2   Y3   Y4
 1 21:33:52 22 3392   408  562  601  536   588  763  795  755  0.31 0.26 0.24 0.29
 2 21:34:14 22 3398   395  548  540  484   690  840  820  807  0.43 0.35 0.34 0.40
 3 21:34:34 22 3391   408  570  572  512   654  824  799  776  0.38 0.31 0.28 0.34
 4 21:34:54 22 3391   401  564  551  497   601  805  773  752  0.33 0.30 0.29 0.34
 5 21:35:14 22 3386   397  575  563  506   568  791  743  715  0.30 0.27 0.24 0.29
 6 21:35:35 22 3391   410  591  579  522   555  779  717  696  0.26 0.24 0.19 0.25
 7 21:35:55 22 3390   396  583  542  495   527  764  677  659  0.25 0.24 0.20 0.25
 8 21:36:15 22 3400   403  600  566  514   527  777  699  678  0.24 0.23 0.19 0.24
 9 21:36:36 22 3390   408  605  543  498   510  764  653  632  0.20 0.21 0.17 0.21
10 21:36:56 22 3392   403  603  544  499   469  742  645  639  0.14 0.19 0.16 0.22
;            Ch1    Ch2    Ch3    Ch4      blue   green  brown
;  alpha:   0.257  0.277  0.206  0.276     0.277 -0.000  0.270
; ETRmax:   743.6  391.7  614.6  477.8     310.2    0.0  793.0
;     Ik:  2890.9 1415.5 2983.4 1732.1    1119.9    0.0 2941.3
;References: BL_US PMDA0174.REF2 GR_US PMDA0174.REF2 BR_US PMDA0174.REF2

;LTM_05252018_40m

25MAY2018  21:38:52  Gain: 22  Zoff: 335 404 293 272
No   Time    G  PAR    F1   F2   F3   F4   Fm1  Fm2  Fm3  Fm4    Y1   Y2   Y3   Y4
 1 21:39:20 22 3393   299  676  301  294   480  955  509  526  0.38 0.29 0.41 0.44

25MAY2018  21:39:30  Gain: 22  Zoff: 335 404 293 272
No   Time    G  PAR    F1   F2   F3   F4   Fm1  Fm2  Fm3  Fm4    Y1   Y2   Y3   Y4
 1 21:39:31 22 3398   311  693  387  357   506  996  642  625  0.39 0.30 0.40 0.43
 2 21:39:52 22 3392   288  656  307  293   531  982  471  501  0.46 0.33 0.35 0.42
 3 21:40:12 22 3391   298  674  339  320   509  975  564  569  0.41 0.31 0.40 0.44
 4 21:40:33 22 3396   301  675  298  292   481  946  407  449  0.37 0.29 0.27 0.35
 5 21:40:53 22 3395   311  683  282  287   462  942  413  447  0.33 0.27 0.32 0.36
 6 21:41:13 22 3387   316  694  299  301   448  928  433  459  0.29 0.25 0.31 0.34
 7 21:41:34 22 3400   324  712  360  346   447  954  531  538  0.28 0.25 0.32 0.36
 8 21:41:54 22 3399   332  727  390  368   439  928  420  448  0.24 0.22 0.07 0.18
 9 21:42:14 22 3398   323  713  312  312   428  915  397  436  0.25 0.22 0.21 0.28
10 21:42:34 22 3391   315  710  293  299   382  893  380  422  0.18 0.20 0.23 0.29
;            Ch1    Ch2    Ch3    Ch4      blue   green  brown
;  alpha:  273119.4  0.277 6910.235 40439.40     0.277 -0.000 175050.8
; ETRmax:  3285.4  408.3 48431.5 2597.9     564.2    0.0 3861.8
;     Ik:     0.0 1475.3    7.0    0.1    2038.4    0.0    0.0
;References: BL_US PMDA0174.REF2 GR_US PMDA0174.REF2 BR_US PMDA0174.REF2

;LTM_05252018_50m

25MAY2018  21:44:39  Gain: 22  Zoff: 335 404 293 272
No   Time    G  PAR    F1   F2   F3   F4   Fm1  Fm2  Fm3  Fm4    Y1   Y2   Y3   Y4
 1 21:44:51 22 3399   106  216   78   93   198  320  145  197  0.46 0.33 0.46 0.53

25MAY2018  21:44:55  Gain: 22  Zoff: 335 404 293 272
No   Time    G  PAR    F1   F2   F3   F4   Fm1  Fm2  Fm3  Fm4    Y1   Y2   Y3   Y4
 1 21:44:55 22 3398   111  217   84  100   195  319  158  206  0.43 0.32 0.47 0.51
 2 21:45:17 22 3394   100  204   77   90   209  325  155  197  0.52 0.37 0.50 0.54
 3 21:45:37 22 3400   105  212   79   93   204  323  154  197  0.49 0.34 0.49 0.53
 4 21:45:57 22 3392   109  216   83   98   200  321  152  195  0.46 0.33 0.45 0.50
 5 21:46:17 22 3395   118  222   90  106   196  323  156  208  0.40 0.31 0.42 0.49
 6 21:46:38 22 3394   117  221   90  107   182  304  145  181  0.36 0.27 0.38 0.41
 7 21:46:58 22 3395   122  227   94  111   191  306  155  196  0.36 0.26 0.39 0.43
 8 21:47:18 22 3394   131  233  100  118   186  312  156  190  0.30 0.25 0.36 0.38
 9 21:47:39 22 3391   122  229   99  116   172  306  147  186  0.29 0.25 0.33 0.38
10 21:47:59 22 3393   120  226   96  113   155  292  138  180  0.23 0.23 0.30 0.37
;            Ch1    Ch2    Ch3    Ch4      blue   green  brown
;  alpha:   0.365  0.276  0.399  0.456     0.458 -0.000  0.323
; ETRmax:   769.8  542.8  793.3  844.5     844.4    0.0  735.6
;     Ik:  2108.9 1964.8 1986.5 1852.3    1843.2    0.0 2276.5
;References: BL_US PMDA0174.REF2 GR_US PMDA0174.REF2 BR_US PMDA0174.REF2

;LTM_05252018_60m

25MAY2018  21:50:03  Gain: 22  Zoff: 335 404 293 272
No   Time    G  PAR    F1   F2   F3   F4   Fm1  Fm2  Fm3  Fm4    Y1   Y2   Y3   Y4
 1 21:50:29 22 3395   337  365  223  238   302  352  262  289  ---- ---- 0.15 0.18

25MAY2018  21:50:35  Gain: 22  Zoff: 335 404 293 272
No   Time    G  PAR    F1   F2   F3   F4   Fm1  Fm2  Fm3  Fm4    Y1   Y2   Y3   Y4
 1 21:50:35 22 3396   228  278  192  193   284  344  254  283  0.20 0.19 0.24 0.32
 2 21:50:57 22 3396   169  236  158  155   328  374  266  299  0.48 0.37 0.41 0.48
 3 21:51:17 22 3398   163  234  170  164   277  348  247  280  0.41 0.33 0.31 0.41
 4 21:51:37 22 3390   164  231  154  153   275  328  226  259  0.40 0.30 0.32 0.41
 5 21:51:58 22 3397   172  239  164  163   263  334  236  261  0.35 0.28 0.31 0.38
 6 21:52:18 22 3399   169  236  155  157   253  325  211  231  0.33 0.27 0.27 0.32
 7 21:52:38 22 3394   165  234  155  156   246  316  224  246  0.33 0.26 0.31 0.37
 8 21:52:59 22 3391   180  245  167  170   256  324  230  256  0.30 0.24 0.27 0.34
 9 21:53:19 22 3393   176  244  172  172   231  319  222  248  0.24 0.24 0.23 0.31
10 21:53:39 22 3395   165  239  165  165   210  301  199  242  0.21 0.21 0.17 0.32
;            Ch1    Ch2    Ch3    Ch4      blue   green  brown
;  alpha:   0.299  0.277  0.276  0.344     0.276 -0.000  0.292
; ETRmax:   741.4  418.2  475.4  752.4     486.9    0.0  746.6
;     Ik:  2479.1 1510.7 1723.2 2185.6    1764.3    0.0 2552.7
;References: BL_US PMDA0174.REF2 GR_US PMDA0174.REF2 BR_US PMDA0174.REF2

;LTM_05252018_70m

25MAY2018  21:55:58  Gain: 22  Zoff: 335 404 293 272
No   Time    G  PAR    F1   F2   F3   F4   Fm1  Fm2  Fm3  Fm4    Y1   Y2   Y3   Y4
 1 21:56:11 22 3393   114  114   65   77   180  162  115  154  0.37 0.30 0.43 0.50

25MAY2018  21:56:15  Gain: 22  Zoff: 335 404 293 272
No   Time    G  PAR    F1   F2   F3   F4   Fm1  Fm2  Fm3  Fm4    Y1   Y2   Y3   Y4
 1 21:56:16 22 3399   116  112   68   80   178  157  122  158  0.35 0.29 0.44 0.49
 2 21:56:37 22 3397    97  101   58   67   171  165  121  156  0.43 0.39 0.52 0.57
 3 21:56:57 22 3397   105  108   61   72   174  168  110  155  0.40 0.36 0.45 0.54
 4 21:57:18 22 3391   107  108   63   75   166  166  109  153  0.36 0.35 0.42 0.51
 5 21:57:38 22 3395   110  108   67   78   161  158  116  153  0.32 0.32 0.42 0.49
 6 21:57:58 22 3399   116  111   70   83   169  152  109  145  0.31 0.27 0.36 0.43
 7 21:58:18 22 3402   112  106   70   82   155  148  110  142  0.28 0.28 0.36 0.42
 8 21:58:39 22 3392   113  106   73   85   160  147  110  149  0.29 0.28 0.34 0.43
 9 21:58:59 22 3397   118  109   77   90   159  149  119  152  0.26 0.27 0.35 0.41
10 21:59:19 22 3391   109  101   73   85   135  139  105  141  0.19 0.27 0.30 0.40
;            Ch1    Ch2    Ch3    Ch4      blue   green  brown
;  alpha:  110124.2 108889.3  0.383 1149012.    170620.2 -0.000 106288.2
; ETRmax:  3106.8 3189.5  782.5 3139.0    3533.0    0.0 197687.5
;     Ik:     0.0    0.0 2042.6    0.0       0.0    0.0    1.9
;References: BL_US PMDA0174.REF2 GR_US PMDA0174.REF2 BR_US PMDA0174.REF2

;LTM_05252018_80m

25MAY2018  22:01:07  Gain: 22  Zoff: 335 404 293 272
No   Time    G  PAR    F1   F2   F3   F4   Fm1  Fm2  Fm3  Fm4    Y1   Y2   Y3   Y4
 1 22:01:23 22 3383   306  278  245  249   409  358  338  366  0.25 0.22 0.28 0.32

25MAY2018  22:01:31  Gain: 22  Zoff: 335 404 293 272
No   Time    G  PAR    F1   F2   F3   F4   Fm1  Fm2  Fm3  Fm4    Y1   Y2   Y3   Y4
 1 22:01:31 22 3397   307  274  246  252   407  349  326  352  0.25 0.21 0.25 0.28
 2 22:01:52 22 3399   274  260  210  216   408  365  305  352  0.33 0.29 0.31 0.39
 3 22:02:13 22 3391   287  267  225  230   392  348  315  350  0.27 0.23 0.29 0.34
 4 22:02:33 22 3396   298  271  235  242   390  343  312  345  0.24 0.21 0.25 0.30
 5 22:02:53 22 3394   297  269  236  243   360  329  286  325  0.17 0.18 0.17 0.25
 6 22:03:13 22 3397   292  262  228  237   351  320  295  321  0.17 0.18 0.23 0.26
 7 22:03:34 22 3394   299  266  233  243   354  322  285  320  0.16 0.17 0.18 0.24
 8 22:03:54 22 3391   300  266  230  242   349  318  282  314  0.14 0.16 0.18 0.23
 9 22:04:14 22 3393   297  265  233  244   348  310  279  312  0.15 0.15 0.16 0.22
10 22:04:35 22 3396   292  260  225  238   319  302  262  311  0.08 0.14 0.14 0.23
;            Ch1    Ch2    Ch3    Ch4      blue   green  brown
;  alpha:  138819.1  0.277  0.277 2124012.     0.277 -0.000 1523225.
; ETRmax:  175667.8  276.4  308.8 808986.1     371.8    0.0 1062.2
;     Ik:     1.3  999.0 1116.3    0.4    1344.5    0.0    0.0
;References: BL_US PMDA0174.REF2 GR_US PMDA0174.REF2 BR_US PMDA0174.REF2

;LTM_05252018_90m

25MAY2018  22:06:36  Gain: 22  Zoff: 335 404 293 272
No   Time    G  PAR    F1   F2   F3   F4   Fm1  Fm2  Fm3  Fm4    Y1   Y2   Y3   Y4
 1 22:06:50 22 3393   162  116   89  108   209  147  136  178  0.22 0.21 0.35 0.39

25MAY2018  22:06:53  Gain: 22  Zoff: 335 404 293 272
No   Time    G  PAR    F1   F2   F3   F4   Fm1  Fm2  Fm3  Fm4    Y1   Y2   Y3   Y4
 1 22:06:54 22 3399   165  115   94  113   225  155  149  188  0.27 0.26 0.37 0.40
 2 22:07:15 22 3400   149  112   84  100   222  165  131  183  0.33 0.32 0.36 0.45
 3 22:07:35 22 3394   158  115   89  106   218  161  139  183  0.28 0.29 0.36 0.42
 4 22:07:56 22 3391   165  119   92  110   214  153  143  177  0.23 0.22 0.36 0.38
 5 22:08:16 22 3393   166  118   96  114   214  154  136  171  0.22 0.23 0.29 0.33
 6 22:08:36 22 3392   170  120  100  119   211  158  141  181  0.19 0.24 0.29 0.34
 7 22:08:56 22 3399   174  121  104  124   219  157  133  181  0.21 0.23 0.22 0.31
 8 22:09:17 22 3397   175  114  104  124   211  145  136  178  0.17 0.21 0.24 0.30
 9 22:09:37 22 3397   165  105   99  118   202  140  137  169  0.18 0.25 0.28 0.30
10 22:09:57 22 3400   161  102   97  116   181  130  123  172  0.11 0.22 0.21 0.33
;            Ch1    Ch2    Ch3    Ch4      blue   green  brown
;  alpha:   0.277  0.277  0.277  0.336    566483.9  0.353  0.277
; ETRmax:   312.3  362.8  570.1  749.1    3313.7  760.7  319.6
;     Ik:  1127.5 1309.9 2059.3 2231.7       0.0 2154.4 1153.2
;References: BL_US PMDA0174.REF2 GR_US PMDA0174.REF2 BR_US PMDA0174.REF2

;LTM_05252018_100m

25MAY2018  22:11:46  Gain: 22  Zoff: 335 404 293 272
No   Time    G  PAR    F1   F2   F3   F4   Fm1  Fm2  Fm3  Fm4    Y1   Y2   Y3   Y4
 1 22:12:07 22 3391   139  181  180  164   199  243  248  264  0.30 0.26 0.27 0.38

25MAY2018  22:12:11  Gain: 22  Zoff: 335 404 293 272
No   Time    G  PAR    F1   F2   F3   F4   Fm1  Fm2  Fm3  Fm4    Y1   Y2   Y3   Y4
 1 22:12:11 22 3394   142  181  186  171   208  242  260  268  0.32 0.25 0.28 0.36
 2 22:12:33 22 3405   136  178  176  160   215  252  251  249  0.37 0.29 0.30 0.36
 3 22:12:53 22 3392   139  181  185  166   204  248  257  268  0.32 0.27 0.28 0.38
 4 22:13:13 22 3391   144  187  200  179   210  249  257  267  0.31 0.25 0.22 0.33
 5 22:13:33 22 3389   143  185  185  169   202  239  242  244  0.29 0.23 0.24 0.31
 6 22:13:54 22 3391   143  183  177  165   188  230  234  248  0.24 0.20 0.24 0.33
 7 22:14:14 22 3399   142  183  179  167   193  236  243  234  0.26 0.22 0.26 0.29
 8 22:14:34 22 3391   145  184  189  174   181  226  235  234  0.20 0.19 0.20 0.26
 9 22:14:55 22 3396   143  179  175  165   193  223  217  228  0.26 0.20 0.19 0.28
10 22:15:15 22 3395   139  175  160  155   165  218  195  223  0.16 0.20 0.18 0.30
;            Ch1    Ch2    Ch3    Ch4      blue   green  brown
;  alpha:   0.256  0.277  0.223  0.292     0.277 -0.000  0.256
; ETRmax:   699.9  330.7  619.3  839.9     394.4    0.0  691.8
;     Ik:  2730.5 1194.1 2772.5 2880.0    1424.8    0.0 2706.6
;References: BL_US PMDA0174.REF2 GR_US PMDA0174.REF2 BR_US PMDA0174.REF2

;LTM_05252018_110m

25MAY2018  22:17:29  Gain: 22  Zoff: 335 404 293 272
No   Time    G  PAR    F1   F2   F3   F4   Fm1  Fm2  Fm3  Fm4    Y1   Y2   Y3   Y4
 1 22:17:42 22 3400   253  337  287  267   382  460  403  412  0.34 0.27 0.29 0.35

25MAY2018  22:17:46  Gain: 22  Zoff: 335 404 293 272
No   Time    G  PAR    F1   F2   F3   F4   Fm1  Fm2  Fm3  Fm4    Y1   Y2   Y3   Y4
 1 22:17:47 22 3393   259  340  295  275   393  448  406  427  0.34 0.24 0.27 0.36
 2 22:18:08 22 3399   264  340  280  264   422  482  417  433  0.37 0.29 0.33 0.39
 3 22:18:28 22 3398   255  343  297  273   398  466  427  429  0.36 0.26 0.30 0.36
 4 22:18:49 22 3392   258  343  289  268   374  452  387  397  0.31 0.24 0.25 0.32
 5 22:19:09 22 3391   256  342  271  258   346  436  358  374  0.26 0.22 0.24 0.31
 6 22:19:29 22 3393   257  344  277  265   351  435  365  377  0.27 0.21 0.24 0.30
 7 22:19:49 22 3394   257  346  287  272   342  442  369  380  0.25 0.22 0.22 0.28
 8 22:20:10 22 3395   263  350  297  282   338  437  366  386  0.22 0.20 0.19 0.27
 9 22:20:30 22 3394   260  349  289  274   323  424  357  364  0.20 0.18 0.19 0.25
10 22:20:50 22 3389   254  347  289  275   301  415  348  369  0.16 0.16 0.17 0.25
;            Ch1    Ch2    Ch3    Ch4      blue   green  brown
;  alpha:  267599.2  0.277  0.277 62196.45     0.276 -0.000  0.277
; ETRmax:  263352.2  317.9  351.7 2670.5     373.3    0.0  413.2
;     Ik:     1.0 1147.8 1269.5    0.0    1350.4    0.0 1492.3
;References: BL_US PMDA0174.REF2 GR_US PMDA0174.REF2 BR_US PMDA0174.REF2

;LTM_05252018_120m

25MAY2018  22:22:24  Gain: 22  Zoff: 335 404 293 272
No   Time    G  PAR    F1   F2   F3   F4   Fm1  Fm2  Fm3  Fm4    Y1   Y2   Y3   Y4
 1 22:22:36 22 3398    78   87   84   80   129  137  139  163  0.40 0.36 0.40 0.51

25MAY2018  22:22:39  Gain: 22  Zoff: 335 404 293 272
No   Time    G  PAR    F1   F2   F3   F4   Fm1  Fm2  Fm3  Fm4    Y1   Y2   Y3   Y4
 1 22:22:39 22 3404    80   87   91   87   135  133  157  173  0.41 0.35 0.42 0.50
 2 22:23:00 22 3401    73   81   84   78   132  140  137  162  0.45 0.42 0.39 0.52
 3 22:23:21 22 3400    76   86   93   86   127  131  141  157  0.40 0.34 0.34 0.45
 4 22:23:41 22 3397    81   88   88   83   142  142  141  157  0.43 0.38 0.38 0.47
 5 22:24:01 22 3400    80   86   91   87   126  132  151  159  0.37 0.35 0.40 0.45
 6 22:24:22 22 3398    84   87   94   90   126  130  137  153  0.33 0.33 0.31 0.41
 7 22:24:42 22 3394    83   88  105   99   128  135  151  157  0.35 0.35 0.30 0.37
 8 22:25:02 22 3396    88   89  101   97   129  131  137  162  0.32 0.32 0.26 0.40
 9 22:25:22 22 3392    90   88   95   96   128  133  139  160  0.30 0.34 0.32 0.40
10 22:25:43 22 3395    90   86   96   96   113  131  142  161  0.20 0.34 0.32 0.40
;            Ch1    Ch2    Ch3    Ch4      blue   green  brown
;  alpha:   0.330  0.330  0.321  0.435     0.357 -0.000  0.355
; ETRmax:   923.4  740.8  738.7  820.7     767.0    0.0  764.2
;     Ik:  2802.0 2245.4 2303.1 1885.7    2147.4    0.0 2150.2
;References: BL_US PMDA0174.REF2 GR_US PMDA0174.REF2 BR_US PMDA0174.REF2

;LTM_05252018_130m

25MAY2018  22:27:27  Gain: 22  Zoff: 335 404 293 272
No   Time    G  PAR    F1   F2   F3   F4   Fm1  Fm2  Fm3  Fm4    Y1   Y2   Y3   Y4
 1 22:27:39 22 3394   235  343  270  252   337  484  376  370  0.30 0.29 0.28 0.32

25MAY2018  22:27:43  Gain: 22  Zoff: 335 404 293 272
No   Time    G  PAR    F1   F2   F3   F4   Fm1  Fm2  Fm3  Fm4    Y1   Y2   Y3   Y4
 1 22:27:43 22 3391   237  343  273  255   337  467  379  377  0.30 0.27 0.28 0.32
 2 22:28:04 22 3397   226  335  278  252   357  491  381  395  0.37 0.32 0.27 0.36
 3 22:28:25 22 3398   237  346  267  249   358  502  383  396  0.34 0.31 0.30 0.37
 4 22:28:45 22 3391   234  350  275  255   329  484  375  383  0.29 0.28 0.27 0.33
 5 22:29:05 22 3398   240  356  288  266   338  490  392  393  0.29 0.27 0.27 0.32
 6 22:29:25 22 3393   244  356  275  258   323  475  350  369  0.24 0.25 0.21 0.30
 7 22:29:46 22 3400   245  361  281  264   329  484  374  380  0.26 0.25 0.25 0.31
 8 22:30:06 22 3394   255  373  319  294   323  489  394  388  0.21 0.24 0.19 0.24
 9 22:30:26 22 3393   249  373  308  286   313  468  362  362  0.20 0.20 0.15 0.21
10 22:30:47 22 3397   250  371  280  266   295  467  332  356  0.15 0.21 0.16 0.25
;            Ch1    Ch2    Ch3    Ch4      blue   green  brown
;  alpha:   0.277  0.277  0.277  0.277     0.277 -0.000  0.276
; ETRmax:   407.0  392.0  338.2  648.8     333.8    0.0  492.5
;     Ik:  1471.9 1416.3 1220.3 2342.2    1205.9    0.0 1783.9
;References: BL_US PMDA0174.REF2 GR_US PMDA0174.REF2 BR_US PMDA0174.REF2

;LTM_05252018_140m

25MAY2018  22:39:57  Gain: 22  Zoff: 335 404 293 272
No   Time    G  PAR    F1   F2   F3   F4   Fm1  Fm2  Fm3  Fm4    Y1   Y2   Y3   Y4
 1 22:40:13 22 3392  1368  853  859  902  1537 1468 1577 1598  0.11 0.42 0.46 0.44

25MAY2018  22:40:19  Gain: 22  Zoff: 335 404 293 272
No   Time    G  PAR    F1   F2   F3   F4   Fm1  Fm2  Fm3  Fm4    Y1   Y2   Y3   Y4
 1 22:40:19 22 3396  1373  869  883  925  1537 1468 1577 1598  0.11 0.41 0.44 0.42
 2 22:40:40 22 3404  1224  765  770  801  1537 1468 1577 1598  0.20 0.48 0.51 0.50
 3 22:41:01 22 3393  1354  839  865  907  1537 1468 1577 1598  0.12 0.43 0.45 0.43
 4 22:41:21 22 3400  1408  868  903  957  1537 1468 1577 1598  0.08 0.41 0.43 0.40
 5 22:41:41 22 3392  1451  891  933  991  1537 1468 1574 1598  0.06 0.39 0.41 0.38
 6 22:42:01 22 3391  1491  913  961 1019  1537 1468 1541 1596  0.03 0.38 0.38 0.36
 7 22:42:22 22 3395  1519  929  978 1039  1537 1468 1491 1566  0.01 0.37 0.34 0.34
 8 22:42:42 22 3393  1538  950 1004 1066  1537 1468 1475 1548  ---- 0.35 0.32 0.31
 9 22:43:02 22 3398  1538  961 1020 1084  1537 1468 1459 1523  ---- 0.35 0.30 0.29
10 22:43:22 22 3385  1537  966 1024 1090  1537 1379 1335 1435  ---- 0.30 0.23 0.24
;            Ch1    Ch2    Ch3    Ch4      blue   green  brown
;  alpha:   0.278  0.370 385369.2  0.347     0.786 -0.000  0.401
; ETRmax:   162.2  772.1 4047.7  755.8    1062.2    0.0  795.5
;     Ik:   583.3 2087.7    0.0 2176.8    1350.8    0.0 1986.0
;References: BL_US PMDA0174.REF2 GR_US PMDA0174.REF2 BR_US PMDA0174.REF2