Gain: 20  Zoff: 173 197 121 124
;LTM_01262018_0m

26JAN2018  18:42:43  Gain: 20  Zoff: 173 197 121 124
No   Time    G  PAR    F1   F2   F3   F4   Fm1  Fm2  Fm3  Fm4    Y1   Y2   Y3   Y4
 1 18:51:05 20 3389   100  134   83   88   190  244  167  193  0.47 0.45 0.50 0.54

26JAN2018  18:51:13  Gain: 20  Zoff: 173 197 121 124
No   Time    G  PAR    F1   F2   F3   F4   Fm1  Fm2  Fm3  Fm4    Y1   Y2   Y3   Y4
 1 18:51:13 20 3388   105  134   90   95   193  237  167  199  0.46 0.43 0.46 0.52
 2 18:51:35 20 3390    99  129   80   87   191  231  161  186  0.48 0.44 0.50 0.53
 3 18:51:55 20 3391   101  133   82   88   191  235  159  184  0.47 0.43 0.48 0.52
 4 18:52:15 20 3391   105  137   85   92   182  241  157  183  0.42 0.43 0.46 0.50
 5 18:52:36 20 3391   101  136   86   92   170  235  154  173  0.41 0.42 0.44 0.47
 6 18:52:56 20 3388   105  138   92   97   168  227  148  173  0.38 0.39 0.38 0.44
 7 18:53:16 20 3383   104  139   89   95   159  225  145  164  0.35 0.38 0.39 0.42
 8 18:53:36 20 3386   103  137   90   96   157  220  146  164  0.34 0.38 0.38 0.41
 9 18:53:57 20 3391   104  139   93  100   152  219  141  166  0.32 0.37 0.34 0.40
10 18:54:17 20 3386   106  140   93  100   154  219  143  164  0.31 0.36 0.35 0.39
;            Ch1    Ch2    Ch3    Ch4      blue   green  brown
;  alpha:   0.378  0.391  0.410  0.463     0.413 -0.000  0.410
; ETRmax:   776.3  788.1  801.8  848.0     802.6    0.0  801.9
;     Ik:  2054.6 2014.4 1957.5 1829.8    1941.1    0.0 1956.7
;References: BL_US PMDA0174.REF2 GR_US PMDA0174.REF2 BR_US PMDA0174.REF2

;LTM_01262018_10m
26JAN2018  18:56:43  Gain: 20  Zoff: 173 197 121 124
No   Time    G  PAR    F1   F2   F3   F4   Fm1  Fm2  Fm3  Fm4    Y1   Y2   Y3   Y4
 1 18:56:55 20 3388    99  122   76   85   197  228  149  183  0.50 0.46 0.49 0.54

26JAN2018  18:56:58  Gain: 20  Zoff: 173 197 121 124
No   Time    G  PAR    F1   F2   F3   F4   Fm1  Fm2  Fm3  Fm4    Y1   Y2   Y3   Y4
 1 18:56:59 20 3389   104  124   79   89   198  218  150  186  0.47 0.43 0.47 0.52
 2 18:57:20 20 3387    97  116   70   80   198  221  158  183  0.51 0.48 0.56 0.56
 3 18:57:40 20 3385   100  122   80   88   196  233  166  195  0.49 0.48 0.52 0.55
 4 18:58:01 20 3385    97  122   80   87   176  220  143  167  0.45 0.45 0.44 0.48
 5 18:58:21 20 3380    94  120   71   80   163  216  137  163  0.42 0.44 0.48 0.51
 6 18:58:41 20 3392    99  124   82   90   163  221  149  174  0.39 0.44 0.45 0.48
 7 18:59:02 20 3392   102  128   90   97   170  219  157  184  0.40 0.42 0.43 0.47
 8 18:59:22 20 3382   102  126   90   97   154  205  143  164  0.34 0.39 0.37 0.41
 9 18:59:42 20 3393   101  125   85   94   158  208  145  161  0.36 0.40 0.41 0.42
10 19:00:02 20 3386    99  125   88   96   143  202  143  168  0.31 0.38 0.38 0.43
;            Ch1    Ch2    Ch3    Ch4      blue   green  brown
;  alpha:   0.404  0.423  0.452  0.495     0.456 -0.000  0.438
; ETRmax:   801.0  810.7  836.6  865.8     847.1    0.0  822.8
;     Ik:  1982.0 1914.7 1850.2 1747.7    1856.6    0.0 1876.9
;References: BL_US PMDA0174.REF2 GR_US PMDA0174.REF2 BR_US PMDA0174.REF2

;LTM_01262018_20m

26JAN2018  19:02:45  Gain: 20  Zoff: 173 197 121 124
No   Time    G  PAR    F1   F2   F3   F4   Fm1  Fm2  Fm3  Fm4    Y1   Y2   Y3   Y4
 1 19:02:56 20 3390    94  112   68   79   176  197  133  164  0.47 0.43 0.49 0.52

26JAN2018  19:03:01  Gain: 20  Zoff: 173 197 121 124
No   Time    G  PAR    F1   F2   F3   F4   Fm1  Fm2  Fm3  Fm4    Y1   Y2   Y3   Y4
 1 19:03:01 20 3387    97  112   72   84   177  191  139  168  0.45 0.41 0.48 0.50
 2 19:03:23 20 3387    95  110   68   79   185  191  137  170  0.49 0.42 0.50 0.54
 3 19:03:43 20 3388    93  111   67   78   175  198  135  163  0.47 0.44 0.50 0.52
 4 19:04:03 20 3389    97  118   71   82   176  210  137  162  0.45 0.44 0.48 0.49
 5 19:04:24 20 3383    95  119   70   81   158  202  125  155  0.40 0.41 0.44 0.48
 6 19:04:44 20 3379    94  119   71   82   153  204  128  155  0.39 0.42 0.45 0.47
 7 19:05:04 20 3387    96  122   75   87   153  195  127  153  0.37 0.37 0.41 0.43
 8 19:05:25 20 3388    94  120   74   85   152  196  124  149  0.38 0.39 0.40 0.43
 9 19:05:45 20 3387    97  123   76   87   149  196  126  156  0.35 0.37 0.40 0.44
10 19:06:05 20 3391   104  127   82   94   152  199  133  155  0.32 0.36 0.38 0.39
;            Ch1    Ch2    Ch3    Ch4      blue   green  brown
;  alpha:   0.394  0.391  0.444 293969.4    100044.5 -0.000  0.415
; ETRmax:   791.7  788.2  828.6 3212.7    4364.9    0.0  803.2
;     Ik:  2011.2 2014.0 1867.1    0.0       0.0    0.0 1936.2
;References: BL_US PMDA0174.REF2 GR_US PMDA0174.REF2 BR_US PMDA0174.REF2

;LTM_01262018_30m


26JAN2018  19:08:17  Gain: 20  Zoff: 173 197 121 124
No   Time    G  PAR    F1   F2   F3   F4   Fm1  Fm2  Fm3  Fm4    Y1   Y2   Y3   Y4
 1 19:08:29 20 3390   141  202   91  103   244  361  173  206  0.42 0.44 0.47 0.50

26JAN2018  19:08:32  Gain: 20  Zoff: 173 197 121 124
No   Time    G  PAR    F1   F2   F3   F4   Fm1  Fm2  Fm3  Fm4    Y1   Y2   Y3   Y4
 1 19:08:33 20 3389   145  207   95  108   243  354  179  212  0.40 0.42 0.47 0.49
 2 19:08:54 20 3393   140  197   91  102   272  369  198  233  0.49 0.47 0.54 0.56
 3 19:09:14 20 3389   139  202   91  103   250  365  179  217  0.44 0.45 0.49 0.53
 4 19:09:35 20 3389   127  198   85   96   210  351  162  193  0.40 0.44 0.48 0.50
 5 19:09:55 20 3394   128  200   88   99   214  351  171  201  0.40 0.43 0.49 0.51
 6 19:10:15 20 3388   143  210   99  111   216  349  169  195  0.34 0.40 0.41 0.43
 7 19:10:35 20 3387   126  201   88   99   188  329  147  177  0.33 0.39 0.40 0.44
 8 19:10:56 20 3393   127  203   92  102   200  333  163  186  0.36 0.39 0.44 0.45
 9 19:11:16 20 3392   136  210   98  109   192  329  160  185  0.29 0.36 0.39 0.41
10 19:11:36 20 3392   127  206   93  104   184  319  151  178  0.31 0.35 0.38 0.42
;            Ch1    Ch2    Ch3    Ch4      blue   green  brown
;  alpha:   0.352  0.397  0.433  0.482     0.468 -0.000  0.403
; ETRmax:   962.8  795.3 1123.7  859.1     845.6    0.0  798.3
;     Ik:  2735.1 2004.3 2593.3 1782.3    1807.0    0.0 1981.1
;References: BL_US PMDA0174.REF2 GR_US PMDA0174.REF2 BR_US PMDA0174.REF2

;LTM_01262018_40m

26JAN2018  19:13:58  Gain: 20  Zoff: 173 197 121 124
No   Time    G  PAR    F1   F2   F3   F4   Fm1  Fm2  Fm3  Fm4    Y1   Y2   Y3   Y4
 1 19:14:10 20 3383   126  231   82   92   232  419  173  207  0.46 0.45 0.53 0.56

26JAN2018  19:14:15  Gain: 20  Zoff: 173 197 121 124
No   Time    G  PAR    F1   F2   F3   F4   Fm1  Fm2  Fm3  Fm4    Y1   Y2   Y3   Y4
 1 19:14:15 20 3391   130  234   88   98   226  401  172  205  0.42 0.42 0.49 0.52
 2 19:14:37 20 3393   117  219   80   88   241  408  176  210  0.51 0.46 0.55 0.58
 3 19:14:57 20 3389   120  225   81   90   230  413  171  205  0.48 0.46 0.53 0.56
 4 19:15:17 20 3392   123  230   84   93   220  409  169  201  0.44 0.44 0.50 0.54
 5 19:15:38 20 3394   123  233   86   95   211  399  161  194  0.42 0.42 0.47 0.51
 6 19:15:58 20 3387   125  234   88   97   204  392  161  186  0.39 0.40 0.45 0.48
 7 19:16:18 20 3391   123  235   87   96   196  385  156  186  0.37 0.39 0.44 0.48
 8 19:16:38 20 3388   124  238   91  100   196  382  160  183  0.37 0.38 0.43 0.45
 9 19:16:59 20 3387   123  240   91  100   187  383  152  179  0.34 0.37 0.40 0.44
10 19:17:19 20 3394   123  241   92  101   182  371  152  175  0.32 0.35 0.39 0.42
;            Ch1    Ch2    Ch3    Ch4      blue   green  brown
;  alpha:   0.395  0.396  0.472  0.518     0.489 -0.000 56370.11
; ETRmax:   791.1  795.6  843.7  882.7     866.5    0.0 3407.3
;     Ik:  2003.5 2008.3 1789.0 1703.3    1771.4    0.0    0.1
;References: BL_US PMDA0174.REF2 GR_US PMDA0174.REF2 BR_US PMDA0174.REF2

;LTM_01262018_50m

26JAN2018  19:19:19  Gain: 20  Zoff: 173 197 121 124
No   Time    G  PAR    F1   F2   F3   F4   Fm1  Fm2  Fm3  Fm4    Y1   Y2   Y3   Y4
 1 19:19:32 20 3382   137  183   96  111   229  330  179  211  0.40 0.45 0.46 0.47

26JAN2018  19:19:35  Gain: 20  Zoff: 173 197 121 124
No   Time    G  PAR    F1   F2   F3   F4   Fm1  Fm2  Fm3  Fm4    Y1   Y2   Y3   Y4
 1 19:19:35 20 3391   140  185  100  115   223  315  179  211  0.37 0.41 0.44 0.45
 2 19:19:57 20 3391   128  172   92  104   235  321  179  217  0.46 0.46 0.49 0.52
 3 19:20:17 20 3393   126  176   91  104   216  327  174  205  0.42 0.46 0.48 0.49
 4 19:20:37 20 3392   123  178   91  103   202  322  169  200  0.39 0.45 0.46 0.48
 5 19:20:58 20 3382   128  183   94  107   204  325  165  203  0.37 0.44 0.43 0.47
 6 19:21:18 20 3391   131  188   96  109   203  326  164  196  0.35 0.42 0.41 0.44
 7 19:21:38 20 3387   130  189   96  109   194  313  158  190  0.33 0.40 0.39 0.43
 8 19:21:58 20 3392   128  189   97  109   190  309  157  185  0.33 0.39 0.38 0.41
 9 19:22:19 20 3389   132  193  100  112   191  311  158  189  0.31 0.38 0.37 0.41
10 19:22:39 20 3391   134  196  101  114   188  306  159  184  0.29 0.36 0.36 0.38
;            Ch1    Ch2    Ch3    Ch4      blue   green  brown
;  alpha:   0.341  0.408  0.414  0.450     0.410 -0.000  0.402
; ETRmax:   745.3  801.1  803.8  833.2     802.3    0.0  798.5
;     Ik:  2188.6 1965.6 1942.4 1852.6    1957.0    0.0 1986.0
;References: BL_US PMDA0174.REF2 GR_US PMDA0174.REF2 BR_US PMDA0174.REF2

;LTM_01262018_60m

26JAN2018  19:24:43  Gain: 20  Zoff: 173 197 121 124
No   Time    G  PAR    F1   F2   F3   F4   Fm1  Fm2  Fm3  Fm4    Y1   Y2   Y3   Y4
 1 19:24:55 20 3386    90  140   62   72   174  252  128  155  0.48 0.44 0.52 0.54

26JAN2018  19:24:58  Gain: 20  Zoff: 173 197 121 124
No   Time    G  PAR    F1   F2   F3   F4   Fm1  Fm2  Fm3  Fm4    Y1   Y2   Y3   Y4
 1 19:24:58 20 3386    93  141   65   76   169  245  130  159  0.45 0.42 0.50 0.52
 2 19:25:20 20 3385    85  131   59   68   186  253  135  163  0.54 0.48 0.56 0.58
 3 19:25:40 20 3389    93  139   64   74   192  263  141  173  0.52 0.47 0.55 0.57
 4 19:26:00 20 3391    89  138   63   72   169  253  125  153  0.47 0.45 0.50 0.53
 5 19:26:21 20 3386    98  144   68   79   176  261  133  168  0.44 0.45 0.49 0.53
 6 19:26:41 20 3387    98  146   70   80   164  247  129  155  0.40 0.41 0.46 0.48
 7 19:27:01 20 3391    99  146   71   81   164  243  128  154  0.40 0.40 0.45 0.47
 8 19:27:22 20 3387   101  147   74   85   155  233  125  155  0.35 0.37 0.41 0.45
 9 19:27:42 20 3387    97  146   73   84   150  233  122  147  0.35 0.37 0.40 0.43
10 19:28:02 20 3388    97  147   73   84   146  233  121  142  0.34 0.37 0.40 0.41
;            Ch1    Ch2    Ch3    Ch4      blue   green  brown
;  alpha:   0.408  0.412  0.459  0.493     0.486 -0.000  0.440
; ETRmax:  1073.9  802.7 1171.5 1227.7     859.4    0.0  824.1
;     Ik:  2633.5 1949.2 2551.4 2492.0    1767.0    0.0 1871.7
;References: BL_US PMDA0174.REF2 GR_US PMDA0174.REF2 BR_US PMDA0174.REF2

;LTM_01262018_70m

26JAN2018  19:29:52  Gain: 20  Zoff: 173 197 121 124
No   Time    G  PAR    F1   F2   F3   F4   Fm1  Fm2  Fm3  Fm4    Y1   Y2   Y3   Y4
 1 19:30:04 20 3394   106  127   73   84   187  222  146  167  0.43 0.43 0.50 0.50

26JAN2018  19:30:09  Gain: 20  Zoff: 173 197 121 124
No   Time    G  PAR    F1   F2   F3   F4   Fm1  Fm2  Fm3  Fm4    Y1   Y2   Y3   Y4
 1 19:30:09 20 3392   109  128   78   89   194  217  148  179  0.44 0.41 0.47 0.50
 2 19:30:30 20 3390   104  122   74   84   197  216  149  181  0.47 0.44 0.50 0.54
 3 19:30:51 20 3390    99  123   72   82   185  225  147  171  0.46 0.45 0.51 0.52
 4 19:31:11 20 3392    99  125   74   84   176  220  141  164  0.44 0.43 0.48 0.49
 5 19:31:31 20 3387   104  129   75   85   164  207  132  159  0.37 0.38 0.43 0.47
 6 19:31:51 20 3391    98  126   75   85   160  213  136  155  0.39 0.41 0.45 0.45
 7 19:32:12 20 3393    98  126   77   86   154  209  131  153  0.36 0.40 0.41 0.44
 8 19:32:32 20 3392    99  126   77   88   150  203  127  154  0.34 0.38 0.39 0.43
 9 19:32:52 20 3391    99  126   79   88   148  199  132  146  0.33 0.37 0.40 0.40
10 19:33:13 20 3385    96  125   79   88   143  201  126  151  0.33 0.38 0.37 0.42
;            Ch1    Ch2    Ch3    Ch4      blue   green  brown
;  alpha:   0.378  0.391  0.440  0.471     0.452 -0.000  0.406
; ETRmax:   779.6  788.0  825.8  842.7     832.0    0.0  799.6
;     Ik:  2063.4 2014.3 1875.2 1789.0    1842.8    0.0 1971.2
;References: BL_US PMDA0174.REF2 GR_US PMDA0174.REF2 BR_US PMDA0174.REF2

;LTM_01262018_80m

26JAN2018  19:35:06  Gain: 20  Zoff: 173 197 121 124
No   Time    G  PAR    F1   F2   F3   F4   Fm1  Fm2  Fm3  Fm4    Y1   Y2   Y3   Y4
 1 19:35:17 20 3394    42   30   23   24    82   64   59   74  0.49 0.53 0.61 0.68

26JAN2018  19:35:20  Gain: 20  Zoff: 173 197 121 124
No   Time    G  PAR    F1   F2   F3   F4   Fm1  Fm2  Fm3  Fm4    Y1   Y2   Y3   Y4
 1 19:35:20 20 3393    43   30   25   27    80   57   62   84  0.46 0.47 0.60 0.68
 2 19:35:41 20 3395    33   24   19   21    78   62   60   75  0.58 0.61 ---- 0.72
 3 19:36:02 20 3391    40   29   23   24    85   68   61   75  0.53 0.57 0.62 0.68
 4 19:36:22 20 3391    40   27   23   25    76   58   56   70  0.47 0.53 0.59 0.64
 5 19:36:42 20 3393    40   26   24   26    74   58   57   67  0.46 0.55 0.58 0.61
 6 19:37:03 20 3392    42   26   26   28    77   56   56   73  0.45 0.54 0.54 0.62
 7 19:37:23 20 3391    45   27   29   31    75   54   62   74  0.40 0.50 0.53 0.58
 8 19:37:43 20 3390    45   27   30   32    72   55   61   71  0.38 0.51 0.51 0.55
 9 19:38:03 20 3389    46   27   31   33    75   58   62   76  0.39 0.53 0.50 0.57
10 19:38:24 20 3395    49   28   33   36    78   57   61   75  0.37 0.51 0.46 0.52
;            Ch1    Ch2    Ch3    Ch4      blue   green  brown
;  alpha:   0.449  0.569  0.557  0.704     0.912  0.497 484381.4
; ETRmax:   831.2  919.2 1322.3 1007.9    1133.3 1234.5 3991.8
;     Ik:  1849.5 1615.4 2373.4 1431.9    1243.2 2481.8    0.0
;References: BL_US PMDA0174.REF2 GR_US PMDA0174.REF2 BR_US PMDA0174.REF2

;LTM_01262018_90m

26JAN2018  19:40:24  Gain: 20  Zoff: 173 197 121 124
No   Time    G  PAR    F1   F2   F3   F4   Fm1  Fm2  Fm3  Fm4    Y1   Y2   Y3   Y4
 1 19:40:35 20 3385    22    9   13   12    58   35   45   56  0.62 ---- ---- ----

26JAN2018  19:40:38  Gain: 20  Zoff: 173 197 121 124
No   Time    G  PAR    F1   F2   F3   F4   Fm1  Fm2  Fm3  Fm4    Y1   Y2   Y3   Y4
 1 19:40:39 20 3393    24    8   16   16    60   33   54   65  0.60 ---- ---- ----
 2 19:41:00 20 3394    19    6   13   12    62   39   50   64  ---- ---- ---- ----
 3 19:41:20 20 3391    24    9   16   16    62   36   48   63  0.61 ---- ---- ----
 4 19:41:41 20 3391    24    8   15   15    58   35   49   59  0.59 ---- ---- ----
 5 19:42:01 20 3388    24    7   17   16    56   33   48   57  0.57 ---- ---- ----
 6 19:42:21 20 3385    25    7   18   18    56   30   53   58  0.55 ---- ---- ----
 7 19:42:42 20 3396    27    6   20   19    55   33   54   61  0.51 ---- ---- ----
 8 19:43:02 20 3391    28    6   21   21    56   32   51   61  0.50 ---- 0.59 0.66
 9 19:43:22 20 3394    28    5   23   23    58   32   56   61  0.52 ---- 0.59 0.62
10 19:43:42 20 3391    32    6   26   27    60   29   57   64  0.47 ---- 0.54 0.58
;            Ch1    Ch2    Ch3    Ch4      blue   green  brown
;  alpha:   0.589 -0.000  0.590  0.651    3318846.  0.694 -0.000
; ETRmax:   933.1    0.0 1374.8 1462.3    4250.5 1003.3    0.0
;     Ik:  1585.2    0.0 2329.0 2244.5       0.0 1445.8    0.0
;References: BL_US PMDA0174.REF2 GR_US PMDA0174.REF2 BR_US PMDA0174.REF2

;LTM_01262018_100m

26JAN2018  19:46:14  Gain: 20  Zoff: 173 197 121 124
No   Time    G  PAR    F1   F2   F3   F4   Fm1  Fm2  Fm3  Fm4    Y1   Y2   Y3   Y4
 1 19:46:24 20 3393    73  108   48   53   151  207  109  135  0.52 0.48 0.56 0.61

26JAN2018  19:46:27  Gain: 20  Zoff: 173 197 121 124
No   Time    G  PAR    F1   F2   F3   F4   Fm1  Fm2  Fm3  Fm4    Y1   Y2   Y3   Y4
 1 19:46:28 20 3391    77  110   52   57   152  194  116  137  0.49 0.43 0.55 0.58
 2 19:46:49 20 3391    70  101   49   53   150  191  109  133  0.53 0.47 0.55 0.60
 3 19:47:09 20 3387    67  102   48   53   137  195  110  130  0.51 0.48 0.56 0.59
 4 19:47:30 20 3390    67  104   49   53   132  197  105  126  0.49 0.47 0.53 0.58
 5 19:47:50 20 3385    72  107   52   57   129  195  109  128  0.44 0.45 0.52 0.55
 6 19:48:10 20 3389    74  109   54   59   130  194  108  121  0.43 0.44 0.50 0.51
 7 19:48:31 20 3392    74  110   56   60   126  187  104  121  0.41 0.41 0.46 0.50
 8 19:48:51 20 3392    75  110   57   62   126  189  101  125  0.40 0.42 0.44 0.50
 9 19:49:11 20 3392    76  111   59   64   124  190  105  121  0.39 0.42 0.44 0.47
10 19:49:31 20 3391    78  111   61   67   123  179  102  124  0.37 0.38 0.40 0.46
;            Ch1    Ch2    Ch3    Ch4      blue   green  brown
;  alpha:   0.447  0.433  0.490  0.573     0.520 -0.000  0.446
; ETRmax:   831.0  818.7 1223.0  922.4    1268.0    0.0 1147.3
;     Ik:  1859.5 1889.0 2495.3 1608.8    2438.4    0.0 2571.0
;References: BL_US PMDA0174.REF2 GR_US PMDA0174.REF2 BR_US PMDA0174.REF2

;LTM_01262018_110m

26JAN2018  19:52:00  Gain: 20  Zoff: 173 197 121 124
No   Time    G  PAR    F1   F2   F3   F4   Fm1  Fm2  Fm3  Fm4    Y1   Y2   Y3   Y4
 1 19:52:11 20 3390     7    5    5    4    41   29   34   43  ---- ---- ---- ----

26JAN2018  19:52:14  Gain: 20  Zoff: 173 197 121 124
No   Time    G  PAR    F1   F2   F3   F4   Fm1  Fm2  Fm3  Fm4    Y1   Y2   Y3   Y4
 1 19:52:14 20 3388     9    4    9    7    42   24   46   49  ---- ---- ---- ----
 2 19:52:36 20 3390     7    4    7    5    36   30   37   47  ---- ---- ---- ----
 3 19:52:56 20 3391     8    5    7    5    41   31   37   49  ---- ---- ---- ----
 4 19:53:16 20 3388     9    5    9    7    42   29   39   52  ---- ---- ---- ----
 5 19:53:37 20 3394    10    4   10    8    39   29   39   47  ---- ---- ---- ----
 6 19:53:57 20 3391    10    3   11    9    44   27   37   48  ---- ---- ---- ----
 7 19:54:17 20 3387    11    3   12   11    39   22   43   47  ---- ---- ---- ----
 8 19:54:37 20 3391    13    3   14   13    41   25   46   51  ---- ---- ---- ----
 9 19:54:58 20 3386    14    2   15   15    40   22   46   51  ---- ---- ---- ----
10 19:55:18 20 3384    14    2   16   16    40   25   43   53  ---- ---- ---- ----
;            Ch1    Ch2    Ch3    Ch4      blue   green  brown
;  alpha:  -0.000 -0.000 -0.000 -0.000     0.935 1961597. -0.000
; ETRmax:     0.0    0.0    0.0    0.0    1143.6 3987.8    0.0
;     Ik:     0.0    0.0    0.0    0.0    1223.6    0.0    0.0
;References: BL_US PMDA0174.REF2 GR_US PMDA0174.REF2 BR_US PMDA0174.REF2

;LTM_01262018_120m

26JAN2018  19:57:24  Gain: 20  Zoff: 173 197 121 124
No   Time    G  PAR    F1   F2   F3   F4   Fm1  Fm2  Fm3  Fm4    Y1   Y2   Y3   Y4
 1 19:57:37 20 3394    11   16    7    5    45   48   42   50  ---- ---- ---- ----

26JAN2018  19:57:41  Gain: 20  Zoff: 173 197 121 124
No   Time    G  PAR    F1   F2   F3   F4   Fm1  Fm2  Fm3  Fm4    Y1   Y2   Y3   Y4
 1 19:57:41 20 3388    13   16   10    9    48   45   50   57  ---- ---- ---- ----
 2 19:58:03 20 3397    11   15    9    7    50   51   43   57  ---- ---- ---- ----
 3 19:58:23 20 3389    12   16    9    7    43   51   43   51  ---- ---- ---- ----
 4 19:58:43 20 3392    12   16   10    8    44   46   39   52  ---- ---- ---- ----
 5 19:59:03 20 3388    12   15   11    9    41   47   43   52  ---- ---- ---- ----
 6 19:59:24 20 3391    13   14   12   10    46   49   46   55  ---- ---- ---- ----
 7 19:59:44 20 3388    16   15   14   13    43   46   44   53  ---- ---- ---- ----
 8 20:00:04 20 3384    17   15   16   15    48   50   45   55  ---- ---- ---- ----
 9 20:00:25 20 3394    17   14   17   16    49   41   49   57  ---- ---- ---- ----
10 20:00:45 20 3386    17   13   18   17    47   39   45   52  ---- ---- ---- ----
;            Ch1    Ch2    Ch3    Ch4      blue   green  brown
;  alpha:  -0.000 -0.000 -0.000 -0.000     0.996 2865938.  0.771
; ETRmax:     0.0    0.0    0.0    0.0    1172.8 4216.8 1590.2
;     Ik:     0.0    0.0    0.0    0.0    1178.0    0.0 2063.5
;References: BL_US PMDA0174.REF2 GR_US PMDA0174.REF2 BR_US PMDA0174.REF2

;LTM_01262018_130m


26JAN2018  20:04:03  Gain: 20  Zoff: 173 197 121 124
No   Time    G  PAR    F1   F2   F3   F4   Fm1  Fm2  Fm3  Fm4    Y1   Y2   Y3   Y4
 1 20:04:37 20 3389     8    9   14    7    42   36   52   53  ---- ---- ---- ----

26JAN2018  20:04:42  Gain: 20  Zoff: 173 197 121 124
No   Time    G  PAR    F1   F2   F3   F4   Fm1  Fm2  Fm3  Fm4    Y1   Y2   Y3   Y4
 1 20:04:43 20 3392    11    8   18   12    43   31   57   60  ---- ---- ---- ----
 2 20:05:04 20 3391     8    8   17    9    42   37   53   59  ---- ---- ---- ----
 3 20:05:24 20 3394     9    8   17   10    45   37   57   57  ---- ---- ---- ----
 4 20:05:45 20 3385    10    8   20   13    39   36   55   57  ---- ---- ---- ----
 5 20:06:05 20 3387    10    8   22   14    40   34   56   57  ---- ---- 0.61 ----
 6 20:06:25 20 3391    11    9   24   17    43   33   57   59  ---- ---- 0.58 ----
 7 20:06:45 20 3395    11    8   26   19    40   34   58   65  ---- ---- 0.55 ----
 8 20:07:06 20 3392    13    7   27   20    37   32   57   58  ---- ---- 0.53 ----
 9 20:07:26 20 3392    15    7   28   21    47   27   59   62  ---- ---- 0.53 0.66
10 20:07:46 20 3390    17    8   29   22    43   35   58   61  ---- ---- 0.50 0.64
;            Ch1    Ch2    Ch3    Ch4      blue   green  brown
;  alpha:  -0.000 -0.000  0.592  0.764     0.635  1.011 2188784.
; ETRmax:     0.0    0.0  933.6 1045.7     959.4 1184.6 3552.2
;     Ik:     0.0    0.0 1576.5 1368.0    1511.1 1171.8    0.0
;References: BL_US PMDA0174.REF2 GR_US PMDA0174.REF2 BR_US PMDA0174.REF2

;LTM_01262018_140m

26JAN2018  20:10:02  Gain: 20  Zoff: 173 197 121 124
No   Time    G  PAR    F1   F2   F3   F4   Fm1  Fm2  Fm3  Fm4    Y1   Y2   Y3   Y4
 1 20:10:14 20 3391   109  114   34   32   141  143   67   77  0.23 0.20 0.49 0.58

26JAN2018  20:10:18  Gain: 20  Zoff: 173 197 121 124
No   Time    G  PAR    F1   F2   F3   F4   Fm1  Fm2  Fm3  Fm4    Y1   Y2   Y3   Y4
 1 20:10:18 20 3390   111  113   38   36   146  137   73   80  0.24 0.18 0.48 0.55
 2 20:10:39 20 3392   108  112   36   34   146  140   71   81  0.26 0.20 0.49 0.58
 3 20:11:00 20 3392   107  111   35   33   143  141   67   80  0.25 0.21 0.48 0.59
 4 20:11:20 20 3391   107  111   36   35   139  139   69   79  0.23 0.20 0.48 0.56
 5 20:11:40 20 3388   108  110   37   36   140  144   72   81  0.23 0.24 0.49 0.56
 6 20:12:01 20 3390   109  109   39   37   137  141   69   77  0.20 0.23 0.43 0.52
 7 20:12:21 20 3397   108  107   40   38   137  136   71   82  0.21 0.21 0.44 0.54
 8 20:12:41 20 3388   108  106   41   40   139  131   70   83  0.22 0.19 0.41 0.52
 9 20:13:01 20 3391   108  105   42   41   138  131   70   78  0.22 0.20 0.40 0.47
10 20:13:22 20 3386   108  103   43   42   139  128   74   79  0.22 0.20 0.42 0.47
;            Ch1    Ch2    Ch3    Ch4      blue   green  brown
;  alpha:   0.277  0.277 47812.37 254407.7     0.996 -0.000 146598.1
; ETRmax:   328.4  291.8 2735.8 6117.1    1176.5    0.0 8737.1
;     Ik:  1185.6 1053.2    0.1    0.0    1181.1    0.0    0.1
;References: BL_US PMDA0174.REF2 GR_US PMDA0174.REF2 BR_US PMDA0174.REF2