Gain: 20  Zoff: 235 240 160 162


17APR2018  22:02:05  Gain: 20  Zoff: 235 240 160 162
No   Time    G  PAR    F1   F2   F3   F4   Fm1  Fm2  Fm3  Fm4    Y1   Y2   Y3   Y4
 1 22:12:51 20 3377   150  131   98  109   285  245  204  232  0.47 0.47 0.52 0.53

;LTM_04172018_0m

17APR2018  22:13:25  Gain: 20  Zoff: 235 240 160 162
No   Time    G  PAR    F1   F2   F3   F4   Fm1  Fm2  Fm3  Fm4    Y1   Y2   Y3   Y4
 1 22:13:26 20 3390   148  123   87  101   279  232  183  220  0.47 0.47 0.52 0.54
 2 22:13:47 20 3390   134  112   81   93   272  214  173  215  0.51 0.48 0.53 0.57
 3 22:14:07 20 3387   130  111   81   93   251  212  173  207  0.48 0.48 0.53 0.55
 4 22:14:28 20 3388   131  113   83   96   231  201  160  194  0.43 0.44 0.48 0.51
 5 22:14:48 20 3391   128  109   84   96   212  185  151  184  0.40 0.41 0.44 0.48
 6 22:15:08 20 3386   123  105   83   95   200  177  147  175  0.39 0.41 0.44 0.46
 7 22:15:28 20 3387   121  102   83   94   191  173  142  171  0.37 0.41 0.42 0.45
 8 22:15:49 20 3383   118  100   83   94   179  162  135  160  0.34 0.38 0.39 0.41
 9 22:16:09 20 3387   117   99   83   93   179  159  130  156  0.35 0.38 0.36 0.40
10 22:16:29 20 3387   117   98   84   95   168  157  133  157  0.30 0.38 0.37 0.39
;            Ch1    Ch2    Ch3    Ch4      blue   green  brown
;  alpha:   0.390  0.415  0.448  0.486     0.462  0.829 42511.78
; ETRmax:   787.4  803.4  831.7  858.2     846.5 1667.5 3580.5
;     Ik:  2018.2 1936.3 1858.5 1765.5    1831.2 2012.5    0.1
;References: BL_US PMDA0174.REF2 GR_US PMDA0174.REF2 BR_US PMDA0174.REF2

;LTM_04172018_10m

17APR2018  22:40:30  Gain: 20  Zoff: 235 240 160 162
No   Time    G  PAR    F1   F2   F3   F4   Fm1  Fm2  Fm3  Fm4    Y1   Y2   Y3   Y4
 1 22:42:56 20 3381   953  606  691  747  1532  994 1153 1263  0.38 0.39 0.40 0.41

17APR2018  22:43:02  Gain: 20  Zoff: 235 240 160 162
No   Time    G  PAR    F1   F2   F3   F4   Fm1  Fm2  Fm3  Fm4    Y1   Y2   Y3   Y4
 1 22:43:03 20 3378   976  617  720  779  1520  970 1168 1269  0.36 0.36 0.38 0.39
 2 22:43:24 20 3392   879  560  653  700  1582 1015 1197 1313  0.44 0.45 0.45 0.47
 3 22:43:45 20 3390   951  608  699  754  1528  995 1139 1250  0.38 0.39 0.39 0.40
 4 22:44:05 20 3391  1015  647  744  806  1420  932 1049 1156  0.29 0.31 0.29 0.30
 5 22:44:25 20 3382  1052  670  777  846  1375  909 1030 1133  0.23 0.26 0.25 0.25
 6 22:44:45 20 3381  1056  671  782  856  1283  855  961 1056  0.18 0.22 0.19 0.19
 7 22:45:06 20 3388  1017  645  748  820  1220  810  905  993  0.17 0.20 0.17 0.17
 8 22:45:26 20 3389  1040  657  767  839  1243  819  923 1011  0.16 0.20 0.17 0.17
 9 22:45:46 20 3386  1073  683  799  868  1275  853  974 1060  0.16 0.20 0.18 0.18
10 22:46:06 20 3387  1145  730  865  944  1308  868 1003 1102  0.12 0.16 0.14 0.14
;            Ch1    Ch2    Ch3    Ch4      blue   green  brown
;  alpha:   0.277  0.276  0.277  0.277     0.276  0.277  0.312
; ETRmax:   366.5  437.5  394.5  410.6     360.1  326.5  740.0
;     Ik:  1323.3 1583.1 1425.3 1483.1    1302.4 1180.7 2372.8
;References: BL_US PMDA0174.REF2 GR_US PMDA0174.REF2 BR_US PMDA0174.REF2

;LTM_04172018_20m

17APR2018  22:48:38  Gain: 20  Zoff: 235 240 160 162
No   Time    G  PAR    F1   F2   F3   F4   Fm1  Fm2  Fm3  Fm4    Y1   Y2   Y3   Y4
 1 22:49:37 20 3378   208  182  134  148   364  326  251  291  0.43 0.44 0.47 0.49

17APR2018  22:49:42  Gain: 20  Zoff: 235 240 160 162
No   Time    G  PAR    F1   F2   F3   F4   Fm1  Fm2  Fm3  Fm4    Y1   Y2   Y3   Y4
 1 22:49:42 20 3393   213  184  140  155   360  316  250  289  0.41 0.42 0.44 0.46
 2 22:50:04 20 3392   205  177  132  145   403  333  276  320  0.49 0.47 0.52 0.55
 3 22:50:24 20 3385   206  180  133  146   369  327  255  293  0.44 0.45 0.48 0.50
 4 22:50:44 20 3383   210  184  137  152   334  311  234  268  0.37 0.41 0.41 0.43
 5 22:51:05 20 3383   214  188  142  157   319  303  225  261  0.33 0.38 0.37 0.40
 6 22:51:25 20 3387   220  191  147  162   307  294  222  252  0.28 0.35 0.34 0.36
 7 22:51:45 20 3391   223  193  149  166   307  295  217  253  0.27 0.35 0.31 0.34
 8 22:52:05 20 3384   228  196  156  173   305  288  222  258  0.25 0.32 0.30 0.33
 9 22:52:26 20 3390   234  199  162  180   304  288  226  255  0.23 0.31 0.28 0.29
10 22:52:46 20 3389   235  199  164  182   296  285  223  251  0.21 0.30 0.26 0.27
;            Ch1    Ch2    Ch3    Ch4      blue   green  brown
;  alpha:   0.302  0.356  0.352  0.379    117928.2 -0.000  0.352
; ETRmax:   736.6  761.5  761.1  782.2    6671.3    0.0  760.4
;     Ik:  2435.4 2140.0 2160.9 2064.8       0.1    0.0 2162.1
;References: BL_US PMDA0174.REF2 GR_US PMDA0174.REF2 BR_US PMDA0174.REF2

;LTM_04172018_30m

17APR2018  22:31:09  Gain: 20  Zoff: 235 240 160 162
No   Time    G  PAR    F1   F2   F3   F4   Fm1  Fm2  Fm3  Fm4    Y1   Y2   Y3   Y4
 1 22:34:41 20 3383    98  128   61   69   194  235  137  165  0.49 0.46 0.55 0.58

17APR2018  22:34:51  Gain: 20  Zoff: 235 240 160 162
No   Time    G  PAR    F1   F2   F3   F4   Fm1  Fm2  Fm3  Fm4    Y1   Y2   Y3   Y4
 1 22:34:51 20 3395    99  125   65   73   182  231  135  161  0.46 0.46 0.52 0.55
 2 22:35:13 20 3385    93  122   59   67   188  225  133  155  0.51 0.46 0.56 0.57
 3 22:35:33 20 3391    93  124   59   67   182  229  135  156  0.49 0.46 0.56 0.57
 4 22:35:53 20 3385    93  127   61   68   166  231  125  149  0.44 0.45 0.51 0.54
 5 22:36:13 20 3395    93  128   62   69   160  224  126  145  0.42 0.43 0.51 0.52
 6 22:36:34 20 3386    93  129   63   71   154  222  122  141  0.40 0.42 0.48 0.50
 7 22:36:54 20 3388    93  129   65   72   147  217  118  141  0.37 0.41 0.45 0.49
 8 22:37:14 20 3392    94  129   66   74   147  214  119  141  0.36 0.40 0.45 0.48
 9 22:37:34 20 3388    94  130   67   75   146  211  117  136  0.36 0.38 0.43 0.45
10 22:37:55 20 3391    95  130   69   77   146  208  118  137  0.35 0.38 0.42 0.44
;            Ch1    Ch2    Ch3    Ch4      blue   green  brown
;  alpha:   0.404  0.416 33726.89  0.536     0.544 -0.000 301010.7
; ETRmax:   797.5  803.4 3267.4  884.3     899.5    0.0 3633.0
;     Ik:  1976.3 1930.6    0.1 1648.7    1652.8    0.0    0.0
;References: BL_US PMDA0174.REF2 GR_US PMDA0174.REF2 BR_US PMDA0174.REF2

;LTM_04172018_40m

17APR2018  22:54:59  Gain: 20  Zoff: 235 240 160 162
No   Time    G  PAR    F1   F2   F3   F4   Fm1  Fm2  Fm3  Fm4    Y1   Y2   Y3   Y4
 1 22:57:44 20 3378    71  141   49   53   145  252  115  137  0.51 0.44 0.57 0.61

17APR2018  22:57:52  Gain: 20  Zoff: 235 240 160 162
No   Time    G  PAR    F1   F2   F3   F4   Fm1  Fm2  Fm3  Fm4    Y1   Y2   Y3   Y4
 1 22:57:52 20 3390    72  140   53   57   141  247  116  134  0.49 0.43 0.54 0.57
 2 22:58:14 20 3396    65  132   47   50   152  259  121  142  0.57 0.49 0.61 0.65
 3 22:58:34 20 3392    66  134   47   50   145  256  111  132  0.54 0.48 0.58 0.62
 4 22:58:54 20 3392    66  136   48   52   137  255  109  128  0.52 0.47 0.56 0.59
 5 22:59:15 20 3388    66  136   49   53   124  245  106  124  0.47 0.44 0.54 0.57
 6 22:59:35 20 3392    67  137   50   54   124  241  101  124  0.46 0.43 0.50 0.56
 7 22:59:55 20 3389    67  137   51   56   122  236  103  122  0.45 0.42 0.50 0.54
 8 23:00:15 20 3395    67  138   53   57   118  233  105  120  0.43 0.41 0.50 0.53
 9 23:00:36 20 3393    67  139   55   59   116  233  103  117  0.42 0.40 0.47 0.50
10 23:00:56 20 3388    68  140   56   60   115  230  102  119  0.41 0.39 0.45 0.50
;            Ch1    Ch2    Ch3    Ch4      blue   green  brown
;  alpha:  132865.5  0.433 118977.9  0.615     0.602 -0.000 106575.0
; ETRmax:  3480.1  817.2 3443.8  949.7     939.6    0.0 3171.3
;     Ik:     0.0 1887.1    0.0 1544.2    1559.7    0.0    0.0
;References: BL_US PMDA0174.REF2 GR_US PMDA0174.REF2 BR_US PMDA0174.REF2

;LTM_04172018_50m

17APR2018  23:02:17  Gain: 20  Zoff: 235 240 160 162
No   Time    G  PAR    F1   F2   F3   F4   Fm1  Fm2  Fm3  Fm4    Y1   Y2   Y3   Y4
 1 23:02:49 20 3385    90  152   56   63   172  269  124  151  0.48 0.43 0.55 0.58

17APR2018  23:02:53  Gain: 20  Zoff: 235 240 160 162
No   Time    G  PAR    F1   F2   F3   F4   Fm1  Fm2  Fm3  Fm4    Y1   Y2   Y3   Y4
 1 23:02:53 20 3389    93  154   60   68   165  261  123  149  0.44 0.41 0.51 0.54
 2 23:03:14 20 3391    86  145   54   60   188  284  130  160  0.54 0.49 0.58 0.63
 3 23:03:35 20 3394    94  152   56   63   182  286  133  155  0.48 0.47 0.58 0.59
 4 23:03:55 20 3390    85  148   55   62   152  275  120  147  0.44 0.46 0.54 0.58
 5 23:04:15 20 3392    80  146   55   61   149  265  119  140  0.46 0.45 0.54 0.56
 6 23:04:35 20 3388    80  146   56   63   140  256  117  138  0.43 0.43 0.52 0.54
 7 23:04:56 20 3389    81  148   58   64   138  256  112  134  0.41 0.42 0.48 0.52
 8 23:05:16 20 3392    81  149   60   67   136  253  115  130  0.40 0.41 0.48 0.48
 9 23:05:36 20 3385    82  149   61   68   133  252  114  132  0.38 0.41 0.46 0.48
10 23:05:57 20 3383    82  150   63   69   132  248  111  132  0.38 0.40 0.43 0.48
;            Ch1    Ch2    Ch3    Ch4      blue   green  brown
;  alpha:  125575.4 35394.56 17862643 73151874    1391080. -0.000 51736.98
; ETRmax:  3976.6 3470.7 3358.9 4468.6    3589.4    0.0 3540.4
;     Ik:     0.0    0.1    0.0    0.0       0.0    0.0    0.1
;References: BL_US PMDA0174.REF2 GR_US PMDA0174.REF2 BR_US PMDA0174.REF2

;LTM_04172018_60m

17APR2018  23:06:09  Gain: 20  Zoff: 235 240 160 162
No   Time    G  PAR    F1   F2   F3   F4   Fm1  Fm2  Fm3  Fm4    Y1   Y2   Y3   Y4
 1 23:08:18 20 3391   130  187   87   94   236  301  163  189  0.45 0.38 0.47 0.50

17APR2018  23:08:25  Gain: 20  Zoff: 235 240 160 162
No   Time    G  PAR    F1   F2   F3   F4   Fm1  Fm2  Fm3  Fm4    Y1   Y2   Y3   Y4
 1 23:08:25 20 3388   132  187   91   98   227  299  154  182  0.42 0.37 0.41 0.46
 2 23:08:47 20 3394   118  173   66   75   251  317  153  183  0.53 0.45 0.57 0.59
 3 23:09:07 20 3389   125  181   68   78   240  327  151  177  0.48 0.45 0.55 0.56
 4 23:09:27 20 3385   126  184   71   80   227  317  143  170  0.44 0.42 0.50 0.53
 5 23:09:47 20 3390   127  187   72   83   214  306  144  168  0.41 0.39 0.50 0.51
 6 23:10:08 20 3391   130  190   76   87   213  307  138  168  0.39 0.38 0.45 0.48
 7 23:10:28 20 3392   133  193   80   91   205  303  141  166  0.35 0.36 0.43 0.45
 8 23:10:48 20 3396   133  194   81   94   200  299  141  166  0.34 0.35 0.43 0.43
 9 23:11:09 20 3390   132  194   82   94   194  294  134  162  0.32 0.34 0.39 0.42
10 23:11:29 20 3383   131  193   83   94   192  292  139  162  0.32 0.34 0.40 0.42
;            Ch1    Ch2    Ch3    Ch4      blue   green  brown
;  alpha:   0.385  0.369  0.468  0.498    215928.7 -0.000  0.398
; ETRmax:   786.8  772.2  844.0  869.6    3307.1    0.0  794.9
;     Ik:  2043.4 2093.0 1803.6 1744.5       0.0    0.0 1996.2
;References: BL_US PMDA0174.REF2 GR_US PMDA0174.REF2 BR_US PMDA0174.REF2

;LTM_04172018_70m

17APR2018  23:11:36  Gain: 20  Zoff: 235 240 160 162
No   Time    G  PAR    F1   F2   F3   F4   Fm1  Fm2  Fm3  Fm4    Y1   Y2   Y3   Y4
 1 23:13:10 20 3391   104  115   59   69   201  198  129  158  0.48 0.42 0.54 0.56

17APR2018  23:13:14  Gain: 20  Zoff: 235 240 160 162
No   Time    G  PAR    F1   F2   F3   F4   Fm1  Fm2  Fm3  Fm4    Y1   Y2   Y3   Y4
 1 23:13:14 20 3388   106  114   63   73   196  188  131  155  0.46 0.39 0.52 0.53
 2 23:13:36 20 3391    91  104   54   62   210  202  134  164  0.57 0.49 0.60 0.62
 3 23:13:56 20 3393    96  109   55   65   200  198  130  156  0.52 0.45 0.58 0.58
 4 23:14:16 20 3391   101  113   59   69   188  197  125  149  0.46 0.43 0.53 0.54
 5 23:14:36 20 3390   104  116   61   72   178  184  118  146  0.42 0.37 0.48 0.51
 6 23:14:57 20 3392   107  118   65   75   176  181  119  143  0.39 0.35 0.45 0.48
 7 23:15:17 20 3388   109  119   67   78   172  175  115  136  0.37 0.32 0.42 0.43
 8 23:15:37 20 3385   110  118   68   79   164  173  114  139  0.33 0.32 0.40 0.43
 9 23:15:58 20 3388   111  118   69   81   165  169  114  138  0.33 0.30 0.39 0.41
10 23:16:18 20 3389   112  118   71   82   161  171  113  135  0.30 0.31 0.37 0.39
;            Ch1    Ch2    Ch3    Ch4      blue   green  brown
;  alpha:  202187.9 72504.65 82995.58 872493.8    516844.6 -0.000 287182.7
; ETRmax:  2269.1 4210.4 3055.5 3422.1    3352.2    0.0 2469.9
;     Ik:     0.0    0.1    0.0    0.0       0.0    0.0    0.0
;References: BL_US PMDA0174.REF2 GR_US PMDA0174.REF2 BR_US PMDA0174.REF2

;LTM_04172018_80m

17APR2018  23:16:26  Gain: 20  Zoff: 235 240 160 162
No   Time    G  PAR    F1   F2   F3   F4   Fm1  Fm2  Fm3  Fm4    Y1   Y2   Y3   Y4
 1 23:18:09 20 3376   150  161  134  136   260  289  234  255  0.42 0.44 0.43 0.47

17APR2018  23:18:19  Gain: 20  Zoff: 235 240 160 162
No   Time    G  PAR    F1   F2   F3   F4   Fm1  Fm2  Fm3  Fm4    Y1   Y2   Y3   Y4
 1 23:18:20 20 3386   148  158  135  137   256  285  236  257  0.42 0.45 0.43 0.47
 2 23:18:41 20 3389   138  150  124  124   278  295  239  260  0.50 0.49 0.48 0.52
 3 23:19:01 20 3391   134  150  117  119   250  286  220  242  0.46 0.48 0.47 0.51
 4 23:19:22 20 3392   131  150  111  114   224  275  199  218  0.42 0.45 0.44 0.48
 5 23:19:42 20 3392   129  150  105  109   213  264  180  200  0.39 0.43 0.42 0.46
 6 23:20:02 20 3391   129  151  101  106   205  259  169  194  0.37 0.42 0.40 0.45
 7 23:20:22 20 3386   128  151   98  104   196  251  161  180  0.35 0.40 0.39 0.42
 8 23:20:43 20 3391   128  151   97  103   191  245  157  174  0.33 0.38 0.38 0.41
 9 23:21:03 20 3391   128  151   94  103   186  241  147  169  0.31 0.37 0.36 0.39
10 23:21:23 20 3391   129  151   93  101   184  236  145  165  0.30 0.36 0.36 0.39
;            Ch1    Ch2    Ch3    Ch4      blue   green  brown
;  alpha:   0.369 227526.4 149839.3 806102.1     0.391 -0.000 462584.0
; ETRmax:   772.9 3123.1 8206.7 3523.3     788.0    0.0 3059.9
;     Ik:  2094.8    0.0    0.1    0.0    2014.4    0.0    0.0
;References: BL_US PMDA0174.REF2 GR_US PMDA0174.REF2 BR_US PMDA0174.REF2

;LTM_04172018_90m

17APR2018  23:21:47  Gain: 20  Zoff: 235 240 160 162
No   Time    G  PAR    F1   F2   F3   F4   Fm1  Fm2  Fm3  Fm4    Y1   Y2   Y3   Y4
 1 23:23:25 20 3378    93   77   56   66   160  126  110  135  0.42 0.39 0.49 0.51

17APR2018  23:23:36  Gain: 20  Zoff: 235 240 160 162
No   Time    G  PAR    F1   F2   F3   F4   Fm1  Fm2  Fm3  Fm4    Y1   Y2   Y3   Y4
 1 23:23:36 20 3386    85   66   54   62   150  123  106  128  0.43 0.46 0.49 0.52
 2 23:23:57 20 3396    74   60   46   52   161  125  107  132  0.54 0.52 0.57 0.61
 3 23:24:18 20 3391    80   65   49   56   156  123  109  130  0.49 0.47 0.55 0.57
 4 23:24:38 20 3387    83   66   51   59   146  118   95  126  0.43 0.44 0.46 0.53
 5 23:24:58 20 3390    84   66   53   61   141  111   97  119  0.40 0.41 0.45 0.49
 6 23:25:19 20 3383    84   65   54   62   130  110   95  112  0.35 0.41 0.43 0.45
 7 23:25:39 20 3388    83   64   54   62   129  107   95  111  0.36 0.40 0.43 0.44
 8 23:25:59 20 3385    83   63   55   64   125  101   93  112  0.34 0.38 0.41 0.43
 9 23:26:19 20 3390    83   63   57   64   124  103   90  111  0.33 0.39 0.37 0.42
10 23:26:40 20 3390    84   62   58   66   122   96   93  112  0.31 0.35 0.38 0.41
;            Ch1    Ch2    Ch3    Ch4      blue   green  brown
;  alpha:   0.385 57106.87  0.456  0.501     0.502 76526.28  0.401
; ETRmax:   783.9 2989.5  841.8  866.7     869.3 3030.9  797.7
;     Ik:  2038.1    0.1 1847.8 1731.5    1732.4    0.0 1989.1
;References: BL_US PMDA0174.REF2 GR_US PMDA0174.REF2 BR_US PMDA0174.REF2

;LTM_04172018_100m

17APR2018  23:29:19  Gain: 20  Zoff: 235 240 160 162
No   Time    G  PAR    F1   F2   F3   F4   Fm1  Fm2  Fm3  Fm4    Y1   Y2   Y3   Y4
 1 23:29:37 20 3385    57   52   32   37   110  103   79   99  0.48 0.50 0.59 0.63

17APR2018  23:29:42  Gain: 20  Zoff: 235 240 160 162
No   Time    G  PAR    F1   F2   F3   F4   Fm1  Fm2  Fm3  Fm4    Y1   Y2   Y3   Y4
 1 23:29:43 20 3387    55   47   35   40   106   88   77   98  0.48 0.47 0.55 0.59
 2 23:30:04 20 3385    42   40   27   30   104   95   81   99  0.60 0.58 0.67 0.70
 3 23:30:24 20 3390    44   42   28   32   106   95   80   91  0.58 0.56 0.65 0.65
 4 23:30:45 20 3386    46   43   30   34    98   93   76   88  0.53 0.54 0.61 0.61
 5 23:31:05 20 3389    47   43   32   36    94   85   74   90  0.50 0.49 0.57 0.60
 6 23:31:25 20 3390    48   43   33   37    88   84   75   88  0.45 0.49 0.56 0.58
 7 23:31:45 20 3387    47   41   34   37    90   81   68   88  0.48 0.49 0.50 0.58
 8 23:32:06 20 3391    47   40   34   38    84   78   66   84  0.44 0.49 0.48 0.55
 9 23:32:26 20 3385    47   40   35   39    84   76   68   83  0.44 0.47 0.49 0.53
10 23:32:46 20 3386    48   39   37   41    81   75   72   83  0.41 0.48 0.49 0.51
;            Ch1    Ch2    Ch3    Ch4      blue   green  brown
;  alpha:   0.508  0.502  0.603  0.659     0.679 -0.000  0.558
; ETRmax:   873.3 1243.0  941.0  974.9     988.1    0.0  910.7
;     Ik:  1720.4 2474.1 1561.5 1479.3    1455.3    0.0 1632.1
;References: BL_US PMDA0174.REF2 GR_US PMDA0174.REF2 BR_US PMDA0174.REF2

;LTM_04172018_110m

17APR2018  23:35:26  Gain: 20  Zoff: 235 240 160 162
No   Time    G  PAR    F1   F2   F3   F4   Fm1  Fm2  Fm3  Fm4    Y1   Y2   Y3   Y4
 1 23:35:46 20 3387    29   30   17   20    83   71   62   78  0.65 0.58 ---- ----

17APR2018  23:35:55  Gain: 20  Zoff: 235 240 160 162
No   Time    G  PAR    F1   F2   F3   F4   Fm1  Fm2  Fm3  Fm4    Y1   Y2   Y3   Y4
 1 23:35:55 20 3384    30   27   21   24    81   68   67   81  0.63 0.60 0.69 0.70
 2 23:36:17 20 3387    25   26   17   19    84   78   62   80  0.70 0.67 ---- ----
 3 23:36:37 20 3390    26   26   17   20    80   73   60   75  0.68 0.64 ---- ----
 4 23:36:57 20 3388    28   27   19   22    76   76   62   74  0.63 0.64 ---- 0.70
 5 23:37:18 20 3380    28   27   20   23    77   68   61   76  0.64 0.60 ---- 0.70
 6 23:37:38 20 3384    30   27   22   25    73   65   60   72  0.59 0.58 0.63 0.65
 7 23:37:58 20 3388    30   27   23   27    67   65   59   74  0.55 0.58 0.61 0.64
 8 23:38:18 20 3384    32   27   25   29    65   63   59   71  0.51 0.57 0.58 0.59
 9 23:38:39 20 3386    31   26   26   29    65   60   58   74  0.52 0.57 0.55 0.61
10 23:38:59 20 3388    32   25   27   30    64   59   58   69  0.50 0.58 0.53 0.57
;            Ch1    Ch2    Ch3    Ch4      blue   green  brown
;  alpha:   0.666  0.681  0.673  0.752     0.801 -0.000  0.739
; ETRmax:   982.0  995.9  986.3 1038.8    1070.5    0.0 1030.9
;     Ik:  1473.7 1461.4 1465.2 1381.8    1336.4    0.0 1394.5
;References: BL_US PMDA0174.REF2 GR_US PMDA0174.REF2 BR_US PMDA0174.REF2

;LTM_04172018_120m

17APR2018  23:39:07  Gain: 20  Zoff: 235 240 160 162
No   Time    G  PAR    F1   F2   F3   F4   Fm1  Fm2  Fm3  Fm4    Y1   Y2   Y3   Y4
 1 23:41:05 20 3392    65   68   22   23   108   99   58   75  0.40 0.31 0.62 0.69

17APR2018  23:41:18  Gain: 20  Zoff: 235 240 160 162
No   Time    G  PAR    F1   F2   F3   F4   Fm1  Fm2  Fm3  Fm4    Y1   Y2   Y3   Y4
 1 23:41:18 20 3383    61   61   21   21   103   95   60   70  0.41 0.36 0.65 0.70
 2 23:41:40 20 3383    59   61   19   18   104   99   59   70  0.43 0.38 ---- ----
 3 23:42:00 20 3386    58   61   19   18   103   93   58   68  0.44 0.34 ---- ----
 4 23:42:21 20 3392    58   59   20   19    97   89   56   66  0.40 0.34 ---- ----
 5 23:42:41 20 3384    58   58   21   20    94   87   57   62  0.38 0.33 0.63 ----
 6 23:43:01 20 3388    58   57   22   21    95   82   57   63  0.39 0.30 0.61 0.67
 7 23:43:21 20 3390    58   55   23   22    90   85   55   65  0.36 0.35 0.58 0.66
 8 23:43:42 20 3383    58   54   24   23    90   79   56   62  0.36 0.32 0.57 0.63
 9 23:44:02 20 3391    58   53   25   24    90   81   57   65  0.36 0.35 0.56 0.63
10 23:44:22 20 3391    59   53   26   26    91   77   57   64  0.35 0.31 0.54 0.59
;            Ch1    Ch2    Ch3    Ch4      blue   green  brown
;  alpha:   0.370  0.314  0.665  0.757     1.074 -0.000  0.400
; ETRmax:   772.4  734.9  980.3 1041.0    1209.8    0.0  796.7
;     Ik:  2085.2 2340.5 1474.5 1375.3    1126.3    0.0 1992.8
;References: BL_US PMDA0174.REF2 GR_US PMDA0174.REF2 BR_US PMDA0174.REF2

;LTM_04172018_130m

17APR2018  23:46:13  Gain: 20  Zoff: 235 240 160 162
No   Time    G  PAR    F1   F2   F3   F4   Fm1  Fm2  Fm3  Fm4    Y1   Y2   Y3   Y4
 1 23:46:36 20 3377    40   58   20   21    95  116   67   76  0.58 0.50 ---- 0.72

17APR2018  23:46:42  Gain: 20  Zoff: 235 240 160 162
No   Time    G  PAR    F1   F2   F3   F4   Fm1  Fm2  Fm3  Fm4    Y1   Y2   Y3   Y4
 1 23:46:43 20 3389    42   57   24   26    96  106   68   82  0.56 0.46 0.65 0.68
 2 23:47:04 20 3389    36   54   20   20    96  115   65   84  0.63 0.53 ---- ----
 3 23:47:24 20 3384    38   56   20   21    92  108   67   83  0.59 0.48 ---- 0.75
 4 23:47:45 20 3391    39   57   22   23    88  105   63   82  0.56 0.46 0.65 0.72
 5 23:48:05 20 3393    40   57   23   25    86  103   63   82  0.53 0.45 0.63 0.70
 6 23:48:25 20 3384    41   57   25   27    82  105   62   77  0.50 0.46 0.60 0.65
 7 23:48:45 20 3384    41   55   26   27    78  101   61   78  0.47 0.46 0.57 0.65
 8 23:49:06 20 3387    40   54   27   29    80   96   66   75  0.50 0.44 0.59 0.61
 9 23:49:26 20 3389    40   54   28   30    74   94   63   74  0.46 0.43 0.56 0.59
10 23:49:46 20 3381    40   53   29   31    73   90   63   76  0.45 0.41 0.54 0.59
;            Ch1    Ch2    Ch3    Ch4      blue   green  brown
;  alpha:   0.556  0.458  0.673 62677.21     0.902 -0.000  0.517
; ETRmax:   910.2  844.4  986.7 4163.6    1126.5    0.0  885.5
;     Ik:  1636.3 1843.2 1465.2    0.1    1248.2    0.0 1711.6
;References: BL_US PMDA0174.REF2 GR_US PMDA0174.REF2 BR_US PMDA0174.REF2

;LTM_04172018_140m

17APR2018  23:49:55  Gain: 20  Zoff: 235 240 160 162
No   Time    G  PAR    F1   F2   F3   F4   Fm1  Fm2  Fm3  Fm4    Y1   Y2   Y3   Y4
 1 23:51:42 20 3385    55   64   18   18    96   91   51   68  0.43 0.30 ---- ----

17APR2018  23:51:50  Gain: 20  Zoff: 235 240 160 162
No   Time    G  PAR    F1   F2   F3   F4   Fm1  Fm2  Fm3  Fm4    Y1   Y2   Y3   Y4
 1 23:51:50 20 3391    55   60   21   21    94   89   59   67  0.41 0.33 0.64 0.69
 2 23:52:11 20 3385    52   61   17   17    98   90   57   66  0.47 0.32 ---- ----
 3 23:52:32 20 3380    53   62   17   17    96   95   53   65  0.45 0.35 ---- ----
 4 23:52:52 20 3387    54   62   19   19    94   95   58   72  0.43 0.35 ---- ----
 5 23:53:12 20 3385    56   64   21   22    92   93   53   67  0.39 0.31 0.60 0.67
 6 23:53:32 20 3387    58   64   23   25    95   95   54   69  0.39 0.33 0.57 0.64
 7 23:53:53 20 3390    60   64   25   27    92   90   58   68  0.35 0.29 0.57 0.60
 8 23:54:13 20 3384    60   64   27   28    90   87   60   71  0.33 0.26 0.55 0.61
 9 23:54:33 20 3388    61   63   28   30    89   85   59   66  0.31 0.26 0.53 0.55
10 23:54:54 20 3381    61   62   30   31    85   86   63   72  0.28 0.28 0.52 0.57
;            Ch1    Ch2    Ch3    Ch4      blue   green  brown
;  alpha:  69381.41 4459.917 191943.6  0.704     1.057 -0.000  0.366
; ETRmax:  3995.7 3558.7 4115.7 1008.0    1203.0    0.0  770.3
;     Ik:     0.1    0.8    0.0 1431.2    1138.6    0.0 2102.1
;References: BL_US PMDA0174.REF2 GR_US PMDA0174.REF2 BR_US PMDA0174.REF2